6303
-224
1131
-4167
4126
-5061
1729
-3487
-4434
1112
-5225
9846
-7705
-6266
7806
3255
-5654
508
-7183
-3618
-5237
-5169
8758
1594
-6784
-5756
4580
1440
-904
5785
-5519
9122
-5485
-1137
1849
756
-8301
-4628
3991
8150
-4793
1389
9665
8829
-986
3907
-4086
9305
-8881
-9095
7545
9844
-670
5525
-527
8477
5397
4429
9798
-5037
7328
3773
6046
-3608
6835
-7844
-8240
-4839
6806
217
-8769
9441
-3720
-4778
335
4348
1617
5497
-7571
-926
-7681
-1127
2754
6572
-4523
-2680
-435
-8578
-7754
-8423
-8016
-1565
689
4629
-9358
-3100
-4989
1472
-8379
-6393
5047
8898
-5952
9599
1482
-4175
3677
3557
4395
6782
9571
-9713
-6665
-6172
3909
-9298
-4031
-5179
2293
2436
-6654
-7886
563
138
-5443
-8428
-3699
-2851
-7249
-6808
7697
803
-3195
-9780
5157
1785
425
-5917
-2109
-8995
9312
-5159
1789
4529
-9607
973
-426
928
-2876
-8625
5109
755
1003
-7542
-5765
-7743
-8785
7497
-8195
-4920
-9957
4725
2311
2436
-1005
-5576
-6917
-8795
6288
7357
-2802
-1653
-5467
5874
-3150
-2179
-7743
-9733
8336
6259
-7041
2505
-2693
-1032
7885
-1042
-7078
-2545
-2994
6643
-2732
3294
-487
-5063
7569
91
4163
-5800
8659
8732
-3432
-5016
-6690
1659
8900
2085
-8577
9758
-420
683
-8724
3306
3138
8743
177
370
-3261
-4608
6834
-6820
-6167
6167
3110
-9510
-6433
-6692
-5157
-4069
8119
8400
-4549
-225
-8342
3084
-3746
6806
-2658
495
-6622
4562
-7688
477
6511
6248
3241
2833
-9489
-5922
-5062
6502
-4836
4469
-8610
7773
-380
1881
-2535
-7538
2868
2225
-6758
1859
-4317
-9989
-2074
1486
3065
2366
-14
3202
3686
2622
-2311
-4975
6938
7249
-6152
7535
-5345
-520
-1880
-3299
-4290
3700
-7418
-6051
6058
-5217
-4847
2666
-9776
2570
-4029
-4980
136
4068
-3644
-6580
6896
-9780
2163
4268
2634
5207
-7138
-1761
7491
-8653
-6806
-3978
-876
-3092
-5439
-8075
355
5793
-7520
-9387
-2484
2281
-9205
-6003
9236
-7288
-2736
7039
3169
-5410
7218
-1098
-9295
-5591
1775
-1582
4962
-2191
2717
-7582
-9926
545
-6972
-1338
-2141
5907
8198
-7826
-2547
-7307
4020
5627
-822
-4825
7909
6366
8312
-5076
8037
1841
-7759
-5265
-1172
9239
-6419
7417
1691
-8077
-8776
-836
-5283
-990
-1035
-8296
2583
9400
4130
-1442
7943
6386
3474
2063
-9385
-5739
-1942
-1553
214
9837
4512
1512
-6333
5782
6248
8395
324
5106
2973
-6078
-6500
855
-4725
3418
-5755
-1917
839
-6323
-4542
-2981
2090
-5430
-4059
-5280
951
-637
-8779
8671
-9198
-7350
2906
-9305
-8843
4727
-792
-8360
9199
-7385
1197
5986
-6637
9444
3886
4973
-8046
9458
9321
1949
-1480
2161
-2970
-4758
3548
4488
-1758
-9453
-9775
9501
-3049
7672
9141
7660
3138
3048
1752
2604
-2290
-3850
-2340
-2167
4197
7462
-9009
8934
6516
-571
-9666
-4614
4941
8638
7299
210
9965
6251
6832
-8395
6353
-6594
5114
6692
-4625
4916
6299
6808
5369
-8576
9370
-8636
6699
-5341
8466
-4567
8149
-8910
5999
-9108
-8082
4533
2212
-3612
-9285
-8866
-9931
-5318
-8534
-6184
7429
-1388
8953
8407
3620
-633
-4053
1388
1426
962
4480
-5062
-6824
2181
-3930
-9606
7125
-5688
6028
-8496
-3507
3608
-7898
-7859
-949
7669
-479
-581
4571
9530
-1176
6958
1073
3826
-3947
-1142
9263
-7822
1137
-9230
383
5883
-1121
2925
-5129
-5414
7190
6357
1759
-7206
9797
-3075
-9836
6706
-3476
-6268
-8424
-8223
-5502
-2175
-8135
4151
-7688
-8897
-8391
-4403
3549
-8845
480
8034
734
8833
5932
-2869
-754
6419
7563
-2472
3476
3736
1014
-1971
-6809
3969
3537
-2553
4930
-7615
5567
2421
9347
7184
581
-5898
-1144
-6606
-473
1150
-8424
-581
5864
6319
-9571
2880
-1341
658
-5760
7829
1396
485
-1093
-6958
7812
1532
-6860
6211
2018
-2042
-5062
-6170
4893
-7441
-1339
3270
2057
2722
-1804
7127
8330
-8824
731
-6074
-3985
5725
-9818
8072
7932
5039
1419
-9915
-3724
-5594
7312
745
-5496
2807
-9006
-639
7291
-2947
9724
7408
5116
-3494
2615
3624
-570
1614
8124
8923
8699
-2359
4104
9731
-1347
-7666
5710
5804
7719
1427
-2584
-6115
2541
-7023
-1354
9253
-3850
-8791
8082
5686
-5131
-3268
-4209
6412
9144
7839
9349
-9494
617
-6910
-8398
-7375
9438
5997
-153
226
499
1125
1037
-4315
-2271
-287
-5610
-6135
-3799
6639
-3719
-2661
-7360
7895
6138
-9662
1699
6029
-6616
7710
-1835
-9529
-7051
1933
-1526
-4112
-3159
8341
1037
-3447
-6726
3531
3870
-2639
1241
8585
-4805
-2667
-2470
9560
-9170
1978
-4498
7364
4003
-8695
907
-94
8385
7571
2977
3034
-5071
4984
-6148
-9196
1915
-2692
5625
9956
352
-4580
5357
-7957
-3977
6539
-3534
9112
3443
-4798
-3163
1106
3397
2011
1347
-7910
-3285
-3389
-2775
-1832
-9222
4681
8417
-1990
-7684
4636
3296
-2138
-3159
-9279
680
-7027
-6921
8437
-5383
-2217
3181
-9472
-4701
-2643
-7084
-2871
-64
4465
-6571
9201
-9208
-7604
5588
-5179
8236
-631
5541
4882
-7235
9669
-3378
-7459
-9337
9036
-6897
9362
6718
-8200
8757
-7044
7500
5595
6391
-5364
-7303
-5185
-1722
1072
-8405
8332
-4703
3929
3596
6438
-5747
4561
-2391
-246
-3809
-6219
1271
4302
-4343
112
9561
-2635
2991
4544
1078
2439
4976
4191
6996
3553
6866
7883
588
9
8561
2469
8891
4372
-7874
-9714
-6482
7324
-7515
-4880
-1139
-5668
9153
6883
-8008
-8836
7351
7311
-8110
8446
3884
5068
9932
-8731
-5764
7189
6192
6753
-6874
902
1353
6563
-3210
9371
-6420
-2871
8571
6935
-5594
-6463
-2229
-9834
-5454
7432
-4784
-9779
5510
6292
6615
-5197
-6844
-243
2182
-3426
8689
1227
-1188
-428
208
879
8558
-1528
1344
-1018
3161
8777
-4551
6354
-2436
4360
-6526
-534
-8136
-5509
4957
6534
-9213
4064
-501
-1829
-6307
1214
-6164
4795
-8163
7200
-3915
3285
-2699
3617
8695
5238
3331
440
-7441
-304
-1365
-2104
-9763
2647
-877
5831
-3616
1699
8580
-131
-714
8759
2499
-1375
7121
6527
3132
-5460
-8518
3020
6089
-8844
4971
3747
5842
-9252
1083
-1853
9016
-9696
4171
-8080
-3570
-7829
-3869
8389
6970
-819
-4435
4068
-6350
7543
6299
-8477
8700
-1263
-7621
4514
-8187
-8313
7831
-1488
-8901
-8683
-2368
4480
-686
2694
9943
-8420
-3651
-6461
-4370
6837
-6343
3830
8188
-9209
2791
-7834
-7485
9156
-3340
6849
-7820
3344
801
-6740
6529
-1805
-9626
9193
2242
-5086
-4695
2484
-5864
-1133
-4607
575
-1872
-1955
3097
1646
8401
5114
-7178
-2953
-185
8430
-8523
8432
5450
-5269
-955
46
-7014
7397
2069
50
-3140
261
-7201
-1992
6319
-1856
-845
1477
5288
7115
-9536
-401
6735
5002
7638
-5870
-9449
-9449
-9676
-1127
9962
-4828
4573
8968
-5738
6178
126
2953
-8361
5245
7386
-3785
-2629
5214
8884
-9854
-3990
7239
4697
7823
-8053
-4007
8730
-6905
1044
9955
6808
-8919
-6574
-4673
7696
5910
-4829
8806
4239
3571
-5502
-4845
4924
1822
-6887
8569
-1229
7598
-9548
8569
-7591
9466
2995
-1637
-5566
-6068
5813
-8016
795
-1091
5008
-7771
9833
-3342
-7146
-8008
-8704
-9904
-8343
4901
-2350
-9801
9970
5212
-7620
-526
-8731
-6026
-7828
5771
-8141
-3944
6246
-9026
8621
5241
7290
5794
-2726
-783
-7369
3303
3477
-4112
7646
4903
98
-5996
2370
-105
-652
-1137
-8839
5345
1563
5769
-1916
494
-9019
8651
390
-4516
8076
4267
-3655
-1332
-6749
1436
-2568
-797
-1736
-3815
3346
8232
-530
-3038
-221
9959
-4742
4993
8697
1635
5738
-42
-3062
9204
-966
-9125
-6244
8548
8458
6419
2261
-8200
-8048
1838
-2645
-4207
-2116
8019
5725
1728
6245
7551
9367
-4761
2174
-3891
8778
9049
5600
6731
-3331
-1327
6862
7907
-2643
-8218
-2529
-8980
5319
6279
4292
6717
-238
-653
-7164
-7765
-573
1866
-9975
7864
1061
-3719
-7387
-3432
8000
-5740
6146
-6015
3701
1806
-7901
-8227
-8440
4481
5766
9654
391
-3603
-3705
9773
-6408
7564
2170
-9786
-5560
-6032
-1328
5207
-763
3255
-6605
-8886
5236
-5492
1290
-6949
-3785
-2404
-7700
-8573
7526
8376
-5433
-383
8674
7333
7146
2801
-563
3424
1007
8348
8282
-8314
-1290
4998
2434
6706
5610
-7809
1169
1783
8860
-5411
-9994
-1860
-1641
3059
-4851
2030
-1720
813
-3301
7105
-8444
-4474
4673
-8407
8211
-9876
-4832
-1396
390
7134
4543
-3180
3633
2449
318
-3654
7356
-1793
1796
6373
2749
-8691
1447
-3853
-4909
-4748
9560
-8959
2993
834
7365
-2692
8750
-71
-8545
2535
-2255
2663
5531
-6731
-5546
9506
5927
399
8404
9664
-8025
-355
506
-1957
-7168
5817
4389
-3927
-6323
5943
-42
-6719
-5382
-8122
2776
6150
-1287
4887
9123
3289
9008
-1434
2663
732
6817
635
-7595
8550
-6567
-4444
2165
-3853
1332
4891
-4665
-3206
-746
-5479
7530
-7157
5577
7642
-6772
-820
4136
-8875
9544
2656
5570
-7718
9169
6298
8919
-8376
7266
5443
3326
-6912
-8448
-5001
-8028
1142
-4801
-7322
73
-1971
-1572
-6598
1617
-5457
-4960
-5566
-4468
-358
-2070
1117
420
-8653
3752
-6156
-3159
3517
-4090
-3066
3879
-103
9195
8833
8318
-5792
3531
-3313
8700
4534
9832
-6925
8175
9854
-5516
-4813
258
4289
-7904
3709
718
-1852
-8943
-1616
7131
-5952
6171
6897
3534
8431
-1355
-8506
-8388
-4878
-9880
-3113
-3938
9708
-5734
-5665
-4098
5526
-7862
8007
-5668
-7372
9151
-8900
937
2236
-9209
6740
-4040
4918
2784
-5058
-789
7350
548
-7640
1429
-2189
5997
-5666
-6623
-2590
9287
-3078
-7571
9264
-7025
4303
9452
6601
-6176
3566
2797
1524
-3626
-4037
9089
3413
-5911
9112
6530
-9272
7756
-8358
6651
4654
-5140
5463
-4750
24
-1945
6189
3270
-7767
3989
2166
-9066
-3377
-3008
6675
7685
-5541
8943
8003
-7067
4472
-4654
-3409
1927
5465
-1736
6160
1146
9738
-7741
228
-7363
-2507
2781
4293
-2177
-2658
-8850
-2246
-6643
8212
-9631
7843
9438
-2786
4295
-9652
4810
6693
-962
223
8842
471
-6900
9605
-5008
-4581
-6201
-2676
5596
-9919
-6054
8584
-8782
479
-9074
5512
3085
24
-1545
6772
3357
6118
5387
1050
6277
-3803
1699
-7768
-4811
778
3730
-3869
-9856
-8424
2022
9046
3384
-4815
9202
-4518
-5832
8700
5143
-7139
7959
-5109
7897
-5408
-6034
1500
-4900
-8968
-1599
-5720
-9137
-8434
757
9349
-4464
-487
6565
6296
-5319
-9797
-9990
1593
4145
-150
4249
-9025
-4000
1743
2692
7013
5990
-8914
-7225
-2228
1212
-6826
-4457
-1879
2053
80
-1694
-987
1186
1353
-3240
2783
6479
-7469
-5677
3347
6809
4911
7693
-7085
524
-3331
1112
-3746
9976
5480
6615
851
1923
-3611
9216
-9868
-8386
-1299
-4246
1521
-6500
-5777
-4945
-852
7184
3752
-4471
7604
8951
6585
-4661
-4556
-4455
-737
3456
-7474
-6291
-5088
-2789
7333
4708
-7992
-3212
2803
4946
-1045
8497
-9666
-8511
-7201
-4337
3994
6341
-3828
-4460
6317
-7863
4648
-490
8873
2298
-3132
7912
-7942
-5041
8370
8616
-854
1885
1069
8954
-8754
1597
-1132
1954
-2057
-566
-2013
5813
1971
6645
90
7950
-7569
5989
-7557
9344
2467
-3512
-1365
-7554
7966
-6284
4765
6401
-6447
6861
-6092
7059
-3230
-6225
-7179
-4172
4585
-8601
-4828
-1744
-1515
-5465
-3459
5832
-8852
4032
-7298
-4727
9218
3529
-9061
6056
-8404
-5405
5361
-8117
-3927
-7737
-8023
154
-432
3390
-143
2020
4506
4325
7278
7838
-6033
-7611
-1587
1747
-5084
-1524
-2172
-8764
376
693
5725
-6220
-2628
9121
7562
9123
-7416
-8322
-158
9121
-444
-2012
7823
-4399
-8144
9345
-2502
-4105
4085
-6211
-7417
-5839
7594
6078
-2020
-8484
6641
-531
-4042
-5692
-4510
7625
5018
-8956
-2108
-9827
-672
7457
-5770
4973
2969
6344
-2314
-9306
9167
-7941
-1592
-7545
-6499
-6472
-4810
-7254
-3899
9737
8053
2130
1094
156
2801
7796
-5314
-8220
7535
968
-4560
370
1768
-3887
-1247
-3892
-5520
-3592
6928
-407
9649
779
6716
-5035
7745
5274
-2451
-3836
-3198
-2755
-382
-9620
-6525
-6097
9084
-3275
-7769
3224
-3062
7261
7402
-4261
8667
-8614
7586
2658
-7182
-9099
9139
238
9070
-946
-2529
-9167
3238
6253
-5458
5870
3227
-8637
-8953
-6481
4313
9384
3108
485
2
8451
-7974
6047
9479
1805
5621
257
8493
3438
-8140
-9029
710
-1463
2633
2598
-5228
-6681
-7887
1480
7627
1105
-502
4710
4327
-3746
7549
-9636
-3321
8070
-4698
-6418
-5790
8093
-5046
4365
8195
3031
-6244
-2754
-1414
-6333
5110
-5225
4117
2071
-664
3278
-262
8401
-5143
6254
136
-5437
-1909
8992
5846
-5364
6862
-2110
-5538
-1158
5931
6201
3446
-3616
9775
-6195
-7553
2472
5216
8259
-5863
-1892
-626
-2222
3735
2877
-3737
3525
2437
1159
8253
-3683
-9135
-2199
-3655
9779
6746
4478
-5071
-6909
-3452
-7568
6935
-9079
-8616
3398
-958
5461
1633
-6223
-9722
-2377
7321
-9901
-6342
2701
4186
6164
4540
-8612
-3815
1196
6143
-8772
-6878
-178
-1939
2107
-8563
-7652
2178
-9934
-2823
570
8788
4982
-2054
8544
6440
-7489
-1143
5582
-7933
-8917
4263
5047
7590
-3762
-9339
-6461
-8901
-9276
-5588
-6646
-6129
-3813
-4050
-1014
8594
254
3159
-6701
-9146
1133
-9137
531
1429
8160
-7757
5827
-4029
-6319
-6170
-5746
-8501
-9799
374
-7786
2554
8166
-544
-9769
4116
-1354
3700
103
-2697
71
-4259
774
7504
9120
2514
1048
-150
2859
2588
1036
-2295
-2784
4784
-5060
-129
-8666
7539
1480
-2941
8395
-757
8467
3468
-5558
-475
9356
-287
-7420
4146
-8058
6026
9979
9369
-5219
5694
2140
-3540
-9432
-4621
-2038
8620
-9313
4965
4212
-7252
8221
-8031
3106
5331
1102
-5568
2514
-3770
3266
-7436
-5377
-2152
-5582
6509
-2290
4649
-578
-8433
882
-1015
-7750
257
7165
-7611
-5091
-6245
6998
6437
-5359
9329
-1470
7496
-7625
2943
-9241
-3751
5207
-4352
-4119
-3403
-3998
-1486
9967
-4044
1019
-7052
-2311
2960
6314
9434
5932
-6825
5767
-5119
4609
5939
7413
7423
-8089
-5928
-5073
4276
647
480
6175
-6515
-2163
-9076
-3823
-3994
4218
-1761
-2093
-488
9722
-6234
6133
-8713
-5457
8980
2331
8174
7757
8024
-9818
1734
-3544
2034
7935
-982
127
3505
-4328
8169
-3783
-9974
6744
-8127
-6447
2959
8494
-2699
-8429
-3259
-7821
424
-739
-225
-9799
7042
-8620
-1817
-5647
-8748
-3270
1415
2798
-6362
-5647
-4586
2852
-3911
-1825
7247
-7640
350
-5427
-9063
9173
321
7589
-7880
-284
-2440
-4809
-7306
9330
-8175
-7116
2139
-7031
3206
3460
-1688
1998
-3441
6224
-5605
850
-6270
8813
4920
-671
-7048
-5190
8833
-3148
5313
295
-5255
4608
7299
1545
5668
8997
5532
546
380
-3
-9491
5110
7130
5911
-44
8413
-6394
8008
907
5176
4872
5458
-6645
1461
6567
-4836
9444
-1717
7141
271
-743
2750
2326
-2453
-1276
8914
-6090
9043
2719
-3440
1583
9416
3635
-3527
4975
7684
-5134
-8595
-3418
-781
-4643
-724
4678
6484
-6559
3552
5065
7314
665
-6681
-2294
-7916
-5845
8300
803
-146
5302
-4712
724
3929
2069
7421
9078
9965
-386
-9312
-225
2242
-7416
7531
-6913
7269
-2126
1204
-9903
770
1603
-3882
-4745
-8745
4997
-6002
9999
7318
6066
2365
7612
-7089
2205
7259
-2315
-2561
8916
4083
-7040
3411
-4384
-5238
709
9213
-8685
-5862
-455
-4650
-1357
-3776
-337
2671
4153
-5464
-1029
8559
-3032
5405
686
-9771
5011
-1072
2343
5774
9605
5919
1106
-740
1721
-1263
9683
-4371
-1119
-7360
-915
-3842
-5307
-9306
-7786
5821
-8221
-1603
-1116
-3610
207
9986
1486
-8203
7327
-8613
-5217
7904
8584
7264
-8009
6086
9226
-2069
-3741
8760
721
-6948
4410
-151
-6550
8253
-6543
996
-209
-4829
3226
4033
-1892
9057
3347
-7443
-4939
9514
9606
-7606
9476
-3891
4483
-3808
8829
6792
6101
1555
2505
-3887
-2933
-5625
-2738
9402
-1680
-8915
-4935
8711
-4424
-3771
8487
-1405
-9489
-3446
-9807
-1721
-6048
7162
551
-1336
2273
-1285
4759
6910
-206
-2492
-3973
4371
1087
-9085
-3020
-1111
783
-1261
9842
3420
-9762
-262
3819
-100
-7357
-3103
-8479
-7554
9960
-5325
-9241
-6933
6889
2525
-9066
3730
-8624
-2142
-1500
6771
9851
9982
7924
2878
8351
230
2336
7700
3594
2647
8221
-3779
-4811
-9129
7741
8954
-7984
6737
8785
-936
8
2342
111
7633
-2971
9711
7010
5407
7313
5837
-7076
-4961
9231
-5416
9399
-171
779
-5804
3098
-7075
-9060
8693
-6892
8215
-901
3266
4566
7982
-2515
-6360
-1242
4741
-5801
-2939
6660
8118
5928
-3895
9770
-8545
-4962
-7862
-5322
-6362
-6098
8403
-5390
-9009
6903
5238
-3115
8964
119
8191
-1875
-2691
2654
-5729
-6892
492
-1436
3656
9437
-3363
-6165
-2868
-8975
3695
-6153
-6706
-766
9273
-2576
-6418
-172
8886
3893
2651
-4703
-1767
-8585
6497
-2918
7192
-9238
6616
-3700
-1358
6980
9375
-6913
-2783
-5356
5525
-9674
5068
9310
-3521
-1925
5033
-9815
-841
4145
-3434
2691
-55
-7336
-1402
2493
2687
-7688
-3153
-1550
-2250
4696
4603
-6120
6444
1559
8184
-9689
-2025
8073
5390
3808
-7399
5587
-7136
-6337
-7084
-3700
-4978
-383
6383
3632
4401
-5143
9820
-4241
-4900
-3056
8320
-8070
-1125
4332
1962
3183
-8072
2338
7842
-2533
2970
2394
3137
4831
4397
-7527
-4146
6881
-62
-1383
-719
967
-2650
5617
-3206
694
-9818
3223
9206
-58
819
-2903
442
8500
-3184
-4282
4204
8442
-3035
-6928
-219
5884
755
-9529
-7162
3551
-4215
2181
-795
350
-9615
3757
-6173
-7330
7334
-1741
-6732
6592
2158
3334
9729
-4178
4629
2086
803
-2477
-7103
-5513
2346
2656
3982
8598
-719
5614
8125
3254
-9650
1768
7800
-2955
-3328
1843
-938
6941
1552
-7258
-7928
-7525
5994
1458
1376
5966
-66
-3711
-2061
8822
-9112
-9768
3638
-7148
4267
-5278
-8601
8063
-5261
-1962
7801
-5650
-5151
-8656
-9283
3086
4447
-464
-6433
-244
6003
6140
4303
-3313
-6463
-525
8963
5455
-6608
-8783
596
5039
-4615
7839
4584
244
5668
1816
404
8728
2793
613
-6710
7367
-5378
-5666
-2665
-2164
3918
-3987
-8601
685
-2935
4101
8425
-921
-7192
-3763
7370
9845
-5579
-8007
396
4718
7003
-6513
-5143
-145
1795
-8298
8428
5888
-3875
-7955
-7080
-631
-7565
4069
6174
-4183
2951
8529
172
-3372
-3560
5339
-7552
8687
1139
-4542
4119
1463
-3962
-8559
-3842
1317
7099
366
-4646
7561
8143
9869
-3749
7378
5459
-8584
-671
-620
-6170
2470
8520
6577
-6190
-1
5303
7308
869
7468
-1945
-212
9810
-2704
-3240
2261
-903
8960
8865
-4017
2736
-3441
-4521
1297
-5545
-7910
5164
-637
-8302
-6443
9863
-8117
-8539
-6685
9075
-5581
7062
-71
-8688
3064
-9143
-3938
-7755
9100
-3378
-8118
1523
-6409
9493
-1770
4081
-2667
7495
7083
-6630
-5792
6902
-4071
8399
7351
-2326
-2317
6068
5741
7042
9694
-5689
-4271
-7953
9942
-6745
1013
-5671
8842
6865
-2731
-2588
6511
-8546
-6014
-21
-9397
5342
3019
-9222
202
-825
-4700
-5897
9884
9178
-6446
-6036
1713
-6224
4166
-6428
-6120
9974
-1279
7959
-4167
4083
3549
7388
-1749
7524
-2671
1945
9411
7936
7354
-8836
9270
1958
-8937
-4987
-3083
-3056
-3786
-5197
-8905
-7081
3
5195
-2044
-2755
-2374
736
2348
-1366
4950
1884
9275
2878
445
-7188
-1377
-9075
-5874
-9612
-1774
-5553
-4954
-5367
-9718
1401
4743
5767
9055
-6670
7834
8432
4444
-7782
1704
5705
3322
4732
-2963
9134
7541
7399
-9849
-2408
1653
-5351
-1990
-220
-6379
6684
2945
-2423
1781
-6022
1789
-3281
3121
1102
-1685
8255
1175
5215
-3548
-3602
-8793
-8613
5685
619
6529
-3378
-5274
6218
-7993
-37
-5012
-8751
-4685
-892
-334
1998
9191
3317
780
6565
4055
8162
-7967
747
7308
7896
-1400
9239
8412
2431
4982
5557
-7661
9893
6556
4334
-639
7818
-8449
2330
-6185
3186
5949
1680
8151
-313
9613
6691
-6274
-246
-6088
-8304
-3903
5616
6705
3585
2870
8334
-3796
-6709
-6905
-4633
-1040
-8944
628
-8542
-1448
5571
521
8373
8858
7110
4011
-4752
-3403
-1997
-1592
8006
2956
4740
4035
4175
-7320
-5778
2195
5209
4991
-3535
-6118
1768
-8127
6911
-1148
-2806
5320
1908
-3868
-5819
-227
-5533
5758
6883
-5530
-7430
-1141
2754
-31
7572
9565
-2522
-1725
-9678
6825
-6674
4365
1378
-3602
9107
6019
7055
5087
8762
-7624
5061
1404
-2349
8819
-8339
-3312
-1670
222
8130
7338
9679
4296
-7081
-3799
6484
8522
7450
1950
9402
3371
-2614
2730
-1719
-8702
8281
-4964
8100
4610
8893
1524
2715
5420
6363
8040
-6349
4438
4980
2693
4672
-1201
-6576
-324
8693
-2630
6442
5307
-7908
-3496
-4256
8583
-6926
-9112
3955
-612
-8281
-2923
-8810
-2681
8945
-3863
9837
-7287
9234
-8676
-6274
1080
-8436
4223
-8761
-8700
-6121
-782
591
5518
-4853
1162
-9958
-6682
-8690
4815
3679
-4915
-3444
507
-5312
7549
-2111
-5551
1664
-7915
4452
1326
2377
9106
-7629
-5014
2476
-4935
-292
-6274
3913
7627
-5966
-2996
7253
3217
4383
-8290
6187
-9701
-685
-4459
4013
-381
1812
-2868
-6973
-6459
3842
-1116
6863
8576
-898
-8623
676
4991
4414
-5597
-8157
9053
3506
-963
1023
-7697
-3942
1910
-5183
-5626
-7519
-764
7535
1625
5517
6532
1442
6985
6192
-6005
4960
-208
4658
4014
6018
2988
50
494
-4840
4580
1462
-67
5094
8962
-1270
9480
1471
9052
-9580
6916
-3219
-8995
-8091
-6880
-5085
-8160
-7546
-3918
-3175
4367
-268
7354
-8656
-4354
9685
8241
-1488
-2579
-7969
613
-7367
-8809
-2313
-8673
-2320
718
-896
7018
2585
3754
4213
-633
-8484
-5913
8003
6372
-4719
7164
-3813
3222
-1791
-9725
9510
7421
3798
-80
2075
-8833
-4139
-6359
-2808
3875
-153
-5598
4460
4832
-838
-533
-918
7894
293
-5811
-3706
4420
-4679
-9687
-1913
7529
-8858
-4283
-3064
-3500
-2189
-9170
34
2081
-4
-5150
-731
-9072
-870
-3728
8061
-1088
5460
-9595
-7973
-619
-3437
-5137
7639
314
3110
7716
-328
-7720
286
-3727
4248
-9394
-9573
-9806
3090
8481
-8691
-8422
6858
6243
-7751
-1970
8060
-4197
9714
-5357
-2931
-8535
6982
5928
-3493
4096
-4855
1499
-3258
-3514
3282
7854
7078
9177
-8624
5970
3628
-9489
-1465
2293
-9214
5627
5294
-230
-2962
8055
8501
1348
4196
-2382
4804
-8204
-8887
934
-3179
-8458
-5024
-6801
8606
9417
-7725
230
9395
2376
7803
-3308
6726
1030
8380
-6970
2050
-4484
-7339
6652
-5520
3215
-9155
9371
2435
5732
8692
-129
-9340
-6257
8085
-4546
-7735
2061
6103
-2114
234
-1026
475
-4956
-1359
-825
6012
2417
-6747
9197
-6138
-4354
7946
7598
-999
7402
-4183
-3735
1241
2030
-6554
-3527
-8819
-8853
-1109
654
5595
-3097
7023
6504
-5206
-5386
-7068
-1878
8065
8740
-7316
-2411
9936
5103
-1121
9353
-8887
4046
8719
-2993
6594
6865
7749
3027
-4043
-239
-4652
-5838
-2096
-9728
-227
-9089
-8122
6079
9832
-8713
1438
-5169
-1024
7610
161
607
3024
959
-1745
1363
-181
3366
-8725
9579
5696
641
-4135
-8788
2207
776
-3145
-3831
-6680
-5090
-9643
6690
9983
4019
-6381
1528
2792
-4286
9371
-2867
-1375
-3891
4976
-8958
-5710
3780
-9245
-609
867
9689
7762
1099
-5609
-8863
-6422
-1722
-3151
-6006
-204
821
2805
-2188
-9308
7205
-507
302
-240
-2337
-1993
-5304
-2107
7819
4915
-3964
2022
-3315
4370
6141
4242
-3791
3717
-3123
2341
-6566
7688
-3502
1178
-9480
-3452
-8924
1179
8830
-9715
901
-7069
9197
-598
4742
6674
4760
725
6801
-2879
3379
-8541
-1886
-2819
1038
-738
-3579
-1853
5080
-7722
564
8794
7122
7478
-6451
6056
-7337
4233
-9002
-1237
8374
5233
8441
-7557
6529
-7153
6706
3748
-9395
8578
-5837
-6177
-745
3249
3675
7476
-3854
-2081
551
4072
6687
6178
-1420
4187
-1078
-6565
4865
9597
-2838
-2828
1833
-2234
8710
-4199
924
5841
-653
32
6144
1782
-5801
6792
5108
3310
8121
-5560
-1525
-8237
461
2459
-7903
8223
-9084
9846
-3508
1095
-8577
4534
-8610
6755
6917
-5474
4303
9288
4323
-5490
6461
7593
-1757
5709
-7395
8461
-6979
8425
-6626
2554
-9832
346
1296
4006
1544
4578
-219
6783
-1826
2321
9448
-9884
-5997
3593
9778
-9755
7043
7846
9217
-8456
-7233
-2769
-744
-4711
-3186
1718
-148
6697
-4994
-6587
-5121
9986
9212
9750
-597
4977
-9260
-2691
-883
3169
-9521
-3031
1111
-8981
4698
-5093
4644
-7065
-2536
-8702
2996
7606
-4538
-1218
-9535
2283
7533
447
-2333
-7069
1445
-3050
-8986
8059
2447
-7740
6626
144
-4802
-1133
8489
9265
-7171
-2544
-5064
-8143
8901
1974
-5358
4393
5086
8598
-8265
-2242
256
5294
-1576
-2080
5474
-1812
-7982
8762
-1248
5825
3954
9933
-9442
5060
3837
2871
6038
993
-1018
-5597
7153
8696
896
-6594
-3460
5440
-3275
-2951
-7270
-8229
3210
2869
5773
-5291
4483
-9016
-875
2790
7686
5784
-5969
5689
2388
-9827
-3179
-7886
7154
4615
-1996
2656
1533
-5536
4219
-2583
-7909
230
4668
-8691
688
2807
1077
6046
-8889
-8955
-4124
4710
-5053
-2273
3425
6245
-1592
9841
7655
-8465
3533
4613
-1127
7144
-6197
6576
-9897
6079
-1588
1926
-881
1776
-8848
-141
-4584
7311
24
2947
-6690
4689
-9137
-2996
7503
-4223
-311
2831
6546
91
-3134
-1759
1178
-9307
-8547
3194
-7457
-7517
1514
-3685
6702
3845
-9514
-5812
-5710
-5715
510
-9469
1965
6826
-4924
8877
667
-6706
-2921
-6719
-9550
-1887
223
-9612
1199
4470
4239
-6369
2621
7051
-9505
-2649
7958
-2839
6318
5619
-2068
-5020
670
1241
6916
9735
-1842
3947
3111
-506
-4044
3729
-6785
2765
-1269
9940
3024
-8330
3747
-6981
9762
7631
-2017
9926
-1699
2726
2849
6042
8438
-1939
7892
-8910
3294
6910
6203
-8200
1345
9702
9745
-2070
-8497
7681
-1379
5952
7328
-1005
271
-6689
-6690
6894
3591
-303
-6030
-6207
8415
6623
5507
-3286
4416
6085
-5352
9963
-6762
2298
-3117
4655
-8951
514
2431
2667
-5206
1243
-2605
5249
7146
6939
-9044
-1406
6019
9614
-8944
6334
-1112
9060
6004
4109
5728
4136
7066
-1818
-9933
-1036
9797
9821
-1915
-579
8983
2828
1997
4325
259
-8932
-1903
2171
9905
-8015
-7536
4968
2885
-3256
6065
-1368
3553
2612
-2937
-7083
1460
6111
-6229
-2475
-1414
794
1314
-2714
4490
3467
1644
9247
-3596
982
-8375
-676
-6631
-271
1938
847
6779
-5708
4094
3360
8282
-5288
-3378
-7123
-8431
3937
6291
-3682
46
-103
-7563
9748
9347
3879
1384
8276
-3115
-2738
-4540
6807
5115
-8239
-470
7142
2198
2019
9476
648
8477
6497
-1092
5365
-3039
-1320
7161
-2560
5565
-4692
-1632
6633
-8244
-990
1414
-3879
-3446
-5322
-8457
323
8555
-2095
-884
-6617
8919
-514
-8130
-3291
1718
-5436
8056
-3725
-5136
-3638
5909
9582
6089
-9133
-7287
1225
4068
3048
-5796
3459
-1210
-9383
2159
797
2733
-9337
7419
-9273
7981
-8297
-4135
4965
-4492
2951
-5373
-7112
-5142
-1042
3972
3612
-8856
-5489
6698
7520
7338
311
8399
-3985
-1717
4703
3302
-9036
-693
591
-6072
-8210
-7596
-4920
-8252
8323
-5036
-3574
-3498
2317
8467
-8111
6235
-6312
-3818
-9573
-2032
-1252
-1500
8786
-6569
-3536
-2242
-5176
4658
-2081
9929
9498
-717
316
8825
-1032
-8227
8186
9747
434
-9842
-2697
-704
-7355
-4678
304
-9876
9202
7413
-9353
-9851
5596
583
5163
-493
6712
3209
9353
4567
8625
-2304
-1788
3070
-2872
-7528
-2670
-4348
-130
1011
-9513
3340
-2617
1198
2349
8651
-7982
1504
6389
7362
-7398
8717
-305
-7180
721
-7356
6989
-7134
3237
-4320
9202
-1942
798
3285
-570
3927
-5788
8024
2825
-178
-3985
9248
4516
8816
-9734
-3072
-3025
3875
-8237
-6620
1322
6676
-456
8125
-3536
-9820
3751
6676
405
7366
-3044
9222
5086
-5902
-890
-790
-6136
8554
-5082
-7051
5876
2206
-5771
251
-5289
4386
-7875
2288
4120
-9877
8365
7244
6100
803
-7816
5709