1000
1112
9870
1285
5203
2423
8846
2873
8065
3762
1000
2312
6363
2577
2085
3230
9590
1964
7790
1187
1000
6119
6954
2324
5233
964
3185
6620
8822
5452
1001
2110
4201
6157
9566
5232
2187
1754
3297
9729
1001
3415
7495
9931
5282
6020
4527
1899
2544
8474
1001
8611
6246
5173
896
7490
2595
2031
1210
6402
1002
2274
6218
7132
7760
2760
2484
8447
9766
2802
1002
6110
6739
2998
4929
1707
7646
319
259
7463
1003
1913
8364
4577
3163
7267
8023
5283
1360
1592
1003
3221
9070
5399
8193
8986
2367
128
3998
3312
1003
8312
9153
3315
6576
593
5161
770
6567
9807
1004
2167
4536
5684
571
4202
8959
1357
2810
9996
1004
5908
6787
8781
9005
1305
9195
318
4830
8484
1005
1227
8631
9247
3663
7756
8457
9334
2907
7335
1005
3107
907
1617
8952
3726
7154
9183
4678
5460
1005
7827
3601
5853
5747
3165
1901
7701
3306
3541
1006
2162
8491
4959
2497
3450
8280
6023
4907
9096
1006
5618
7584
8260
7134
1757
189
7348
4177
5743
1007
1137
7222
1351
1354
4151
5091
1064
8704
9393
1007
2908
1523
5018
203
3456
9413
6714
552
4709
1007
7105
2486
9377
1613
9847
6797
5524
8896
9103
1008
2124
7346
2028
2378
4923
3745
4924
5300
2430
1008
5136
847
9485
3055
3862
9125
1446
780
7887
1009
1103
9146
1831
1089
6377
9485
2889
9079
1876
1009
2303
9136
6573
7209
6509
4507
899
4339
9520
1009
6110
2273
1563
6813
1004
89
8503
7746
8446
1010
2101
1468
780
3961
2809
4228
7954
5861
2736
1010
3406
1966
7746
3057
7216
988
1584
455
4398
1010
8602
6685
8451
1157
7558
3008
2866
2443
1269
1011
2265
1896
349
5930
4458
2458
6209
5545
2264
1011
6101
7690
8120
6735
7281
9509
2951
7331
7148
1012
1904
2224
548
3274
5400
4320
5641
494
2830
1012
3212
6522
3562
6777
3442
2467
9953
9564
7355
1012
8303
8503
1566
2609
5072
1169
9066
2654
6630
1013
2158
8174
2803
1934
1820
1449
7710
2395
494
1013
5899
5690
1052
3063
1336
6185
8159
1159
2860
1014
1218
4995
8004
461
6683
5191
5555
8401
3879
1014
3098
7827
6249
7614
6170
4302
9090
537
5190
1014
7818
3137
7306
5189
859
9138
6808
6174
2939
1015
2153
1826
7903
6514
3737
3768
1602
6722
3963
1015
5609
6209
8288
7337
2081
756
7380
5044
8544
1016
1128
6763
3827
1114
6658
3931
549
2934
1078
1016
2899
2
1407
8407
6500
6806
3826
1284
4820
1016
7096
409
4178
8509
2739
5350
9820
8918
2184
1017
2115
1963
9454
2249
926
4367
5328
3833
6173
1017
5127
2709
8524
5568
8976
6295
9063
2138
2914
1018
1094
9839
427
2828
2306
9830
421
255
2606
1018
2294
5914
6341
1721
9279
5298
1160
1224
1581
1018
6101
1918
2830
270
9490
4147
7747
7998
7598
1019
2092
3604
4317
5809
8700
6244
2576
5266
6666
1019
3397
2331
8587
601
1878
2689
5257
9480
4895
1019
8593
4010
7922
902
8930
3095
1574
3044
6681
1020
2256
9068
2611
2761
6463
7741
4068
8477
8034
1020
6092
2309
1589
259
402
8262
7563
5751
6875
1021
1895
3632
6266
2948
3951
4610
4918
7232
4015
1021
3203
4204
7081
1293
2887
7623
7045
1340
7227
1021
8294
5611
6186
6906
7122
804
1887
8930
9984
1022
2149
4011
9363
4245
9735
2736
9620
2482
8132
1022
5890
6313
6470
6125
3802
3776
9491
5811
2924
1023
1209
2415
7256
5146
4729
4779
8784
5019
9026
1023
3089
3962
8408
4426
7543
9526
8650
7363
7781
1023
7809
9580
6237
4032
6317
9712
1481
668
3844
1024
2144
8006
3800
5551
3815
6893
1840
6963
6750
1024
5600
6708
7918
8641
6730
8229
8114
3423
7817
1025
1119
1432
8692
6114
8888
5118
1747
2933
5433
1025
2890
8550
8438
1501
614
4807
3816
8309
623
1025
7087
5746
13
7934
8249
730
2931
5973
7905
1026
2106
4707
4190
1726
7241
911
1432
8641
5530
1026
5118
806
3252
9754
6777
6896
1462
196
9836
1027
1085
5828
2600
8504
5739
2781
7188
1564
2205
1027
2285
4416
5669
307
1951
2869
5762
8894
5654
1027
6092
6002
9167
4090
5595
5591
187
2943
9721
1028
2083
2929
4223
6094
5041
3408
9600
9436
6881
1028
3388
7489
6240
9566
9858
6327
6463
2034
4493
1028
8584
4985
8827
6357
672
8201
6833
1140
9778
1029
2247
9310
4359
4592
5509
8902
4461
4180
1705
1029
6083
6171
1999
3325
5588
3199
9173
2094
5276
1030
1886
2253
8790
1931
7335
426
4409
4145
3360
1030
3194
799
5173
2614
9160
9597
9279
7982
8163
1030
8285
3276
5300
1131
8148
6887
2128
3258
2513
1031
2140
5273
3003
969
862
410
991
7312
3872
1031
5881
8333
5725
5863
725
489
6787
3095
6649
1032
1200
8680
6697
8011
5943
8482
8044
4074
5986
1032
3080
2520
6343
3307
4241
8711
3263
1508
1326
1032
7800
4993
3354
1897
3425
1990
300
7448
3147
1033
2135
8759
4083
5925
1435
7375
3402
8809
3634
1033
5591
5146
1514
1452
2833
873
378
9245
2866
1034
1110
5980
4557
5964
397
1662
598
9841
6557
1034
2881
9002
5502
2776
7373
1075
9046
1153
981
1034
7078
6834
8634
4802
3370
4880
3749
1648
8079
1035
2097
7236
5132
3418
7367
7925
7659
710
6277
1035
5109
6574
7412
9680
6134
9170
507
588
5671
1036
1076
2317
1142
5087
7325
5593
3501
9183
5706
1036
2276
1235
5660
3862
8978
1240
3371
9154
6863
1036
6083
6705
5286
2483
1539
4241
7978
8631
492
1037
2074
6439
6865
3976
4369
1066
6597
3641
6282
1037
3379
8864
4867
2659
1947
343
3061
7583
5721
1037
8575
8651
5930
5674
6876
4031
9016
8156
1585
1038
2238
5004
2327
2927
9608
7732
3234
2111
2727
1038
6074
8343
5608
5034
5692
7844
9525
3817
8766
1039
1877
5536
520
7872
8792
7529
8171
5451
4983
1039
3185
9710
7986
7695
4914
5248
504
3878
9021
1039
8276
1620
5929
2504
2929
7466
6171
1032
9055
1040
2131
9462
6420
9935
9720
5208
7118
7759
825
1040
5872
9556
2718
7851
3535
8911
4312
4371
8256
1041
1191
8786
7421
9798
788
5182
1342
1905
3044
1041
3071
6360
9723
4502
7464
1888
3535
6677
7229
1041
7791
9747
1942
8123
9121
9049
807
541
5266
1042
2126
9240
3983
1020
1722
9149
5289
6290
1477
1042
5582
3219
7917
7070
7180
3038
3732
9725
155
1043
1101
5826
6059
6546
4028
8375
8183
3452
2982
1043
2872
1165
9799
9738
3071
8803
4609
6734
3853
1043
7069
5717
5896
9334
6928
1519
1091
7303
3615
1044
2088
4857
6988
7287
6030
4931
1807
9174
5977
1044
5100
4170
7330
4626
4966
3425
9301
1862
4153
1045
1067
8929
4934
417
3596
8121
7641
6949
8391
1045
2267
5345
4898
4169
4410
1381
3483
5119
1968
1045
6074
3040
8196
9176
7124
1633
3314
414
8368
1046
2065
5681
9720
3267
4966
5861
7490
4603
6091
1046
3370
4591
6221
2900
4523
3641
9592
3496
1093
1046
8566
8004
2639
3210
1428
2159
9613
6151
6153
1047
2229
2058
1031
1025
391
5725
3832
9771
432
1047
6065
8583
3797
8935
8622
4687
6611
6112
427
1048
1868
1746
9589
4906
5846
6310
1915
4513
2734
1048
3176
4669
3402
6595
8053
7583
2299
2186
5969
1048
8267
4170
8099
7193
4156
6509
8163
3870
8753
1049
2122
5012
4177
2081
5283
7280
8938
5795
404
1049
5863
2290
293
1396
5050
1086
8136
9144
6475
1050
1182
6382
2868
1879
6114
3741
1208
6551
3905
1050
3062
8043
1592
1991
7869
3146
8835
9579
4693
1050
7782
5639
3341
9047
9922
2910
3787
8885
2542
1051
2117
935
3488
1005
1024
9384
3621
9044
5037
1051
5573
1323
3164
5893
4267
2171
6047
8988
5220
1052
1092
7210
4680
6207
2808
5514
3666
271
1323
1052
2863
3147
9429
8816
6649
1723
7715
4876
9394
1052
7060
4867
8207
867
1795
5482
173
1672
7090
1053
2079
3341
640
3232
2624
8825
3833
2519
1027
1053
5091
6703
3455
4167
8590
2043
4684
8133
3707
1054
1058
1163
9756
1532
4381
6679
8769
1617
5861
1054
2258
8164
5884
3492
633
406
1287
9937
3916
1054
6065
2049
7213
1554
4327
2575
9451
5686
6139
1055
2056
792
8267
958
3687
3666
3933
487
8432
1055
3361
3503
5003
838
5785
7123
1098
3302
5278
1055
8557
4810
1763
8511
4797
9120
4867
665
1550
1056
2220
1539
1318
5797
7238
7382
6640
769
9016
1056
6056
3251
8491
9605
4600
6696
903
873
4448
1057
1859
1773
7954
6604
4322
275
7363
7260
3907
1057
3167
5080
4756
1494
4236
6482
6877
5629
1164
1057
8258
5892
6580
4267
9311
2096
880
1006
5568
1058
2113
8333
309
2275
1124
4742
2833
940
3052
1058
5854
7208
8584
4920
2025
6520
3784
4316
9806
1059
1173
910
8502
9013
5627
925
5046
7249
4764
1059
3053
3979
3285
7189
4240
536
4821
6701
715
1059
7773
6465
1573
5834
7908
6125
6153
3210
811
1060
2108
3287
7942
1517
2473
9341
8936
7124
1567
1060
5564
8367
102
4490
3642
210
8821
5355
5382
1061
1083
6481
6152
8503
13
3299
6068
5388
5098
1061
2854
3937
3426
8481
9034
1793
1331
6420
367
1061
7051
3398
6082
9778
1008
1316
4484
8269
9843
1062
2070
8148
5282
8863
1898
8016
199
2877
7987
1062
5082
2991
2995
3965
589
1300
2908
1103
8542
1063
1049
252
4784
3777
9783
7670
3763
7127
5177
1063
2249
2652
5013
495
5925
8961
9842
5553
2156
1063
6056
8763
469
8202
6641
7639
7795
2576
2772
1064
2047
3232
2043
6867
8232
7975
9602
7350
8279
1064
3352
5135
8471
7772
5706
840
7820
5015
3272
1064
8548
1797
5297
8747
7581
3450
9736
8405
7978
1065
2211
864
1037
6260
2673
4472
3987
4601
7943
1065
6047
3338
5930
1062
6713
3282
9687
2990
3289
1066
1850
2884
6076
5211
925
2164
883
4522
3016
1066
3158
5054
8917
5025
8343
5028
3771
5400
8883
1066
8249
4870
8876
8602
5372
1012
570
6470
2442
1067
2104
8485
7548
5980
2812
7401
156
6675
6427
1067
5845
702
7434
1914
8277
2455
7870
2229
8548
1068
1164
2362
4332
6014
1336
6972
7272
1854
7314
1068
3044
451
6682
1244
3929
6478
1610
9802
1960
1068
7764
7543
9318
4963
7417
8881
4558
44
5598
1069
2099
6642
7524
8371
3616
6625
139
4223
1064
1069
5555
4413
4635
7296
9520
7155
1909
8385
9197
1070
1074
4084
8308
7336
4321
23
7458
4741
1458
1070
2845
5571
4154
2129
5994
5717
7628
466
5648
1070
7042
2412
9451
2872
81
6158
322
5297
5374
1071
2061
5002
1384
7164
7866
181
1081
6376
2880
1071
5073
9980
8045
1576
8849
5599
3685
8993
432
1072
1040
8164
7395
6642
4864
4291
19
3670
9728
1072
2240
2355
641
2093
8722
5473
1763
7147
7218
1072
6047
8969
6636
3913
6193
3907
1879
1947
9936
1073
2038
7509
9923
1038
7501
3191
7206
5571
1224
1073
3343
8393
4030
5806
4541
294
2478
1555
462
1073
8539
2974
4377
1730
1617
2874
820
5066
5205
1074
2202
5404
2101
1244
3587
5608
8537
8599
1935
1074
6038
8136
2993
1533
2404
1385
8528
140
7976
1075
1841
8387
9904
5956
3544
1641
1521
9225
9616
1075
3149
545
5961
6545
6943
6334
6155
6977
4078
1075
8240
7018
1575
6566
7844
2367
7622
3077
7673
1076
2095
9329
5870
154
9888
8157
8668
3961
9808
1076
5836
6950
1795
760
2307
5294
8017
871
9599
1077
1155
436
6654
2159
4673
3298
1740
8658
3723
1077
3035
7952
1325
9626
8553
1369
3382
8068
6664
1077
7755
6053
2479
7974
9663
9198
6221
4836
318
1078
2090
6087
9606
6559
7796
603
4565
6697
903
1078
5546
2300
6387
4194
5179
7547
4251
5838
5404
1079
1065
1799
1184
5731
607
6068
9580
4194
4258
1079
2836
7406
8311
7513
7888
3294
7582
1279
2112
1079
7033
7554
2766
4594
1550
2956
2305
325
5284
1080
2052
9809
8664
3741
5349
3405
7696
2853
3458
1080
5064
5147
2262
9748
2245
8700
2090
2869
9728
1081
1031
9020
312
7043
610
8032
3579
8914
3541
1081
2231
5423
5257
726
3887
5458
4427
4532
8891
1081
6038
8010
8208
1997
506
5947
7115
1105
9121
1082
2029
1083
7893
4700
1267
1409
265
1079
4345
1082
3334
8802
278
3945
4302
3884
2436
1408
380
1082
8530
2077
8270
1676
4959
6383
7175
761
8462
1083
2193
2365
4129
9127
1911
9802
2184
8974
3986
1083
6029
4667
9321
805
8831
5596
1535
1270
7939
1084
1832
4651
8558
1773
9996
8440
6097
9250
379
1084
3140
5463
8576
8776
5084
6831
7981
7026
7125
1084
8231
3635
7325
3382
7180
1711
6340
3926
8759
1085
2086
5503
6662
1131
2251
5459
7679
8022
8258
1085
5827
1266
1283
415
5820
9014
6510
4621
9063
1086
1146
3968
8106
1090
2670
7231
1385
9867
5435
1086
3026
2803
7337
5811
3134
1685
9861
4424
310
1086
7746
6416
2243
2816
4127
9204
4517
6997
3257
1087
2081
1314
1755
730
1496
7405
9619
1628
832
1087
5537
9550
6611
361
9615
8703
2886
5823
3809
1088
1056
5077
2500
3285
9103
6326
3095
852
5791
1088
2827
5977
9992
3568
5882
7333
3295
1028
2068
1088
7024
728
8839
3425
6920
3649
3792
4101
1879
1089
2043
7667
5980
62
3646
2277
8661
5174
9226
1089
5055
9368
1301
9255
2583
450
5631
6866
761
1090
1022
3613
5201
5310
1541
7154
6873
4660
2765
1090
2222
8538
8136
3474
4438
2386
4051
6415
1879
1090
6029
3766
4023
2221
2752
8690
4499
2424
1386
1091
2020
2401
3893
5676
7256
9502
5663
7572
1185
1091
3325
9791
9276
864
9908
834
7509
60
409
1091
8521
718
4970
8325
4002
8182
8461
7511
5563
1092
2184
2284
2391
75
6293
6410
5486
1496
3264
1092
6020
6868
5535
5840
7823
1306
8945
8724
6961
1093
1823
3608
1055
9923
5118
1732
4810
6662
5690
1093
3131
2137
6354
569
2180
5827
5095
589
2281
1093
8222
190
800
5788
1749
5812
4116
923
8121
1094
2077
2099
288
9520
244
8490
4977
8532
4883
1094
5818
4913
9316
52
1205
580
783
6165
5832
1095
1137
1291
9361
9897
2098
5864
40
8929
378
1095
3017
1324
2146
1805
7307
804
7776
9935
6367
1095
7737
663
4116
1301
1937
9541
1158
3440
1481
1096
2072
3634
7497
1368
618
9500
3493
9694
5894
1096
5528
9564
3139
1723
1428
9334
5690
4070
3739
1097
1047
3987
5671
1157
6645
3247
5209
1525
1447
1097
2818
1127
8902
2477
2903
2202
8897
3869
4899
1097
7015
5031
4469
8632
6285
8618
9270
7700
4440
1098
2034
9860
1660
6599
4490
4569
99
4108
6565
1098
5046
3695
2715
2805
7527
1601
7571
6617
7111
1099
1013
4355
7061
6265
183
3999
9917
990
7791
1099
2213
6683
1641
2146
5805
6653
4049
2448
3022
1099
6020
1098
8618
1048
3745
3295
2948
1052
2894
1100
2011
5790
798
6438
7138
9703
4100
5799
8510
1100
3316
5207
4611
9075
5970
5609
8187
9751
6253
1100
8512
4128
4015
3489
7327
1665
6080
3549
4390
1101
2175
927
8253
9600
5353
9878
6074
8335
6423
1101
6011
1604
3105
8997
9438
9703
7495
1238
4732
1102
1814
2035
2296
1527
1059
1009
8280
7211
5085
1102
3122
6020
9908
6668
7039
2372
1498
2600
9923
1102
8213
8879
6214
6292
7583
9661
5934
3295
6815
1103
2068
398
3103
2621
9589
324
2326
3433
1398
1103
5809
8215
9028
4222
8939
2413
2646
3827
3388
1104
1128
866
9238
8744
2178
9373
6524
4782
7500
1104
3008
5515
3957
2569
4283
6775
6425
9308
3734
1104
7728
2792
7639
2274
8617
5564
6880
3881
9819
1105
2063
5005
3948
6033
9176
7907
8453
7978
8687
1105
5519
4037
2459
7877
8280
4363
5238
9155
9703
1106
1038
2967
4643
9107
6179
7390
8926
2295
5400
1106
2809
2149
4471
9003
232
2147
6401
2648
3581
1106
7006
6551
2005
7364
9509
1084
471
3124
1753
1107
2025
4875
5536
6125
1180
575
3509
149
9183
1107
5037
901
2609
9636
9101
7125
4158
1614
8972
1108
1004
3603
9083
1329
4673
536
8852
8637
106
1108
2204
1336
3574
563
6573
4380
9532
5842
9347
1108
6011
5650
1557
6860
8096
7185
4581
3691
2121
1109
2002
2051
849
952
4352
5899
6622
9014
6984
1109
3307
5637
7416
8273
4569
7629
2509
9057
4715
1109
8503
9568
1623
9665
1196
7404
9784
5602
6588
1110
2166
3916
1029
6510
5733
8664
9871
2181
7639
1110
6002
3156
1601
1417
605
8334
9628
263
4092
1111
1805
9572
3309
5174
4224
3508
8846
7611
8005
1111
3113
9750
6450
8524
4890
7999
7165
2742
2654
1111
8204
9753
8684
4457
4826
6157
4313
2031
8172
1112
2059
7373
6681
7879
7260
9527
3563
635
6375
1112
5800
3372
1094
5824
4527
8874
6889
9496
6240
1113
1803
7089
5154
8257
7170
8389
4885
9284
8920
1113
3111
5328
7578
7475
5006
4275
9913
9373
1642
1113
8202
4775
9065
3632
4545
6094
3266
4166
4076
1114
2162
5400
4060
1234
1610
8659
8840
5813
9407
1114
5998
5015
5854
5164
6131
8566
879
9779
1458
1115
1996
418
3935
9978
8175
7963
8271
9235
6625
1115
3301
5244
6841
6809
8210
4229
7731
4919
3207
1115
8497
8186
7716
3124
4207
9385
7783
2355
3990
1116
2196
3473
3551
8311
8937
2627
6611
6893
3841
1116
6003
4511
8181
7784
1109
4033
6693
9374
9845
1117
2015
3887
1513
8306
5304
9816
8520
4210
1660
1117
5027
143
3642
9514
4107
3555
6743
6608
2844
1118
1026
4539
5864
3574
7221
8698
6637
334
4098
1118
2797
8557
267
3187
9465
1397
7613
3659
7164
1118
6994
6307
7342
9026
2825
7817
9375
6345
1348
1119
2049
5550
7263
2373
950
117
2135
8698
8008
1119
5505
6117
4808
6174
8279
8438
1073
8468
7222
1120
1112
6217
2733
8592
4841
9427
9622
6638
8801
1120
2992
113
2786
3892
7121
6947
3390
6195
3583
1120
7712
1436
4227
7793
7546
8499
709
191
2198
1121
2050
1724
2820
4399
421
9448
3568
8527
3969
1121
5791
8252
8609
6380
6898
9161
6660
9321
6161
1122
1794
5
9160
9407
7676
5957
4604
2040
2360
1122
3102
1239
8757
2585
4636
6217
9174
5002
4638
1122
8193
4097
2033
4313
8468
2689
3315
1994
6678
1123
2153
5225
6167
5471
6215
8304
2485
7907
5590
1123
5989
1999
6527
3282
9440
4487
7350
2636
8898
1124
1987
4072
1440
4280
9890
4303
6491
1036
9267
1124
3292
5808
9847
8502
2747
2471
4856
3025
5836
1124
8488
1115
8139
5484
3551
8252
7056
8973
5989
1125
2187
5999
4270
2448
7629
9451
5105
4652
856
1125
5994
2670
299
8189
4082
2200
3097
2932
5841
1126
2006
683
7455
6923
5845
9111
7955
3221
3302
1126
5018
2153
1298
7732
6909
2815
7510
8894
3998
1127
1017
1768
6552
4786
7429
9484
5406
806
1765
1127
2788
2707
3913
3942
446
6173
2906
8123
4599
1127
6985
8044
9194
3521
4322
5732
2258
5089
1986
1128
2040
1868
6304
2414
6135
8837
6091
5529
3472
1128
5496
1022
5500
8678
4176
8612
7350
5459
9259
1129
1103
7623
9076
6627
4822
390
5280
9566
6351
1129
2983
3159
4246
4366
9638
1766
3998
3851
8629
1129
7703
2406
2604
3403
6528
6741
8223
1012
9419
1130
2041
3111
1625
1411
9444
6640
8419
9418
882
1130
5782
4069
3753
4713
9336
4073
4608
3221
2954
1131
1785
4818
7715
5437
6871
3749
4800
1155
7636
1131
3093
3365
6724
8929
9212
5534
7556
6934
1584
1131
8184
1805
3792
1047
3132
4776
3813
3782
282
1132
2144
1705
6665
7744
7991
9599
1877
6113
4008
1132
5980
9006
1619
5381
6428
9606
2747
7842
4562
1133
1978
3393
7653
1181
2991
5166
8116
995
4390
1133
3283
7669
9341
5813
5188
5441
2618
366
9546
1133
8479
1771
4913
5360
8414
9306
5461
4700
2270
1134
2178
7115
5538
9306
7849
8101
9510
9318
4396
1134
5985
3235
2632
6191
1978
127
1279
2595
5117
1135
1997
7718
8902
5237
7652
583
3663
1036
1464
1135
5009
9542
2913
2103
9616
6110
2851
4578
8476
1136
1008
2231
4980
2512
778
3908
3796
7328
8267
1136
2779
4026
9792
1705
3632
2209
176
7605
2678
1136
6976
5813
6885
647
7997
3964
7442
6178
1451
1137
2031
1770
4602
8387
6006
4031
5243
8070
3321
1137
5487
5060
7526
8132
5260
359
6315
1787
7092
1138
1094
5800
5882
1466
5180
606
7699
599
5072
1138
2974
3207
2895
8380
2974
6112
1714
8426
2195
1138
7694
3000
4581
2181
6387
9344
1111
2178
4449
1139
2032
5368
7139
3614
2157
8109
9544
4625
9109
1139
5773
6652
6086
3905
1851
8748
2621
783
8325
1140
1776
7457
3971
7282
5016
1164
7372
8812
6268
1140
3084
6495
1892
4190
4664
889
1238
2581
4656
1140
8175
9659
5
9606
4366
1882
5362
1475
2152
1141
2135
7671
4520
9039
1161
281
2578
41
1333
1141
5971
7569
6526
7868
8879
9938
2574
2330
6096
1142
1969
5320
4064
5583
9636
6249
911
6528
2866
1142
3274
8309
6922
4834
4916
7696
4247
8445
3092
1142
8470
1604
6017
5337
2703
3939
608
5089
1804
1143
2169
9844
2970
741
243
5522
1270
6244
5112
1143
5976
8577
5118
9374
4726
1349
295
8464
6759
1144
1988
5622
8074
4660
7607
3081
1646
8458
9466
1144
5000
6258
3515
8214
7522
3753
4847
9754
1709
1145
1087
9136
7599
2942
669
6061
8813
6408
899
1145
2967
3128
7855
3539
8389
6493
5105
7915
7520
1145
7687
8821
5304
1859
4205
9459
4673
9441
5392
1146
2130
4257
2476
1476
8485
9621
1276
5266
9723
1146
5966
6461
7373
7009
5923
8153
2960
5849
7156
1147
1985
7742
1929
496
1631
5326
1637
8091
8786
1147
4997
7210
4121
758
7118
8637
7103
5817
5705
1148
1084
3801
5196
8629
6876
3773
6603
5826
1170
1148
2964
1132
3280
4500
6949
1345
9026
7045
3586
1148
7684
4638
902
4922
7789
1350
7798
9658
5435
1149
2127
4801
2297
5914
8122
1274
9864
2354
3592
1149
5963
1301
2218
6792
7552
8184
6919
2586
9821
1150
1982
2790
6433
6432
1887
1999
9223
155
9401
1150
4994
1386
8422
9354
9214
3143
3935
1197
2833
1151
1081
5901
3623
9246
5059
4107
7540
4963
7783
1151
2961
8356
2155
8613
1958
7154
4598
7872
9125
1151
7681
2775
6816
4814
5498
9407
3878
5446
3920
1152
2124
4948
5307
1555
6315
180
6414
1856
9252
1152
5960
2531
987
7454
1462
4625
4402
9781
8164
1153
1979
8307
9105
2422
9896
157
858
3552
4303
1153
4991
9311
4646
1814
1784
307
6969
5411
6217
1154
1078
2866
9114
7184
8897
2890
5894
3003
3725
1154
2958
5040
8117
4232
7913
9408
5232
6342
9824
1154
7678
2596
8517
7198
9849
6791
1170
3748
5528
1155
2121
292
5909
4870
2382
4130
4934
9733
5167
1155
5957
6255
5494
1798
3759
624
7993
5882
2855
1156
1976
7721
3878
6505
8869
8337
3573
9761
5363
1156
4988
2347
6367
9712
6156
7391
1687
5626
9658
1157
1075
2728
4905
2670
3687
3157
1898
7852
3723
1157
2955
6029
2671
8958
5512
7255
8514
1829
6922
1157
7675
6415
1234
6711
7634
8882
4084
4018
8381
1158
2118
8607
2028
9709
1022
9987
2463
9252
4973
1158
5954
2936
3339
8605
1966
7071
1104
3702
7549
1159
1973
6319
4138
1947
9319
4366
7503
5450
1624
1159
4985
8134
3284
509
8714
9892
7378
7777
7823
1160
1072
8928
7015
1577
8373
1050
2472
7593
4821
1160
2952
4746
7646
6792
5224
425
609
3691
2781
1160
7672
3254
338
598
6316
3433
6354
6006
7609
1161
2115
8837
3015
4792
273
2219
2995
4761
9243
1161
5951
2228
6500
4067
7295
230
5891
5803
4604
1162
1970
2608
6522
3345
8652
7309
18
1746
3273
1162
4982
1203
9460
9109
6925
1645
7748
1766
9526
1163
1069
6058
6228
4184
9400
1765
892
5735
9458
1163
2949
9691
3409
5088
4649
5976
3299
3134
2438
1163
7669
2345
8960
4007
8037
9326
8620
4224
974
1164
2112
3420
8444
6797
7082
3703
2571
7068
4143
1164
5948
5587
6496
4262
3690
777
2406
3359
3699
1165
1967
8559
3411
858
6309
7408
5959
5087
2469
1165
4979
3820
638
5625
8879
8400
8021
747
8546
1166
1066
4937
1260
8291
4602
977
6731
9006
1844
1166
2946
5776
2656
7172
7781
1043
2302
2067
3898
1166
7666
9698
1263
7021
4500
1808
7394
4911
6811
1167
2109
1391
6463
9485
427
5051
6020
6601
8427
1167
5945
7629
8476
2106
625
8302
8429
4594
7894
1168
1964
4997
2456
7173
1655
8672
8904
5857
5136
1168
4976
4055
5699
3680
9092
494
5639
2564
4101
1169
1063
5707
9168
111
1799
1046
477
6173
4272
1169
2943
6465
274
7417
8053
295
9680
9108
5195
1169
7663
5862
787
2531
6833
2245
3559
6538
9822
1170
2106
4222
9759
6393
7761
9350
9776
3208
234
1170
5942
7756
1886
4789
8234
831
5429
53
4867
1171
1961
1374
2510
4134
1794
6220
5189
911
3940
1171
4973
7891
4390
7035
4402
3946
3495
9036
631
1172
1060
9422
8301
7763
610
4638
2155
8927
140
1172
2940
908
3463
2179
6304
6309
119
6835
6298
1172
7660
2787
1886
8669
3814
1522
5545
3253
6913
1173
2103
1286
6174
6037
4479
7688
9498
8584
5773
1173
5939
141
2671
9751
4988
2381
3704
6872
2241
1174
1958
5473
5691
265
9388
129
5262
2775
8086
1174
4970
9040
9283
2499
723
4805
214
17
6194
1175
1057
1970
2913
7114
6608
7772
3792
3677
4026
1175
2937
5523
3899
6099
1914
400
1267
3139
8923
1175
7657
3688
3858
3395
7649
7251
2782
4135
2062
1176
2100
7954
1422
1202
3892
9733
8093
5464
8301
1176
5936
2163
186
7522
6426
6976
4388
8081
1688
1177
1955
1243
4424
1697
6412
4771
3443
3270
4271
1177
4967
8618
6043
5643
1327
7308
9075
6545
4248
1178
1054
770
6194
7558
4013
351
6772
498
696
1178
2934
7493
2855
6864
4533
7314
8567
4533
9948
1178
7654
6435
5968
4194
4148
8346
6984
1375
3733
1179
2097
2139
2151
5493
8954
515
2045
5837
3789
1179
5933
9530
894
4947
1243
2737
25
8954
8983
1180
1952
4354
6644
9305
2700
2013
8555
9719
3023
1180
4964
9925
1106
5550
4638
7684
6398
5133
795
1181
1051
7595
9763
916
4003
8825
4462
352
2278
1181
2931
1599
8332
3915
1896
2340
7538
4478
8531
1181
7651
4527
5011
4322
3252
8988
4564
5280
8574
1182
2094
6212
4174
4075
1303
8078
2898
4384
4466
1182
5930
327
3065
7707
4331
9444
5414
51
1742
1183
1949
1355
7728
8795
8768
3540
2349
3362
9480
1183
4961
2576
8210
9842
3310
9200
6629
7074
4670
1184
1048
5375
9099
8119
6959
3374
4397
6049
5467
1184
2928
1910
2723
7339
3413
3330
3615
8425
1712
1184
7648
7144
4187
2097
8318
5689
188
7317
4858
1185
2091
9009
4253
7155
9015
8568
606
5725
1914
1185
5927
8152
7876
7167
9284
1401
2629
8239
2523
1186
1946
5258
9081
7659
80
7770
1331
2518
7692
1186
4958
9133
3748
3874
1614
5726
2478
7439
605
1187
1045
9085
3683
290
8261
3122
169
6357
9535
1187
2925
4380
6415
2125
8031
526
22
5183
4128
1187
7645
7686
5621
562
1294
7601
8701
4051
6417
1188
2088
5922
1249
751
7862
369
6472
564
7359
1188
5924
6900
5638
3715
4049
3183
3855
4564
1117
1189
1943
2581
389
1678
507
7784
4255
2716
3486
1189
4955
2027
5424
2479
5310
4951
3478
4967
3198
1190
1042
5871
568
7380
8025
7753
225
6382
2009
1190
2922
8140
1029
3943
8848
1825
3239
9547
1511
1190
7642
6372
7570
970
9853
8272
9935
8800
5324
1191
2085
4235
7372
439
7319
8207
6729
840
4233
1191
5921
4108
4808
8337
4394
5893
3547
2183
4237
1192
1940
4801
9213
3301
3674
823
2713
5704
1041
1192
4952
1456
3131
5140
1674
1391
4862
9960
9375
1193
1039
9781
5530
7141
187
3482
856
2802
9746
1193
2919
4296
4933
7695
9793
3972
1605
3649
4749
1193
7639
3046
2262
3347
7199
1811
3140
2294
8664
1194
2082
3419
6722
492
6799
1587
923
2716
9539
1194
5918
2089
587
4621
4885
6426
550
6378
2427
1195
1937
8867
4223
7944
9937
9568
8295
6404
8205
1195
4949
8357
4166
1436
2965
7348
806
248
1912
1196
1036
702
7785
8177
7978
3164
571
1498
4803
1196
2916
9442
7624
6866
3194
5547
2035
15
26
1196
7636
4263
6962
7093
4858
8422
9399
6719
8454
1197
2079
9348
1670
4685
4504
998
321
2043
7971
1197
5915
5174
6407
9835
702
5322
9275
9533
887
1198
1934
6346
3370
2377
2812
1597
2241
5854
1996
1198
4946
3947
5251
9434
2313
8732
1634
589
5307
1199
1033
8882
9039
5269
7419
5325
8433
8827
931
1199
2913
8275
5171
6816
381
841
7202
7153
8779
1199
7633
9257
9217
690
4557
5605
2987
9243
6274
1200
2076
662
6350
2097
3953
4076
9948
4126
6942
1200
5912
3103
5329
1027
4083
3938
8719
1976
4567
1201
1931
5464
8599
2402
3238
6120
2523
377
6221
1201
4943
9945
6922
5804
9309
5838
4635
9117
6612
1202
1030
884
1886
6564
6853
8619
266
8578
9745
1202
2910
612
1079
2923
5116
116
5915
7679
9164
1202
7630
8930
8972
9068
7092
9186
3422
9471
3065
1203
2073
450
9104
7748
1685
5659
8603
6849
1154
1203
5909
9852
8980
1126
6854
8274
3282
2036
4990
1204
1928
569
4043
262
9451
3353
416
8108
8373
1204
4940
7695
9907
6815
8451
7626
6985
4115
7125
1205
1027
1547
866
1901
9839
9327
4319
5359
4761
1205
2907
1810
1261
2415
7976
7566
9647
1867
2488
1205
7627
1176
9096
1018
9641
324
494
3772
9203
1206
2070
8053
2807
3759
5376
2529
3701
2886
8339
1206
5906
324
8452
7458
122
3258
3976
4022
7347
1207
1925
2655
4166
8086
8302
5503
4378
7553
6488
1207
4937
8237
1556
7199
9021
9439
7763
7661
5718
1208
1024
4304
9644
8678
747
7754
8327
7609
9545
1208
2904
4231
8074
4211
9243
3241
7814
1395
1690
1208
7624
9925
9490
1648
9583
2689
2631
4022
5316
1209
2067
8031
1716
6984
2578
8075
5044
8249
1256
1209
5903
8443
960
6428
7522
9438
620
3092
3686
1210
1922
1747
5552
380
1184
483
900
4485
188
1210
4934
2834
2142
8059
5346
6512
1374
8509
7977
1211
1021
4402
4217
3629
9873
7604
9855
2769
1816
1211
2901
8027
3437
4192
1748
8108
6446
482
4022
1211
7621
7978
8568
1336
5606
5030
4473
7843
8468
1212
2064
3762
1673
4527
3221
1374
8285
9945
2998
1212
5900
9356
693
6253
9224
2684
9724
3653
4026
1213
1919
788
4758
3386
1055
1563
2076
9586
7325
1213
4931
328
9610
5887
8427
9039
2951
1648
3168
1214
1018
9873
8392
2385
6134
8173
6200
4806
3704
1214
2898
3395
5283
7564
7779
8105
6581
1706
5754
1214
7618
7206
1181
5301
6986
386
1046
2278
7292
1215
2061
5411
3063
9429
2042
525
5799
4717
6275
1215
5897
3672
5204
9545
1352
6766
3451
1522
9871
1216
1916
9898
6880
4711
1782
8709
8599
695
5192
1216
4928
2823
8981
2841
9142
8507
9529
3291
8686
1217
1015
1605
9209
2560
2133
3963
6186
2168
7307
1217
2895
6498
9441
5086
9388
9406
553
5469
5919
1217
7615
5872
4246
1201
2369
5944
779
2397
2118
1218
2058
482
6903
2816
4607
3157
8812
6888
2436
1218
5894
5412
3322
3701
7370
2906
4957
854
7546
1219
1913
1712
3318
6555
3917
7155
2292
2181
2299
1219
4925
5212
5754
1904
2259
1480
1125
3224
3575
1220
1012
4045
2516
3193
418
8985
5983
3447
4899
1220
2892
9476
7546
4183
6949
5906
5398
4652
6160
1220
7612
5147
9636
7713
5242
3421
6245
1497
5953
1221
2055
7930
6675
8582
8906
6817
4409
4307
7885
1221
5891
7997
8951
641
8476
1017
5973
4295
9742
1222
1910
1678
3288
5711
3812
6698
237
5497
4037
1222
4922
3788
9328
9905
8320
7348
9660
6263
5213
1223
1009
6806
8963
2055
6744
6373
4858
6133
2493
1223
2889
9092
1138
1012
1796
6400
6524
9559
6678
1223
7609
1157
9848
9881
6758
2499
1079
6860
4270
1224
2052
2589
1540
5922
2485
9964
3394
3656
3254
1224
5888
2497
9977
5016
2736
3392
6413
9229
9889
1225
1907
8954
3915
1700
5759
1784
6634
6524
6039
1225
4919
9581
9195
1187
9227
4724
3410
9989
4706
1226
1006
1884
2955
3865
8461
366
6568
867
4640
1226
2886
1145
687
7234
7712
5418
4067
1885
7876
1226
7606
1737
4757
3564
5817
8075
7181
6945
176
1227
2049
3721
1656
271
6992
7119
5761
3556
4310
1227
5885
9306
1620
7995
6294
8761
6743
1522
8125
1228
1904
8505
4725
6665
4835
948
2474
8929
7584
1228
4916
4583
9750
2624
3356
7670
4149
8163
5645
1229
1003
4890
1444
2301
7798
8508
6119
9034
3712
1229
2883
8473
8015
9318
2763
3891
548
8508
875
1229
7603
1656
5946
6499
4541
1034
7281
2426
9176
1230
2046
1676
5517
4964
8700
8942
6819
9373
2484
1230
5882
254
7917
8358
8251
721
2584
3338
4476
1231
1901
528
3968
447
2304
9029
2699
5498
4228
1231
4913
8516
1688
8087
2374
5271
2074
5837
2622
1232
1000
6398
4549
8956
2671
3200
83
1124
8219
1232
2880
4804
3057
4453
5929
5856
3196
3316
5202
1232
7600
8191
3506
5193
7391
6543
9645
4526
1351
1233
2079
3879
2718
1711
9355
2943
145
9707
7520
1233
5886
6113
2922
6983
6999
9187
2370
9546
1100
1234
1937
1116
7902
3740
4975
4622
1935
5628
7134
1234
5678
2171
7582
7451
4495
2677
9648
5371
1869
1235
1897
6786
3278
9759
5041
1334
7527
2663
8247
1235
4909
8863
2546
1577
4903
5957
5435
2127
4337
1236
1680
888
1143
3503
1261
490
5235
2044
2174
1236
2988
6178
3803
3312
7715
9080
2068
8416
6063
1236
8079
5436
9052
8881
4518
697
7137
5934
9804
1237
2678
4865
1572
3464
9685
3821
8624
3201
5923
1237
6875
456
242
8685
7515
9639
9266
1191
5710
1238
2038
8791
984
9273
9685
3529
7625
8775
4051
1238
5874
1952
8934
6594
1163
7308
3953
7528
5656
1239
1929
7089
4654
8204
7621
9230
656
4200
5427
1239
5385
3963
8618
9218
12
5014
9508
7640
518
1240
1871
8930
2896
8867
4457
9514
3169
5504
5965
1240
3176
4773
3919
2906
2182
4725
6037
7272
1085
1240
8372
9571
7351
887
9175
3869
2669
163
6940
1241
2871
9569
4559
4689
5054
9823
102
3320
6667
1241
7591
966
3188
8900
6622
2404
3791
9026
9400
1242
2070
9539
1440
9658
3098
1910
809
8322
9172
1242
5877
5728
6713
8799
9582
6412
3644
5857
940
1243
1928
7234
1795
2162
2209
6018
8301
2804
6295
1243
5669
1889
6571
5373
1598
7672
518
9751
6391
1244
1888
189
1060
9880
1927
8854
698
5391
8737
1244
4900
7130
253
4652
4725
374
9744
9448
9392
1245
1671
