985
197
6087
7978
985
9571
197
197
6591
1717
4591
238
2034
713
3449
1379
1379
1379
1379
1462
3193
1379
985
4153
197
1379
197
1379
197
985
423
197
3615
9685
2390
985
2588
197
1379
6996
985
788
197
197
2180
197
197
2314
1379
2379
4338
2072
2307
2661
5956
6172
197
8982
3683
1379
7358
197
3335
1379
197
985
8618
197
2572
1379
8028
1379
985
3335
6115
6967
197
1379
985
8078
2347
1379
3922
985
7602
2576
2152
1379
985
2820
197
8159
1379
1736
197
1379
1379
3716
1379
197
1256
6963
8266
197
197
985
985
197
1379
985
6371
7868
1379
7113
197
1837
6980
197
255
2672
6185
5420
4484
4647
1379
1379
1239
197
1379
6945
197
985
1166
1379
197
197
3857
197
362
197
985
197
6871
985
7810
1379
5646
197
3399
9828
8976
985
1379
1379
2924
985
5703
197
1952
1081
197
616
3956
985
9940
9959
4826
9096
1379
2003
1379
985
985
8183
9379
6053
985
1379
1379
1379
1379
3675
6382
1379
1379
985
9615
3305
197
197
1379
197
985
985
3549
197
7445
1993
8936
985
197
1379
9277
182
6832
197
1379
3937
9845
1379
9286
287
985
1120
197
6888
4551
1379
985
1379
197
985
9433
6211
9538
985
1379
3892
1379
197
1379
2868
197
5678
197
4388
4033
4087
197
5750
1379
1023
197
1379
985
6362
985
197
1379
599
5538
2721
8350
1379
197
9267
985
5213
6843
985
1846
1379
1379
985
985
985
197
9637
1379
4842
3205
7824
6486
985
5716
4753
2131
9453
197
985
7525
197
9263
9305
985
197
1379
8412
6892
1379
6073
1045
197
197
197
985
5364
5317
985
1379
985
2880
8847
197
3073
1379
1379
1379
197
985
9814
9296
985
3223
5829
6920
4787
1318
985
1045
6443
1379
1379
826
577
1379
197
1223
7430
1379
985
197
985
5608
985
6213
3186
985
985
985
197
7269
197
8470
2718
1379
197
197
1379
4836
1379
197
236
4817
6856
1379
9342
3634
971
985
727
197
8338
985
9720
985
6060
4853
197
985
1379
985
2409
197
197
9290
4192
6669
985
9118
1379
2282
3402
3006
197
9651
985
8552
1837
1379
985
2825
1379
1379
197
6123
4926
197
142
985
197
9563
1942
1379
985
1379
8426
6247
3910
985
1540
1633
985
985
6028
985
1379
7396
197
985
2877
3574
1379
985
197
985
930
197
1379
197
197
4626
3958
9465
1067
197
197
1379
1379
197
5769
985
6386
1379
985
1379
197
4980
1379
7454
1180
3876
197
7309
1379
2013
985
197
8708
197
985
9184
8012
1092
8618
197
197
1379
197
6038
197
1379
197
1379
228
4137
7327
985
985
5545
1379
197
197
985
9121
5412
9260
985
985
1379
5822
7322
985
5424
985
7714
8040
985
985
1879
1379
1379
1496
5937
9560
197
8828
197
197
1379
1379
197
3828
6789
5047
8756
985
3850
197
985
985
2754
985
1379
197
197
482
6265
1379
3473
7464
1379
985
5771
197
693
2580
7439
1379
197
6445
985
1379
2786
1019
1379
1379
985
9719
197
197
985
1379
1379
985
197
2953
8674
7359
9816
449
197
985
9690
5618
6385
8785
2852
2027
197
197
7481
985
197
1379
985
197
197
8191
9267
197
3154
4689
1379
9629
1379
1435
9456
197
1379
1379
7062
985
8221
3706
985
197
1379
197
4313
1475
985
3716
5896
197
1379
6150
985
5104
1379
1379
7246
985
8551
5985
6501
985
2930
985
9646
985
1379
4928
1379
985
197
1379
703
985
985
7224
985
2985
3898
1379
1379
197
1173
5787
1903
8862
8347
197
3401
197
6086
985
3520
700
3544
5025
4462
1379
197
4821
9165
5159
2379
4347
426
7973
985
1379
985
197
3414
197
197
9466
5241
985
1631
3137
9513
197
1379
985
5372
9796
985
985
197
416
197
3633
1379
2167
8277
1379
1379
1379
3295
358
8197
197
985
5618
6879
9357
197
3165
4450
1379
197
1379
5000
8631
546
6087
3031
739
9495
420
197
4004
197
6377
1379
384
3534
985
2161
3883
3049
1379
985
985
3994
7426
985
745
197
197
985
985
197
985
2306
4318
2828
1379
197
1379
7729
1379
1379
2468
8512
9797
915
2007
1359
5204
7502
1379
1379
985
5469
6391
598
1379
5314
1640
985
985
985
197
1379
8730
985
6642
197
985
197
197
985
197
985
985
1619
197
1379
6444
1379
197
2965
197
3252
985
197
197
197
5405
3781
8939
8461
1379
985
2710
5526
1199
9096
5632
4396
197
3295
1379
197
5330
9615
1379
985
1379
1246
985
2606
1379
985
8979
197
1379
197
197
619
985
985
4782
5390
985
1379
1379
2755
985
197
197
985
7553
1379
1379
7888
985
1665
1379
985
2415
197
1379
197
7580
898
7267
9102
197
8022
197
5098
197
1196
2955
985
2427
1379
1379
985
1379
9138
8205
4689
4480
7255
6018
1379
197
7987
985
5568
6466
985
6266
985
197
2008
7532
2472
5340
197
1379
197
1379
5852
985
985
2465
4119
985
7555
7800
4071
197
1379
1379
5622
1379
985
1379
6279
4165
8610
5594
197
1379
8990
3878
985
8742
5894
985
1379
6430
1462
356
985
3740
985
985
1379
197
985
197
197
197
197
985
197
2296
985
4807
985
5095
197
9289
1092
6066
1379
985
1379
8478
197
2728
8626
4532
8442
7108
197
3989
2628
197
1882
985
1098
3007
7024
1783
4690
3475
197
5425
1379
197
9711
1379
197
1379
985
8545
132
8100
5637
3792
7555
197
1876
9277
985
985
8604
1581
4551
1379
985
1379
4626
8524
197
8379
4066
9241
985
985
1379
1640
985
3453
985
197
6116
1379
4412
1379
283
985
8298
4621
197
197
2253
197
9544
6752
985
2173
8522
197
985
1379
3697
985
985
5049
4003
5148
985
6989
985
1180
1379
1379
985
7688
197
197
9445
985
8970
1379
1379
3919
985
7235
197
907
7179
197
197
985
8568
985
197
1379
2999
197
197
197
985
9129
1379
8790
985
4189
6544
1379
3758
8126
1379
197
1379
3000
197
197
2064
197
8868
6778
8246
1379
985
4794
197
197
985
197
5771
1511
985
1379
197
8769
8812
718
197
197
197
1379
1379
2245
197
6557
1046
9834
2150
985
197
1379
4493
3567
197
985
3828
520
4476
6456
197
8599
9066
985
1379
9165
1379
6868
985
1379
985
8020
1379
197
2762
511
197
3385
197
197
779
1379
9837
1379
8609
197
571
2683
197
4916
1379
7276
197
197
1508
985
197
5409
7075
4531
5447
1697
2504
197
1379
2214
1379
1006
197
9116
985
4766
197
1379
1379
1379
8525
197
197
4819
197
5436
1379
985
197
5601
9909
4443
5143
9115
7298
6149
985
509
320
985
985
197
7512
985
197
197
3432
6404
5864
985
985
3570
4723
8026
197
6325
1294
1379
985
985
8860
348
1379
985
7317
985
3818
8745
197
1261
8013
2400
9649
1379
985
985
197
3883
5327
197
4015
4389
8034
1973
4923
4280
4044
6926
1379
1379
197
3275
6840
1379
197
4004
7071
6721
975
985
7565
985
1379
985
985
985
3491
3988
197
3874
7189
197
4996
985
197
8505
197
8808
1379
197
1379
1237
3000
985
9721
5557
197
811
8308
4437
7138
8424
7469
9968
7580
9828
985
9719
8994
1379
197
9781
985
1379
1379
985
985
4792
4954
4670
985
985
1379
1379
9062
2536
197
305
5005
2882
1379
3614
5055
985
4247
4148
8005
985
1379
985
2680
5283
985
1379
5142
1379
3128
197
2626
5481
1379
7515
3595
1379
985
1379
197
1379
6054
9243
703
3337
1379
991
6515
9728
7707
3089
197
197
3146
133
1379
6462
197
985
3074
211
985
197
1946
985
197
9157
8926
197
8815
5278
197
7822
1379
8906
985
6577
2700
197
197
2861
8416
197
985
197
7194
197
1379
4131
7592
985
1629
197
1379
985
1379
1379
3157
6892
1379
197
985
985
6759
985
6521
6447
406
1428
8469
5990
197
985
1379
985
2717
985
9416
197
7556
6975
985
1379
9954
985
2640
9787
985
985
985
197
1379
985
1379
6938
3500
1379
1379
197
1379
937
4326
197
6077
1702
502
197
985
3796
6131
985
5024
1379
7625
1379
1513
1379
1379
197
722
4803
985
197
197
3428
9573
7905
197
985
5168
197
2022
7714
1379
197
267
1379
7350
4679
1379
1379
985
8153
197
7850
9196
4203
6771
985
197
1379
197
985
985
8923
4690
1176
197
1589
197
445
7443
1379
197
985
1379
1690
8028
985
6104
197
6316
2516
1379
1379
7241
9221
1379
261
6177
5793
985
3056
3756
7169
1379
197
1034
297
1616
1379
985
1379
985
3447
6527
985
7447
5393
197
197
1379
197
5621
9875
7752
702
1379
1379
3088
8425
1379
985
197
985
6788
985
8032
4598
6321
3204
4535
4619
8450
985
9377
7392
4929
8653
5584
7216
5566
5506
1379
1379
197
197
2559
197
985
8945
8302
8225
8571
197
985
909
197
6588
6290
8402
7037
6693
6966
985
2608
3256
4552
1379
2048
2407
9287
985
7119
9664
2778
197
197
1379
197
197
7865
985
985
985
9963
197
3377
4910
6689
6471
6047
985
6909
985
985
4782
9474
5414
985
1379
2382
197
9035
197
1379
985
985
197
197
1379
985
7616
1937
1379
910
6508
3592
1649
197
2281
2592
6343
197
5912
1379
5962
985
6441
197
6163
4771
1379
197
3558
985
1379
4894
9990
197
985
985
6965
6245
1379
197
1837
1218
1379
6714
6648
1379
4748
197
6639
353
6801
985
4683
197
4977
4985
668
4994
7696
5485
1379
197
1379
358
1151
985
985
7993
197
1379
6413
197
8233
6146
1379
8650
197
1639
1379
1379
197
1379
313
985
985
9186
985
197
985
985
1379
985
985
7753
2877
985
1379
985
5040
197
197
6782
3461
9187
4507
985
1379
9656
197
197
1379
9005
7465
985
985
1379
985
421
197
3212
9401
1422
985
4858
197
985
2889
5662
761
4896
197
6713
9409
2316
1708
197
3238
6666
3965
985
197
1173
1379
7371
197
1143
197
5881
197
2104
2593
6437
9632
1397
4956
809
1379
6439
1319
197
985
8040
1379
1379
6590
8154
1740
985
197
985
985
1379
2333
197
985
9920
6881
985
2577
985
197
985
5468
8358
6167
6758
1379
8010
7392
4306
732
985
3090
2169
1379
7367
1379
197
2072
7543
197
197
985
3019
1926
1379
1846
985
2368
985
6634
2367
7027
5888
4260
4675
985
9052
985
2627
985
781
1379
3517
5675
8229
5180
1379
3989
2715
197
985
7760
7478
1527
197
1379
197
197
9897
3038
821
985
8220
1379
3125
1379
985
1379
5089
197
2670
8493
1379
985
985
985
985
985
1379
7698
985
197
1379
985
7483
1178
985
1442
1881
1379
5847
1758
985
1723
5994
985
985
3820
197
197
197
6987
252
1379
197
6860
197
611
985
9226
197
5285
2606
985
197
197
441
985
1379
1379
3482
1379
197
9810
1068
985
812
6683
1076
985
4906
6521
704
197
1379
1379
512
2892
1379
197
1379
197
985
9673
4557
197
985
1379
1184
5427
1852
1379
985
7626
985
985
1379
8670
1379
4332
3704
197
197
189
197
985
4148
1379
842
3472
9344
197
9036
1972
3563
197
3867
1379
1379
4260
6266
197
985
1529
985
985
197
1379
1379
985
5509
1379
4056
4727
565
197
3259
3030
197
1379
985
2563
4176
197
2362
5439
197
197
8328
985
8888
9592
197
6095
1379
197
3069
1643
4958
985
985
1379
985
197
197
985
4553
1379
1397
985
1379
197
197
1771
985
197
1907
9830
1170
1024
985
1379
1498
197
1032
8462
5213
985
6559
1379
1560
9945
197
985
3000
985
1222
1379
3640
1379
170
985
985
6797
5982
4726
4100
197
6288
2852
1379
1379
2760
1379
1379
1379
4467
1379
985
985
6917
8927
1379
1379
985
1379
2054
2093
2510
684
985
991
9992
985
2606
985
197
197
1379
8981
985
197
197
5711
985
197
985
1696
1379
5308
985
985
1379
1379
4701
985
1144
1888
1379
197
197
6566
7087
4980
9738
1379
985
985
6065
412
985
985
8678
985
2622
548
9232
985
4877
197
1379
5978
9605
1737
2233
3986
4654
1379
985
1379
197
3563
197
1379
7873
6859
8711
7653
9598
197
985
5648
1379
666
1379
1379
7350
985
6268
7258
9100
1379
197
985
985
985
3413
985
9823
1379
985
197
9970
5834
3079
197
197
5001
1379
197
197
7205
2146
985
197
985
346
197
1242
985
197
1379
985
1239
1379
2892
1676
4793
1029
985
1022
7621
197
1262
7406
4926
197
4788
197
1379
985
985
985
985
6892
197
5104
985
2961
1379
985
8313
7497
7744
197
8704
197
4419
5364
1379
197
985
373
6738
985
197
4677
1379
9942
776
7837
5200
985
197
2484
1379
6411
7717
9370
197
836
197
4136
197
985
985
985
1379
985
1379
8274
9903
5188
197
1379
4266
3199
985
6447
197
3899
985
985
7177
197
5654
985
9150
4007
985
197
197
1379
1379
9571
197
197
1564
1379
1379
9182
1379
1135
1379
4630
5497
197
985
1379
1379
3000
197
7086
2907
4323
8942
1379
985
7587
1379
6617
197
197
197
985
6686
1379
1379
1379
3084
197
4539
8897
6359
1379
6628
985
5486
6988
465
609
197
985
1379
6815
8984
3422
5741
197
1379
2447
3688
1843
197
197
6759
985
9343
5553
985
1379
985
1379
1379
1379
1379
1379
7115
197
985
1379
8870
985
197
197
1125
1379
9569
985
985
441
1379
5045
8011
768
985
197
1379
8641
197
197
8490
1379
197
985
6249
1379
985
197
985
197
8478
3022
3974
3583
197
8054
3595
5175
1379
197
1379
985
8383
197
4074
8058
5825
925
287
985
985
985
1489
197
8659
1379
2506
985
7440
985
8437
985
1379
985
985
5150
4362
6839
4642
5376
985
7415
985
8555
1999
197
1325
639
1379
7310
197
5163
8986
1379
5532
197
197
1379
6563
985
3955
1379
197
4130
985
197
1187
6743
8353
7440
1798
1379
8898
1379
197
985
5434
197
6897
1379
1379
8974
985
3270
8055
985
197
3475
985
197
9482
197
587
1379
6891
1842
1379
7058
7870
4089
197
1379
197
8623
1379
197
197
1379
4507
985
2207
985
985
1379
197
9441
197
341
197
1735
6377
197
5045
6548
1379
197
985
5501
1379
1379
8876
4140
197
985
985
7759
197
985
3749
1379
1379
8067
1379
1379
4532
197
985
985
5723
985
1379
985
1379
8207
3970
6505
5017
1686
985
1379
4139
985
197
985
4558
5081
1379
4232
985
9620
1379
1426
9278
197
985
5140
985
7058
985
1379
2171
985
5162
985
1839
1379
8159
985
4454
3036
3147
197
7392
985
985
5509
1379
985
1379
403
8182
985
1757
197
2662
7660
197
1379
7465
985
8156
7574
1449
985
985
197
911
1379
8837
6464
9145
6815
197
985
4796
6063
9061
985
9168
488
3717
197
3131
4686
489
2118
9016
985
197
4792
475
197
3544
5715
1379
1585
985
2850
2566
980
985
985
9522
8855
985
9353
1379
7699
8306
6129
7610
8995
197
1379
985
197
2419
1379
5814
1316
197
1379
2742
197
3804
197
6557
197
9874
197
6663
985
326
197
1379
197
7157
1379
197
197
1379
3349
2535
985
4141
750
197
6589
3118
197
4726
197
985
197
4330
1379
1379
884
7241
1379
9466
8659
985
197
985
5685
8541
197
4964
197
136
197
985
9580
9683
1028
4822
197
9741
1379
6867
8580
1379
816
2916
1379
4560
1379
1379
6440
985
400
1313
4928
1416
3596
6873
985
8671
1379
197
6430
1379
197
985
7911
4876
2490
5885
197
197
2036
1379
1379
985
985
6728
2213
1540
3783
1686
1379
1379
197
8649
3598
197
197
197
985
190
6574
1379
985
9047
985
985
985
985
7355
1379
901
1379
882
1379
5867
2847
1379
1379
985
985
2770
8411
8567
1346
197
985
197
9805
197
7378
1379
1379
7432
5445
6902
985
985
6860
7039
3185
985
9749
1486
985
6990
6981
197
3227
1379
6466
6725
2551
197
4321
197
3116
9999
7846
985
5360
7808
9151
8045
6509
5328
4847
4605
7832
197
985
985
197
8212
3493
197
6819
1379
7707
4239
1379
1379
1379
197
1379
5697
9558
1379
197
985
5613
197
985
9237
197
197
197
6036
197
6250
4336
9941
197
8914
1379
985
610
6794
7396
985
7122
3422
3212
9919
985
985
7724
985
985
1323
1379
1379
197
197
985
197
1741
4030
5974
197
5153
985
1379
1379
1379
6622
1379
985
1379
1379
3202
9689
8645
985
197
1379
224
1379
197
4533
197
197
6966
197
197
7387
3431
2091
3551
197
985
1517
1274
197
197
197
1379
8449
197
4958
985
985
8773
1379
1379
3670
9190
1379
197
5033
6304
7201
1379
197
197
4179
5202
985
1379
985
197
4083
3175
985
8753
2719
197
4804
1379
7506
1379
4047
5465
985
3856
4149
6362
9621
1379
6574
985
197
985
1379
1957
197
1514
1379
985
1379
3577
3184
985
1379
197
1379
1040
985
197
3305
9625
197
4531
985
197
197
985
5874
2617
197
3621
197
9531
254
985
5906
8380
197
8636
4340
985
197
1379
985
985
919
197
7788
985
197
985
219
197
1379
1379
5874
1379
1379
1221
985
197
2576
8019
5383
6366
3342
1379
197
1379
9591
2283
6710
3498
8185
197
197
3546
3941
197
985
197
4931
4279
1379
197
1379
985
1379
197
7720
1379
197
985
197
1379
197
1376
1379
197
985
9475
389
1379
3042
985
9398
1379
1379
1379
6164
985
1288
3478
7040
985
1379
6833
197
1379
2821
2064
6974
197
1379
985
1736
4721
985
197
537
1640
6809
197
985
9522
985
197
8690
197
197
985
1379
7395
8245
1379
666
8073
1379
197
9306
197
197
8751
9276
1379
1379
985
197
985
985
4730
9319
197
1494
7725
5385
1379
2665
197
197
197
197
9542
5766
197
1379
5270
1280
1379
985
4307
8303
1379
6052
985
1379
3971
1379
985
1379
985
985
1379
518
1379
2138
9812
985
427
985
4622
8440
9211
7055
9016
9827
7389
1379
4502
197
197
197
1379
2505
1379
197
9537
1379
197
456
5028
985
985
7774
197
9070
3304
1247
1379
6419
8781
242
985
985
7525
6276
3131
6952
985
1766
985
1379
8766
2182
8734
1379
5609
2882
197
1379
985
1379
5560
6668
2520
1379
9921
3681
4612
8655
985
5042
8540
197
3503
5940
1379
7774
1563
2997
197
4527
197
8725
979
2819
8601
197
3625
5978
351
685
1379
985
4981
9730
8029
6653
8361
4543
985
197
985
197
985
7893
197
197
985
197
2061
985
1527
7606
197
197
8920
1379
197
8713
3407
197
4458
197
985
9541
3122
3787
197
197
197
1379
2486
5492
7151
1379
3158
6206
985
8906
197
985
6972
8771
8774
5752
3419
1995
2170
7866
4433
197
4433
9757
3627
1379
1379
985
2279
1379
3635
985
985
197
4270
985
779
5208
197
985
5904
5038
1379
1379
5996
985
1379
8737
4786
197
985
985
197
985
8359
1379
1335
8151
3346
197
1379
6163
2190
985
985
2487
197
4880
197
985
985
9024
2426
985
3397
1379
1059
197
7433
985
4712
197
5015
1379
5866
985
3011
197
1379
985
985
7199
197
1540
985
3262
985
9310
1379
1379
197
4033
197
985
985
1379
197
197
8010
1379
1135
197
802
1379
985
197
5265
985
985
5052
1379
7788
4080
197
1171
985
1525
8021
985
197
3897
8422
985
197
1379
427
871
197
1379
1379
582
985
985
6691
1379
9229
7902
197
985
1379
197
8451
197
985
197
3987
4560
7658
1272
1856
197
9111
6998
985
7880
985
2585
633
790
8746
4270
498
985
1008
2121
1379
197
284
1379
8844
1379
985
1379
985
8437
985
1051
1379
6736
9442
1379
197
245
4225
985
985
6157
985
1379
1379
9153
1379
9000
9350
985
293
985
2062
1379
1379
1379
1379
4470
1379
7880
9262
985
985
197
1379
1958
1379
9513
9151
4459
8635
1247
197
2682
985
197
6361
985
2011
7081
1379
1379
7111
6713
1379
985
7184
197
1823
197
1922
197
197
194
1379
9009
197
8759
197
985
7137
985
985
1379
1379
7846
197
985
1379
6680
1379
8447
3790
197
6470
9577
5801
985
138
197
6978
197
3254
1379
6908
1379
4679
2255
5601
1379
6230
7300
7266
197
1379
4898
197
197
9449
985
985
1379
5503
985
197
985
197
9236
5832
985
985
9108
197
5762
197
1910
1833
985
8417
1379
4238
1379
1004
985
197
1379
8737
2593
185
2456
3367
197
5752
985
985
1607
1379
985
985
1379
586
197
2794
1379
197
985
1958
4014
197
1668
666
1379
985
1460
985
7159
2627
1379
1379
5982
7840
228
985
8987
985
4562
2198
6076
7085
1379
1379
197
1379
8686
197
985
1379
3577
3578
1379
197
1060
985
2825
1379
1379
6423
9863
985
197
985
6491
8477
1379
4019
4444
197
1379
909
197
985
197
2862
197
985
1379
985
1379
5194
6708
197
1379
985
1379
197
1379
1099
6236
197
1379
8784
2179
1813
197
916
985
985
733
4699
985
3345
9090
1379
985
197
197
1379
6652
1379
517
2838
1379
2342
985
1379
315
985
985
1379
1838
985
8660
618
197
1035
197
1379
1362
985
4210
1379
197
197
1379
985
4851
4205
8312
1379
985
985
197
197
197
197
2527
197
8253
2963
197
197
8204
4844
6189
6930
1379
9561
5152
1668
985
197
197
598
3525
197
1379
9798
197
1379
8591
9575
1379
1379
197
1022
197
197
985
7480
197
197
1379
1379
1379
6795
7298
9342
1379
2407
1912
1379
4695
3354
985
7277
8913
8533
197
1379
985
985
3834
1379
4212
197
985
264
8177
6886
4465
1379
2476
2154
1379
8302
197
1379
197
9541
7715
3955
6699
1379
5127
1301
4485
3890
985
1379
985
8479
5962
5793
471
8413
1379
985
9368
5762
985
1379
985
1379
2466
8438
197
197
1379
3684
1379
985
985
2264
1379
1581
9561
985
5178
9440
985
1186
197
834
666
197
985
7401
3968
189
2282
1379
4935
197
8832
8066
9327
1379
1379
1379
197
197
3435
4304
985
1379
985
7613
791
9573
9262
5870
1379
985
1379
1379
985
1379
647
197
2464
1379
9921
1379
197
1610
985
2809
1379
985
8886
1379
142
197
1379
985
5427
1379
1379
9141
6827
1379
197
3108
4056
197
197
1379
197
1379
4762
985
985
197
985
848
197
1573
6042
5416
2468
4835
1379
439
985
7915
9400
1379
3847
3019
1337
8445
985
4671
3027
7289
1379
6107
197
985
7167
5400
1379
985
197
197
985
3222
1379
8916
985
484
197
3896
985
3930
9581
1051
197
985
5420
985
9775
3158
985
4968
1379
197
985
197
197
8873
640
1379
197
985
985
881
985
985
7397
1469
1379
1379
7454
985
985
7424
1379
4422
5520
9358
985
197
8764
3576
5599
1379
985
1379
985
9346
197
3715
985
1379
1379
985
1379
197
985
9420
741
1379
2201
197
7635
4012
1379
197
197
197
1980
1379
985
4492
1379
4151
3661
2919
395
4193
7111
3651
3677
7770
985
985
197
985
197
8627
985
4926
197
985
985
1141
985
3957
6992
985
1379
649
6760
8773
5390
9207
9281
1379
1379
9406
5681
990
985
985
1379
1379
197
3986
985
1379
6733
1379
9141
797
1379
197
985
197
5839
6097
7369
1775
1379
9772
1379
3888
197
1379
9301
197
197
4671
4023
2068
1379
9500
6830
1379
4169
8491
985
1379
5194
315
985
2334
197
1379
197
7562
197
1379
3787
985
9818
1379
197
4864
5037
197
985
1379
1379
985
4934
197
1379
1379
5991
6475
985
8632
197
1379
1379
773
2458
8430
985
9251
1379
6069
1379
197
985
1379
985
1838
8968
252
6100
9197
985
4274
5610
8395
3386
197
8585
1643
197
1379
8829
197
197
1054
7155
5912
9169
1589
7358
1379
4241
1379
985
1379
3993
985
2388
197
2583
985
3085
197
197
985
1379
985
985
6605
7468
1379
9518
1379
1379
3460
7645
1379
2115
701
5371
3229
197
985
1379
197
3499
6330
1101
197
197
9812
8769
197
1068
985
4207
927
1379
4509
197
2711
8182
798
985
197
197
1470
5189
2447
1379
1379
7401
197
4245
1379
1787
985
985
985
784
8232
8754
1379
1379
985
1379
197
1841
1379
197
197
985
6338
197
9135
8034
8888
1379
4326
985
2715
512
5796
197
1379
1376
498
2603
7095
197
5724
8508
6419
1379
1379
197
1379
985
2980
5447
985
1379
985
985
6165
197
197
1813
985
1373
7223
197
6041
8450
6161
985
4434
2146
1379
9204
6857
7854
1379
3399
1379
197
1562
3058
3313
5954
985
7355
6928
9799
1379
4960
8346
5068
1379
197
2316
353
9624
1231
3313
457
1379
1379
1379
8242
628
5353
985
985
985
1379
5869
197
734
3981
2970
2248
985
985
985
6400
1379
197
9616
1432
197
8818
197
1379
8280
9217
985
675
9791
197
1379
985
1379
197
197
1379
197
197
3515
197
3973
1379
4633
985
4814
985
4831
985
197
197
7791
6007
197
1069
1379
7755
9905
985
985
197
985
1379
7618
2762
985
3941
9763
1073
1379
9771
197
985
1870
985
1379
197
5854
197
197
790
985
197
2650
985
8957
197
9226
1379
9589
197
197
8174
3132
1379
1299
1379
197
197
1379
7982
197
1379
2501
1379
7207
197
197
4805
6738
272
8271
2440
985
7955
3821
197
1379
1379
6404
9650
1797
985
985
3609
7184
1051
197
985
8949
6844
1379
985
9152
5487
2882
7111
197
985
1379
4581
985
985
6047
5466
8893
1862
1379
197
1379
1379
5148
9634
2275
197
197
197
9496
985
985
985
1379
5949
1379
985
4936
7689
1379
1379
1770
7903
5747
985
197
197
1379
6050
4097
197
6590
7140
2901
5419
994
5722
7933
6667
4603
936
197
1379
197
2524
5947
985
3085
985
7628
985
2479
197
6198
441
5087
1379
8817
306
985
3547
9602
6148
3815
7855
5109
1379
1379
9704
197
197
985
4982
7169
5468
4363
1379
1379
6174
1379
985
1379
8376
4788
197
985
3877
985
1379
1379
9168
6188
9606
1379
985
9734
1256
1011
985
1379
1379
985
6378
3374
735
985
985
985
985
6821
3751
197
4847
985
197
7152
197
9266
1379
6807
985
9915
197
985
985
1379
985
985
7905
4139
985
1379
3935
5682
1379
197
7836
4284
1379
1379
4278
197
5145
8728
2438
3882
985
9516
7029
197
3652
1379
985
4982
8009
9662
985
985
7860
1379
8756
1379
6976
985
2256
1379
1379
4565
3730
197
1379
9436
985
985
1379
1379
9555
197
7736
1379
197
985
8169
985
197
985
197
197
7745
7702
197
9795
197
353
3885
197
1379
7678
197
985
701
3679
985
985
197
985
9116
2977
1969
4973
2502
985
5243
6164
197
6160
197
2811
197
6456
197
2795
7826
197
7606
1099
1379
985
9049
7406
9263
3229
197
7234
197
4249
2543
516
197
200
1379
1066
985
197
744
1379
985
9969
4071
197
4360
4872
391
6100
197
197
985
6838
338
1379
197
197
6459
510
1379
5485
3522
2607
1379
985
8178
985
5060
2567
197
9047
197
197
1093
985
8111
197
1085
985
8681
4856
197
985
1379
4230
1379
1379
1379
7998
5936
985
3063
9435
4201
295
5453
3764
197
4305
1379
819
1379
7694
7727
985
1379
6590
985
204
8581
705
197
197
985
4016
2200
7774
197
985
3371
396
985
400
9250
197
197
9430
5480
1379
985
6569
1379
1379
8707
1379
197
985
1379
1379
197
985
1379
197
985
4957
7160
985
1379
985
9015
2339
6767
5995
4029
5958
985
197
6600
9828
6077
985
1379
8459
5091
197
197
3698
2417
6034
985
5872
985
1379
985
5663
985
1461
9931
657
1379
197
4558
5030
197
4433
985
985
9120
4044
8520
3655
197
1218
9368
7114
1379
7659
9693
985
7645
5939
1382
6715
5262
7217
4608
985
2908
2003
3380
3498
9077
185
197
1379
1379
1379
3147
7876
985
4641
985
985
1379
9991
985
197
960
1836
1379
7029
8081
197
7212
2938
1718
197
1379
1379
2237
4004
985
7531
3586
9616
964
5128
2902
985
4667
1524
985
985
985
5206
1012
9787
4494
9086
197
853
197
5599
985
5703
985
5054
197
197
940
985
1379
197
3781
5981
1379
985
1403
9280
197
197
1614
1379
197
985
197
985
985
985
2867
4722
985
2789
8710
197
1379
1376
985
197
985
985
197
985
4693
2965
1379
197
7232
2264
315
8561
5282
197
985
7352
4946
1986
2676
8604
1379
197
4949
197
985
1802
1379
1379
6784
197
4835
1614
8991
2612
985
2941
197
168
1379
985
879
985
1379
1134
3409
1379
197
8782
4593
197
8099
1379
985
1938
6598
1379
985
197
8906
1379
9907
1379
8759
197
197
3521
2349
632
3615
2446
197
2397
197
197
1559
329
985
985
985
1379
3973
985
544
167
985
4150
4077
985
197
4003
1478
197
985
510
3696
197
6818
5903
5859
197
6128
9679
197
1379
3028
8873
1379
1379
6119
985
6830
2901
5345
8510
1379
4275
985
2850
7321
985
1379
197
3815
4298
985
1379
197
1379
9825
4484
1379
197
9293
1488
8686
985
197
197
1379
197
197
9397
7619
6901
9158
9871
197
985
5671
197
5555
1379
1845
985
8467
1379
4678
5666
985
5299
985
9278
1982
9115
1379
1379
197
197
1379
1379
1379
6182
1379
1177
4111
674
1379
6970
757
985
2444
1379
985
8387
8744
1747
1379
9212
985
8365
1379
197
1602
985
985
197
1379
985
9852
4901
1379
197
197
1379
6452
1379
7403
197
9642
3048
1379
1379
197
1863
985
1647
1379
1379
4385
1379
4063
8768
471
7964
3638
197
985
8427
1379
7790
1379
6452
197
1379
1379
6484
197
1379
1379
985
8519
197
1379
2947
1379
5714
985
1379
3870
5049
197
1645
197
1379
1379
197
8001
4714
197
1379
1379
4712
1379
197
1989
985
197
197
985
197
3239
6096
197
6614
1379
985
8093
7208
2835
197
1503
1379
1083
9437
9910
1672
1379
8239
6025
292
9917
1379
197
985
9957
197
4894
1379
5513
197
9791
5387
197
197
197
985
197
7708
209
1379
197
1939
197
9891
1379
985
985
1379
197
7873
5572
197
263
6917
197
985
839
9347
985
985
9438
6489
1379
1379
1379
197
985
1379
985
4186
1379
197
9823
6743
1379
985
5584
1379
197
1379
4381
8906
985
9586
9973
985
197
985
3025
985
1379
7508
985
1547
197
1379
1379
197
2423
5791
985
197
8325
197
1379
197
2607
6891
985
7875
6546
338
1561
3411
4846
6045
197
1349
1248
6462
1379
1379
1322
985
4986
197
6254
5105
3052
2691
1379
2127
1379
6709
985
985
416
1379
985
197
985
2720
985
985
1379
197
4911
1379
1381
1379
1379
4325
1379
985
728
2919
985
9769
2102
334
9640
7290
653
1379
1379
2448
985
197
9693
7835
197
985
9685
1025
3894
985
1334
985
197
985
985
2809
5938
197
7196
1379
197
4254
280
4513
7056
985
9166
947
7361
9547
3999
1765
1379
3407
1379
1379
1321
9414
9124
985
4900
1659
1946
3187
985
985
1170
197
1379
197
6574
1379
2100
5649
985
4842
8735
7346
197
4144
985
2126
985
1379
985
1379
1379
985
1291
197
985
6858
1379
1379
2173
9710
197
1164
5061
985
6416
3764
677
9753
2548
3409
4747
4775
1692
985
9282
2765
985
8839
8946
985
1626
7200
4598
197
5381
197
8347
1379
2061
9180
4429
1379
892
3613
985
1379
544
985
4707
5773
1379
1360
985
985
8509
985
197
197
985
985
6996
1500
9479
197
197
5995
1379
985
197
9838
197
1379
197
6959
1705
6819
2460
5611
197
197
197
985
9470
6505
1379
197
985
197
197
1379
4845
6828
6949
197
6460
110
4673
1692
1379
985
1379
4664
197
1379
197
1379
8758
1379
197
2878
1379
6721
4514
3663
5301
985
5016
197
6908
3548
5258
985
197
985
6418
1100
985
1379
3741
408
985
4903
1379
867
197
985
6095
665
1379
4834
5674
3034
197
197
197
1379
5976
9641
1249
1379
3686
985
6958
6398
1379
1379
197
985
7770
985
808
5314
197
5336
6727
7522
5229
1379
2439
985
1379
5966
2457
985
985
985
8566
3623
1379
985
985
5889
2881
197
1379
985
985
1379
331
6449
985
2560
197
985
197
8252
1379
1615
985
6061
861
1001
9828
197
1379
197
4486
1926
2760
985
985
985
1379
1379
5328
1379
2563
985
985
424
985
5577
869
2782
197
3334
1379
2516
985
5644
197
3790
1379
1379
197
5008
7686
8235
197
2284
985
6971
1379
985
5207
1379
7090
1379
197
5727
985
6971
197
1884
1155
1379
985
1471
197
9136
9233
985
3306
8192
5913
197
200
197
8116
2486
3411
5924
197
4136
1870
1379
1379
1300
2240
985
4973
9514
6809
5604
985
4172
6981
197
6346
2705
2804
1379
1379
1379
8943
1827
197
985
1379
197
9883
985
1379
197
1379
9325
7916
1379
5873
1379
4432
472
985
1379
8785
111
4914
197
1884
3046
985
7327
9401
8326
985
1379
6662
197
6489
197
9084
8753
985
4821
1379
197
1193
985
7068
4303
1379
9749
4523
197
6905
6825
9286
6054
985
197
197
1940
1855
3908
197
9839
197
5950
8755
2594
8284
8289
4252
985
1379
197
1379
1194
985
197
473
376
4198
1174
2319
6709
197
576
1379
1379
5762
9291
985
1379
1379
2803
197
8862
1379
197
7966
840
985
197
1379
1379
985
9162
1379
9750
9566
4804
1379
1379
3031
9563
985
197
985
985
2831
2559
4433
2765
197
1379
197
197
197
853
4605
1379
3538
1379
906
2673
985
1515
1563
985
197
1379
197
7100
1379
1379
4663
8569
197
1379
8341
1379
197
985
1379
1039
985
197
1379
7081
985
197
197
3077
1379
985
985
7135
197
833
3703
1379
197
985
7536
1379
5818
1379
9009
8791
985
8165
406
7644
197
3276
1379
1379
1379
197
7916
4184
197
4423
1038
985
975
6236
4240
117
4419
197
4525
985
5485
5364
5703
3813
1280
2027
985
985
197
3455
197
1379
1379
7083
3194
1379
8095
1379
1379
985
985
2094
1379
9182
197
4085
1379
7644
197
985
1379
985
197
3943
985
7288
1379
3546
6519
1209
4321
2476
985
4495
6829
4692
2685
1379
8988
197
2871
8080
985
5945
1379
1379
197
1379
1379
9662
1379
985
197
1379
1379
197
197
985
6263
6647
197
985
5192
3005
177
346
197
2125
1379
1379
1379
6733
1379
1714
2604
985
925
4098
2414
985
197
6237
3207
2506
985
985
197
1379
1379
197
9103
197
197
1379
8881
6655
197
5724
5729
197
5010
6171
1379
2106
1379
3266
8451
497
4891
8496
985
985
197
1379
6149
3862
1306
4382
1379
3621
985
985
1379
6430
197
985
1251
9063
197
985
5168
985
1376
4361
4329
985
985
1379
2652
9024
3086
7413
985
9627
197
9731
197
985
2012
197
1379
1442
7055
5092
1379
218
1379
2271
7550
7001
985
5789
9775
7631
6103
985
197
458
197
6044
985
9904
985
1379
2571
985
197
1379
1379
1111
9307
985
803
5373
4455
1379
985
7641
6407
6869
985
985
7520
985
985
276
1379
8669
985
197
2860
3188
2313
1379
1027
197
3855
197
1638
1379
1536
1379
1379
197
985
9053
4284
985
985
197
197
985
985
197
5051
6672
197
985
4098
1379
666
5079
1379
2074
5005
1379
4300
985
7807
5750
4697
197
1647
197
985
5327
985
1733
1379
985
4125
8225
985
2763
9386
1290
8889
450
2571
8547
985
6196
1379
985
8566
4234
985
197
197
985
1379
5111
9962
985
197
1379
8503
985
6299
1379
197
9703
5156
3339
5712
1379
3921
985
197
197
985
1379
1379
5777
1379
985
4091
985
985
5023
9396
2690
463
7769
7296
985
197
5750
4244
197
231
1379
197
1988
1379
1890
9803
197
9264
985
4827
985
197
1379
1379
591
985
2449
1379
985
197
9481
1379
1379
197
985
985
7868
985
5396
2261
197
8391
4555
445
6135
1379
1379
3143
1379
1094
985
1901
1379
985
197
9098
1379
3465
197
9930
985
1379
861
3292
6664
1064
985
6667
985
2415
4331
985
7513
5946
1379
2262
2159
197
6184
9871
7911
5922
3285
985
8068
4704
1379
7558
1379
9116
985
1738
985
1379
151
4800
5883
1379
985
197
1379
8844
4991
197
9049
1379
8842
1379
197
197
8672
1817
9084
6235
197
1048
7121
5893
216
197
682
1379
1379
1379
2246
197
197
1379
985
2709
2775
3461
1379
9121
5688
1379
1379
1379
1379
9939
1379
985
9865
1522
985
734
1155
197
1379
9764
4720
1379
1379
1379
6121
1142
5975
2055
6946
197
2166
985
197
985
985
985
3097
197
8191
985
1526
9550
197
8172
7548
197
985
197
1379
3314
8585
9610
112
2171
197
985
9268
6468
5432
3290
1379
985
1923
1379
3869
8518
985
1542
6626
2095
985
2861
818
7353
6262
2368
1379
7093
1379
2214
568
197
197
227
6042
1716
629
985
5609
985
985
5043
197
7184
985
197
197
197
1379
3806
4345
8529
5094
985
9309
985
8785
8024
8011
9220
197
6063
4215
5143
197
197
1074
1064
1481
985
3047
5777
1379
985
985
985
1379
5310
1743
985
1379
985
4573
1379
5071
6969
985
9819
5667
3820
197
985
1379
985
1202
9333
9424
197
197
3137
1861
6911
7708
985
6508
6639
1663
8947
1379
5476
1379
9818
197
1558
1379
5427
3225
1379
2184
3999
6931
197
4144
197
985
1379
573
985
985
2317
1379
9129
1121
985
1379
197
1205
8595
9432
985
197
1379
3439
985
197
2666
3645
985
985
1379
985
985
3923
193
333
1379
1379
4323
985
2328
2448
985
8017
1379
363
985
3339
197
3861
985
985
1379
197
197
985
985
985
9234
2284
1270
7625
1379
3884
2096
3513
197
2583
9426
1190
1379
197
414
9136
985
2731
197
2958
1379
7192
2007
8251
9034
985
1379
1379
5787
197
985
9495
100
5599
985
2685
1379
544
9739
6839
5066
7293
985
350
2935
1113
8876
9971
8917
197
4545
1379
1710
1379
8474
197
8266
1635
2263
3696
197
5671
1905
197
8282
3789
4036
985
214
2672
4619
5420
922
197
1379
985
4714
1379
3432
1379
197
1379
985
985
197
4490
1379
4137
9874
7908
197
7254
985
985
7138
197
5377
9519
4168
985
197
8162
1567
985
985
197
4775
1379
985
1379
6474
9047
2064
985
1379
197
4286
985
197
2362
8012
3888
197
9573
9969
1469
5307
7710
197
7154
197
5333
197
985
985
3479
801
197
1379
1379
1379
6704
1379
985
197
985
985
197
9316
2753
1379
985
1379
8743
197
8797
985
197
7866
7548
2913
985
985
1379
1734
985
9609
7949
3551
1976
985
1379
9833
7028
5783
666
1222
6056
985
5214
1379
197
197
197
4236
985
1379
5518
197
985
6798
985
3762
7635
1379
985
1379
985
985
8999
1379
4271
197
197
3837
1379
985
1379
6076
7977
5436
5479
985
985
2388
197
1379
2397
1379
1379
9210
197
9182
6656
1379
1379
1379
9526
2166
197
6904
4798
1379
197
350
197
2819
197
985
985
985
985
985
755
197
985
985
8085
1379
1379
985
8951
577
5244
2463
551
533
8215
5451
9161
3543
197
1280
5825
1379
1379
7641
197
8988
8866
197
985
5381
7207
2477
7161
1417
7984
1379
1379
6958
1379
3627
6448
6079
8259
5632
7709
985
197
985
985
8728
871
9996
4392
3687
1888
5135
3058
1379
6083
3635
1379
985
985
5048
5023
235
7785
985
197
7325
985
1379
5551
1379
660
985
3957
1379
7617
3090
197
7120
1379
985
985
1379
1421
985
985
4081
197
197
7478
985
1379
337
985
197
9142
985
985
197
2871
4446
786
985
6310
4042
6023
160
1718
197
985
1263
1379
985
985
985
985
1111
1292
985
985
5674
985
5371
1495
1244
1379
197
552
985
1379
1379
985
1379
197
4951
985
985
6704
197
5745
985
1229
9859
1379
2956
1379
1379
4014
985
985
985
2571
3007
4416
985
6526
1504
4017
197
6282
4803
1379
9303
471
197
1211
3165
1379
5412
1379
6021
8409
197
4685
197
4063
1379
312
7136
355
197
922
1379
197
627
1379
896
1379
4006
1379
1379
5037
9661
985
7906
1379
7554
7006
197
197
4859
985
6730
1379
6234
8736
7897
197
197
985
6925
8482
1379
8439
6204
7615
3006
8065
2793
7629
985
985
296
5440
6168
2430
985
2040
197
9755
8286
9245
197
1379
1379
8720
197
197
1379
197
985
1379
3187
985
197
197
985
197
1379
197
7408
8669
9762
1956
6631
197
1379
633
1379
8360
1379
1899
1239
1379
985
985
1000
3581
197
1379
1379
197
6612
985
5091
5943
8425
8077
197
2752
1379
1379
197
985
4564
5750
985
3602
3878
985
197
4003
985
1865
197
2284
7954
3397
985
197
985
1038
7888
9191
1379
197
470
985
985
1707
6265
985
197
197
9057
1379
4106
8341
3448
3580
4517
197
174
5751
985
1379
6678
9151
595
1379
4183
3972
1467
7461
3590
197
3305
1913
985
9947
197
6139
1379
3534
5313
197
197
1030
9679
5079
197
3805
985
5165
985
9877
197
6394
985
755
6299
197
9590
9714
1379
8980
985
6566
4357
1578
1881
1379
197
985
197
985
7371
1379
197
3826
480
3709
1379
7507
985
985
9615
5160
1379
9808
985
1379
197
287
348
2459
1379
197
1379
1027
197
1379
8891
7751
985
197
197
197
1379
3042
1379
5172
985
197
985
1086
6083
985
8810
857
197
199
197
197
7124
1379
1379
8723
197
6389
1379
197
985
985
985
197
5181
1336
985
985
985
1379
197
7170
197
197
197
4410
8816
300
197
6997
9551
1379
469
2366
4206
985
3759
8873
197
6613
1379
985
6890
4503
197
4341
197
197
197
1346
4366
1379
1379
4201
3186
985
8264
985
1511
1379
9038
985
7435
2796
7273
1379
3915
985
5443
5338
5237
985
793
985
4691
197
1379
2268
1394
985
1379
197
1456
3583
8866
7133
4205
2731
1379
5027
1379
1379
985
6780
1981
5185
7509
985
4793
1379
1379
9136
985
1379
1379
197
180
985
4094
1379
4747
985
985
197
197
197
985
1379
1379
197
197
985
197
197
3770
197
3202
197
4447
197
3028
1844
1375
3947
9853
1379
197
5233
1295
1379
1379
7822
3805
8599
197
7867
197
8314
197
6016
985
985
1379
959
985
985
2118
1202
197
7725
985
197
985
1984
985
7799
2955
1379
4358
985
3075
197
985
1893
7741
1379
5194
197
3506
9051
985
582
1379
791
985
985
197
5998
1379
5767
1636
1379
1379
349
197
1489
197
985
7886
985
5093
9095
985
5108
985
179
1379
7227
985
2833
197
8784
985
5813
3141
1379
3006
8621
3355
197
9649
5520
9954
7284
6743
9249
1379
197
197
9728
5593
2511
5949
104
197
2422
985
197
1171
984
197
197
1379
2038
7830
1432
895
985
197
985
197
1379
1379
197
3350
197
197
5300
5979
1915
4940
1379
6708
197
7750
3688
197
1379
4267
4228
9860
7865
197
1379
985
985
3048
5225
5208
1379
4152
197
197
985
6691
985
4635
1379
1379
197
1379
8570
1379
985
185
2378
985
5082
985
1379
985
3738
571
7561
7830
1379
6214
3195
3721
197
1250
742
197
197
197
1379
197
2719
4017
5429
1987
1379
197
197
4039
1379
197
4271
197
3841
143
4719
985
5312
985
1950
1550
2197
6591
4724
9773
5432
985
985
150
7631
4067
1379
2658
2554
6672
985
985
9652
985
3001
6995
4461
9263
8323
985
985
985
985
4118
1379
1379
8115
2648
7789
1379
3303
985
1822
7054
6335
197
5056
6348
985
5692
985
197
985
985
985
8320
5699
367
197
197
1379
197
9326
5356
2026
733
197
1379
197
197
985
1379
1379
1308
7883
6657
1379
6639
1379
5590
197
197
6099
197
197
4195
3256
9221
197
1379
985
3969
197
8115
985
2673
2085
985
2720
197
933
197
197
3603
6922
2334
197
5320
985
1379
7738
856
4278
3892
255
8523
6796
2408
1379
985
1379
2138
6401
1379
985
197
2419
197
1441
7518
1379
5850
483
2864
6442
197
7983
197
5623
985
2427
985
5073
4553
5717
197
1523
3355
1379
8421
985
1379
3098
1379
4434
8364
7840
1379
9569
197
1379
7114
9057
1313
6013
985
197
8534
3692
985
197
5112
197
8227
197
197
6881
197
7406
570
985
8288
752
6664
4120
197
7681
1379
985
1779
8629
8135
1379
5131
197
5850
4369
197
985
1379
3653
197
4521
985
985
2591
6610
1647
7338
985
1379
9161
6603
8538
5659
985
1379
2923
6677
3765
197
1379
1637
4794
1519
1379
985
1379
8138
8403
7714
4082
2708
1379
3564
985
8598
850
5474
5781
9478
197
197
197
7808
197
197
9869
985
197
1379
6678
197
5042
1407
1627
985
1379
3317
1379
985
197
1379
1372
1379
475
1379
197
4987
5607
4532
9140
985
985
1379
197
1379
1113
3893
197
197
7271
9123
985
197
1379
4377
3641
5273
197
1379
9077
7426
6039
4870
1379
985
197
197
4274
985
3845
1555
5434
6889
7651
7903
1379
197
8983
385
1379
985
1379
1379
456
197
197
985
1379
7656
7188
197
197
985
1354
9412
1810
1379
985
2689
1379
197
985
197
197
1622
1379
9684
4904
7588
197
7993
2802
985
1379
949
6331
6600
2568
985
9413
1379
4804
9318
4486
5098
985
7227
462
985
197
2356
985
4595
6329
5427
197
985
1379
985
1379
7531
197
985
3105
985
1379
2823
9723
1789
985
985
197
985
985
197
1379
985
7531
1393
4070
1379
5983
5813
4243
197
1379
1379
985
7108
4370
5898
2181
197
985
1379
6182
985
1379
197
6849
1379
5821
1379
985
985
9142
197
9088
7493
6669
1842
1379
5136
197
197
2156
6315
2832
2722
197
5900
6735
4392
4778
3900
197
197
436
380
197
197
6316
6188
4983
4896
985
985
985
6308
197
1379
2856
7906
9226
6720
1680
985
7901
3897
985
985
8007
3645
1035
6292
1379
197
1379
9327
985
6289
1996
7635
6099
4169
1307
7275
197
2932
985
197
1379
985
817
2339
9819
4884
985
6240
7532
985
8302
8434
985
2262
1379
197
1379
3806
5923
197
463
7094
1520
197
985
5904
4753
3273
1379
8538
1925
3510
2632
985
985
302
2094
4963
197
3911
2882
6781
9741
9413
1235
612
9195
1379
9411
7779
7120
3266
197
2652
2082
1379
197
1379
8985
7810
9804
1760
8014
197
8857
694
197
7816
1379
9136
6150
6670
1379
985
1552
7651
4764
197
1379
5528
197
1379
985
197
6624
6729
197
1379
197
101
197
852
646
197
3253
1238
197
985
3095
8825
8098
197
197
985
985
985
6641
7499
1005
4707
5916
197
3031
2599
197
985
1379
1104
1379
3588
197
8516
7812
9353
9744
1379
197
8592
1470
197
1379
197
985
197
9621
5765
985
6655
8234
8397
7296
197
7827
197
2787
1379
197
2154
5041
985
8824
4351
4375
2851
7790
6879
197
9335
985
8467
1851
1379
197
4624
197
985
1379
1379
197
7980
1379
197
1379
8474
2644
985
2898
164
985
1379
5309
2494
3729
7636
5180
1379
985
4355
985
1379
7175
985
197
8120
8708
5842
985
985
1379
197
985
1849
6640
1379
197
1379
2857
1379
6858
985
2641
2637
569
1506
2823
985
7397
985
985
6011
985
197
7415
5241
197
1379
1379
2083
6377
6015
7630
985
1379
985
985
2915
1379
1379
197
985
197
197
1379
1379
197
1379
985
2177
2858
1379
1379
8254
1379
8443
1379
2341
8356
1379
5358
7121
1379
197
9133
8846
985
197
9388
9988
2526
5256
3023
197
197
985
1379
1379
985
985
985
197
2837
1379
1379
1673
197
2917
9735
5939
1379
1379
1379
8281
5937
9117
985
1516
197
1379
7888
5717
5219
7164
1379
1705
197
1379
9629
8091
640
985
985
1379
1717
985
1618
1379
197
985
985
4230
1379
985
1379
197
5423
5127
3659
964
7340
985
985
1379
9181
9800
814
985
1379
5985
5622
1379
7448
1379
985
1379
3554
4785
985
1184
985
2227
1379
985
4788
985
5474
4169
197
2434
1276
365
985
985
357
2829
197
985
985
7877
985
9932
985
985
1379
197
7469
2007
985
5766
1769
985
6536
985
1023
1379
1379
1379
6983
5020
1379
5057
985
6368
197
4160
9122
7080
4409
3006
300
197
7992
985
4144
6713
197
413
4679
197
985
3458
8379
985
197
985
985
985
5210
5393
1379
985
7872
6585
197
197
5752
8413
197
197
985
799
985
197
1379
985
197
6444
197
1379
985
197
1118
985
7649
197
985
985
1379
1379
4500
3735
2476
537
197
985
985
985
197
2894
2799
985
3677
985
3290
7823
985
2163
2488
1379
1379
985
4588
985
1102
985
1379
1379
4959
985
1002
414
1379
1379
985
6132
2609
579
1253
1605
5872
197
1136
1772
985
678
1379
985
1379
1847
985
197
3322
985
8817
2391
1379
580
985
4521
399
1379
1379
985
5380
985
2510
5910
985
744
1379
7223
1324
197
197
197
985
2041
3438
1379
968
197
1379
7817
6329
985
5748
6447
1379
7862
5718
5863
1379
5458
420
197
1379
1379
985
197
2089
985
2872
985
9955
474
6497
6717
2195
197
1379
985
5019
2525
1379
985
6738
1379
7063
9733
7836
985
3263
6286
1379
5718
4399
1379
8880
197
985
985
1202
7207
197
549
985
197
6067
1379
197
7258
646
4519
4450
4069
985
1379
197
197
1910
9479
9344
7400
985
7679
6950
4961
197
9020
1379
1269
985
9679
6831
6227
4959
1379
197
1379
111
985
3797
197
3818
1379
9812
197
197
364
6156
3213
1379
985
4340
9793
642
5600
3338
5933
2134
3724
3683
985
1439
8546
6163
8119
1379
8602
1556
2948
2770
1379
197
197
985
8041
4816
9041
7527
6865
197
8202
985
8021
5512
2076
1379
4657
7608
985
8163
3783
9162
985
701
197
197
197
3749
985
7799
9250
275
7308
8620
197
4079
985
2594
985
7906
1379
2129
985
7293
3021
197
6758
1165
2641
197
5101
4433
1379
623
1597
627
1379
5764
4593
2469
6953
5031
1986
197
8617
4712
985
1379
1379
7418
1379
586
1300
1379
1379
1379
9087
197
1379
8861
985
3836
985
2800
197
985
2910
197
1379
5896
6710
985
4862
9386
985
2986
197
9805
985
985
9630
197
9003
786
8149
985
5931
2471
197
1379
1020
4657
197
985
7778
197
5862
197
985
197
2659
6356
3497
197
6883
9027
985
1379
1199
985
1379
1540
2956
985
7135
985
1379
985
6634
1379
985
1379
197
719
1379
9041
4620
985
197
197
1379
985
8235
8890
8160
1379
1379
5787
4542
6234
876
1379
1992
985
9167
1379
197
832
5440
272
197
144
985
1379
8279
197
5750
7430
2362
7916
1379
4613
4835
4857
9578
1379
1379
1986
197
6505
6524
985
1379
2156
6980
197
1379
5739
197
197
197
985
985
8722
3509
8911
197
985
1379
4057
5451
197
197
6314
197
2672
1145
8950
4577
197
1104
985
7495
9063
4912
6874
1379
985
7024
985
197
197
197
985
1393
3886
3144
7950
1379
985
985
9504
985
3630
4328
8625
1379
2865
9523
7840
1334
3511
6759
4359
985
197
3499
1379
407
2261
1379
1379
985
985
1379
4288
2108
985
3819
197
985
197
8972
9370
4680
4609
197
1379
107
8188
3723
1379
217
197
7724
197
7416
7179
2528
1379
8773
1637
985
1379
3379
8609
5532
197
197
1379
1890
4813
197
9040
8030
6157
985
3347
5560
985
985
985
5851
3454
197
1693
1379
1379
197
563
5735
4654
985
1379
197
985
197
3947
1727
1379
1379
1899
1379
369
1379
197
1379
985
985
6422
1075
3978
197
985
1379
197
9407
4249
6944
197
6944
985
8917
4768
985
9663
1124
1286
197
3134
4194
6475
1379
985
985
1379
7689
1379
197
7229
1379
2084
6498
3786
8138
3661
7460
6549
1379
7487
2352
1379
6060
985
7645
632
5350
2918
7081
985
985
1379
985
6279
6519
985
3062
985
197
4106
9669
197
170
8006
1379
2612
8107
4235
985
985
6624
2426
1379
1379
7126
197
399
4706
985
1379
985
3150
3319
6686
1379
197
3361
1379
1525
197
1379
8889
9616
361
985
9776
7193
4975
197
6464
5736
966
1379
985
985
2835
9228
985
7811
293
1556
197
3269
9288
135
1379
7398
9985
985
985
985
197
985
197
1151
9703
197
1379
8134
197
5419
197
4986
985
9556
197
197
1379
9065
1379
985
985
197
985
1379
197
1379
5899
3707
8427
1379
8316
985
982
2629
197
1379
1379
985
667
1379
7330
6942
582
2065
1379
985
197
2211
8020
197
985
985
9644
6546
985
1379
197
1992
1379
7149
1379
9690
8422
460
1379
197
5488
197
197
6568
3800
197
197
197
7269
8322
5092
7470
7056
9660
9975
4694
5473
4155
985
5537
8719
197
1379
7728
6186
1379
5121
197
197
1379
6854
4312
985
1379
197
1379
197
6418
6733
2248
1379
8624
1857
197
903
7482
9673
197
1379
1379
1379
7542
1379
1379
197
7023
4902
5491
985
1379
985
5098
197
5049
4220
197
3576
197
9241
985
985
1379
5754
985
985
985
3412
5208
197
197
682
9444
985
197
197
8052
6125
2300
8742
4868
5336
6032
6116
985
8859
985
1379
2970
985
2119
3617
6044
8900
1379
5509
1445
2557
197
1379
1477
5691
197
3547
1379
197
985
985
985
1379
8963
1379
1379
197
2203
8322
6557
1379
153
985
1379
1379
985
197
4234
5234
353
985
1379
985
1068
197
985
5372
985
1379
4478
7352
1379
2005
1197
8126
1379
197
985
5244
2129
1379
197
4855
7987
1379
985
473
985
8366
4322
197
5451
985
985
5618
7571
197
1379
1379
985
951
3789
6595
197
1379
197
9900
4023
1379
8545
1033
4383
3311
9848
5039
197
197
4365
1379
8609
2034
197
8236
1379
2581
1797
6737
197
2213
743
8730
985
1379
197
312
197
2847
985
2470
985
985
197
985
935
197
197
985
8809
5487
985
8051
2516
1379
985
6275
8510
985
1379
5312
6561
197
197
4222
2871
2104
197
1379
6608
197
8209
3192
985
1400
1367
8259
1379
197
8566
985
1379
197
197
9364
985
6212
7758
985
9210
4648
197
5450
2130
180
9581
985
197
5230
1379
8554
1379
4804
203
6089
985
197
985
1394
1379
985
985
197
2688
8033
1379
634
1539
985
4636
2432
197
985
8446
1379
197
6192
1379
804
8165
7719
3031
7655
9971
985
7645
6913
197
1379
6205
985
924
985
5493
9701
985
197
4793
2628
985
9579
7817
1449
4465
197
9875
1379
985
985
2081
7349
985
985
528
985
985
1207
6850
197
1379
985
985
9543
985
985
985
985
1897
1379
985
985
6415
1381
1295
197
197
1379
197
1300
1804
197
985
2580
985
197
1379
7941
590
985
1281
9037
9638
197
985
9038
1379
1532
7896
4391
8578
9170
197
985
6471
2196
1379
985
7466
3925
4809
1379
197
2558
1379
7753
8995
1379
5397
985
1379
1379
985
1379
197
7214
2025
7485
985
5566
7964
985
1379
9866
7907
1379
9114
3951
1379
985
6874
985
1379
1379
8189
4906
1379
8648
1379
2358
1379
5052
1379
7426
2631
985
985
1379
1428
2928
985
8313
4986
8368
9086
197
985
2919
197
1379
985
6910
1379
197
985
197
985
6885
5080
5130
490
9272
8859
985
5849
1379
985
985
7342
211
985
197
1900
985
985
6876
1318
3230
8386
1379
1764
4536
4903
5068
985
1689
197
985
201
4060
6115
1379
3937
1379
197
4997
985
9695
197
197
298
985
197
1379
280
3289
3110
197
197
1095
4714
561
4053
7087
7681
1379
4160
6595
1630
571
7579
8048
3908
197
1379
1200
197
1073
197
3412
6442
985
1776
985
1379
6272
985
2675
985
197
197
3400
4518
1990
197
197
1379
197
3488
7890
1379
985
197
8755
5034
1379
1379
9160
985
1826
197
985
197
2797
197
4015
8736
985
985
197
1379
197
985
3941
197
551
197
6956
985
8979
4666
1379
4791
197
4757
2986
1991
6673
7454
197
2854
1826
197
5504
985
985
5980
197
1379
5769
618
1449
197
197
4937
985
2680
985
6289
1379
9332
4267
5162
