4027
1470
5482
6807
1470
5782
1185
2747
438
4858
7346
3240
9516
4822
5742
7241
9288
4721
4190
3772
2422
4689
8993
8031
4219
8100
3328
2677
1005
3647
153
6802
3078
1484
120
1980
2369
1511
2591
135
9284
7236
7052
5687
3799
4615
6133
6068
5385
7223
3713
8779
8783
2944
4623
6126
7004
1170
5909
3440
3341
4041
7677
5394
2471
2391
2123
8801
7082
7724
1459
4670
2556
3350
7828
656
9005
7266
68
8640
1192
5345
1044
9479
2063
1990
6367
1175
9929
9215
5029
3221
395
6079
9341
312
111
7047
4592
8541
9436
6700
3254
3844
5703
7372
7339
744
3925
6791
4495
1750
3347
1909
3029
7954
4396
3130
8509
8334
9454
1737
5518
9275
5857
13
5277
8881
2448
1935
2883
3368
2917
5046
6034
4449
2963
3614
21
2401
3151
2649
3767
8232
5130
9502
4504
1111
323
6838
5522
5641
1039
1667
3997
457
5548
8822
8674
503
3813
2566
6504
6736
1806
6538
3980
672
7586
5715
4724
8325
935
5865
6192
8687
2188
8903
8031
5593
5015
8004
8149
5227
2268
8809
4566
2987
5553
129
2406
5484
8486
4616
772
115
292
3702
1767
2054
9432
9320
3974
1818
3787
6527
5542
6982
1362
4227
5001
5863
1931
1047
6051
41
8863
6276
3222
903
9480
660
8224
5496
1228
5037
1340
5363
4653
6114
9212
516
7267
5797
4887
4661
8576
8290
773
5172
3705
5875
2298
4575
7690
5357
6171
3891
1218
475
2387
9848
7560
1198
8397
283
3309
2274
7832
4459
8464
9501
2135
5107
4398
4966
2468
8198
367
8734
5919
7418
8526
2186
9434
9461
5282
7114
8719
2312
8618
2621
4419
5769
5710
6725
6191
5187
378
1065
7031
1537
4685
4944
6537
3955
1439
9993
4335
9456
2327
2724
1188
6588
5216
3086
9610
5442
913
4193
1843
8291
2890
4572
7304
1731
524
5836
1308
5743
4259
4171
1156
8425
9008
3328
1573
5070
3549
1179
5149
7671
7581
2567
3596
3483
3505
2107
3283
2167
4133
1515
7659
8614
7438
3143
5370
6776
1967
7177
5128
1222
670
6456
3978
6220
932
4475
7611
6156
949
8512
4512
2876
7320
972
1476
8373
5600
7274
8330
9974
7461
7756
9695
3957
183
2602
4296
5846
2080
5257
6960
4060
1110
3667
2060
934
256
2028
5754
8334
1323
4851
7037
6369
6459
3759
540
9664
5131
2803
3946
1099
177
9204
3357
4730
2711
143
4466
787
434
7543
2369
5402
8938
8541
9881
7196
870
164
7961
1619
4385
3080
2061
7467
5883
7172
7881
965
6478
791
2524
1542
301
7419
5219
7943
6762
9414
205
3175
7859
2816
6491
7478
5202
3894
6476
2578
6857
7065
8328
3629
8383
362
1091
4702
8232
6043
654
6388
4822
5575
1360
5422
3055
844
3703
4881
8192
1199
9653
8947
5579
4173
796
8972
4031
1495
643
8890
1336
5770
1746
185
3101
1237
3400
4457
7294
8899
6086
1012
9377
191
1280
9972
3951
7928
2868
959
7215
7023
8808
90
542
6239
7583
8443
1444
1373
1164
4295
1471
2228
7105
559
3089
1354
2078
7023
2525
7877
5524
1983
5117
3179
4601
842
3980
5045
5955
3548
9622
8611
9526
464
2927
5102
5812
8158
9698
322
1839
8979
6971
7325
1995
9284
7871
6539
7218
9663
27
6232
8388
8640
1807
1365
6813
4672
5761
4525
2851
6872
9496
9364
5532
8661
424
4194
1889
2666
6720
2918
2199
7997
7000
9925
7890
282
2169
9881
6721
1093
3924
4735
3660
9535
5838
4078
3920
4717
3033
2264
5931
5986
1414
2998
7008
288
2944
8628
8696
9340
5708
5110
2650
9920
8218
9645
4355
6335
1272
4558
258
2949
4606
7758
887
7050
9339
5509
1898
1196
1341
8607
9935
1238
8669
61
221
3935
9626
2318
4799
2753
5544
74
9511
2423
158
4427
8683
3013
2372
5263
6105
7052
3643
7041
195
3327
3100
2607
9492
8071
5923
4846
4661
5032
1885
111
3283
7841
6646
6449
6329
3356
8395
302
9110
5934
7039
3996
7449
3149
4969
2296
4922
2816
2550
1814
9596
8565
1891
3277
6280
1796
8273
4565
2288
3891
3209
9374
4726
513
6448
3343
5368
8671
9089
3994
57
4791
3672
7075
504
7672
3835
7566
3629
2001
1804
2166
3827
9290
4611
4759
3006
7481
8992
6160
8322
1715
4726
8966
4801
3473
4354
4128
5696
2424
1097
3547
6161
2814
9712
8373
443
2896
963
1360
9472
9986
348
1862
7842
1402
5497
2946
5630
7603
7608
8938
3556
4611
2150
6177
5101
9569
5676
6521
4158
9240
4441
9476
4075
8113
3162
550
8176
8758
3548
4618
7775
661
4917
2140
9415
2905
5733
2619
3382
6243
6815
4031
9396
9798
461
1374
2318
3983
5235
569
9349
5658
9478
7574
1080
5562
9554
2702
1600
8816
8706
1430
2105
4071
3949
3484
7236
6622
8448
639
6812
9699
1265
6904
9873
7459
6163
5227
8912
3888
6121
6041
6614
2708
1164
406
6336
937
5593
5355
9341
9928
7038
9237
9244
5050
4943
1924
9674
6381
5158
9982
8604
9736
8801
8534
764
611
7016
5491
5439
173
4593
40
3164
7358
7206
9837
621
8786
8579
908
1487
1220
2725
8882
8927
7245
9886
6905
6738
2228
4727
4795
2525
4030
4807
1966
1224
1147
3848
2532
7439
2623
5014
7024
242
1881
1110
6799
8965
5505
4682
5969
3336
2491
2668
2763
3949
3455
2082
1561
2296
2475
1802
4365
5181
8393
9228
349
4753
6962
859
8671
3931
2199
370
3580
5287
7149
2371
2633
711
4848
4189
5331
5749
4215
7270
4012
8670
3293
1569
5708
9648
2644
1147
8286
9959
6440
9842
6043
7681
3701
5986
6749
5099
238
1310
9302
6531
3629
2391
7046
2287
6232
5180
5980
5241
4727
7796
1703
3039
3200
7320
7998
5443
8559
6898
4664
7664
394
5576
9586
2661
3262
1775
1923
5552
7178
6464
2057
8764
1825
8737
237
6903
6101
6077
2119
8579
3287
5293
5947
551
9625
5337
8220
8525
1903
4444
9782
2443
9649
3615
5635
8812
8099
5884
2796
1910
9437
2745
5034
2441
9898
4649
1348
7858
4000
7568
2392
7864
2286
9149
7341
9929
9266
3828
1312
5698
9681
6340
9046
2982
4002
2863
5066
2049
9194
5290
4729
5321
4806
7605
5240
8117
6881
785
8496
1440
3769
9177
6219
6752
4907
8363
4125
1038
9880
8436
4047
5598
5617
3583
8263
4768
6691
1342
5009
1554
5515
213
6654
9094
880
8039
9905
8368
3321
2788
8780
1600
9879
1317
821
8461
2875
6034
4367
2240
586
3633
4183
4029
4183
7252
7010
5988
9518
5304
9074
1086
3541
2148
1858
6550
7603
2017
1282
8324
4653
7385
2134
1099
673
3598
7986
8939
2705
2765
9112
4400
6075
9969
1628
3280
6666
6122
663
8360
2287
3420
9237
9271
694
3545
8224
6912
4772
2134
8422
2262
7973
1936
1277
2447
9043
5581
5428
7501
9679
2816
5257
7290
8776
5475
1759
7959
8553
2317
3478
4819
8438
2060
4924
2058
1111
4833
7173
6567
8357
6529
2743
6578
4911
4614
4235
9618
6164
4321
703
7556
4229
6282
4885
5594
1412
4557
8830
7835
1914
9685
7792
1588
5070
5653
241
8259
1619
5170
2910
8599
1167
4348
9950
778
317
3915
7384
1546
7812
4306
4737
4177
1488
4102
7434
7174
2019
6531
1066
6191
804
9889
9926
4410
1746
3399
6384
4963
7954
8938
410
3339
2159
5923
4479
1358
273
8351
3463
3429
8191
418
5633
1079
1627
3639
2774
5120
5080
2489
9946
8194
8101
1765
7406
2564
6016
9289
3575
7616
4739
8931
7227
7483
7350
9141
8821
4719
4979
4836
7318
6688
3015
9731
4651
9847
7932
7843
745
5087
2251
5420
2749
8450
7412
3036
9366
6767
1314
1320
5957
1278
4114
5804
6018
9623
5792
3564
10
6904
6692
7054
6844
170
3671
1872
9335
9630
4326
8778
1095
9928
5776
4988
4312
4309
4522
6343
4669
5705
6602
6102
6299
9926
1279
3187
2327
7545
7031
8716
2928
5938
2343
549
8002
3143
8891
8875
4371
3627
9429
8606
4663
2843
9853
2126
6580
247
4546
5461
2187
3190
5177
8330
2986
3256
8172
3840
3819
3428
5934
7756
4774
2120
1519
3558
1878
5743
1312
7900
3765
1313
6665
9485
1968
8667
9272
4837
4499
5491
3603
7066
8774
6243
1086
5795
2226
7462
3317
8547
5824
6258
592
3981
5830
1683
7517
1783
1767
9565
6173
2270
2625
1089
1807
6056
3815
4115
8433
1886
8361
3067
8340
9211
2650
5977
5068
1024
2629
5767
3912
4910
9764
6740
4669
3817
1709
5232
9890
8138
2114
5177
8316
9115
7540
4327
6951
1670
612
9919
1625
5003
5432
4191
9536
3638
2069
3334
2814
1404
7613
9253
1883
4248
776
7629
9888
7545
5015
4477
1579
2217
9878
3815
7479
5852
4028
9787
7056
772
8643
4717
691
4196
5644
9954
4757
9678
4108
5159
1853
2155
6148
2330
4241
289
4047
9211
8400
2909
2566
6605
7633
937
5330
587
8941
484
8081
7819
8627
7503
9661
4809
9606
6990
3894
1816
6836
1750
9471
3643
6703
477
2584
2727
4108
3759
1382
791
866
2392
5828
6767
9117
5338
6424
3424
9017
4988
3526
4220
9228
5746
636
4982
8607
5656
607
7978
2340
396
276
4740
731
3614
6993
7327
3596
4499
8858
9162
1153
9710
9418
8255
7928
3412
9041
1568
7726
9889
7206
2070
5001
2668
5743
7465
7714
9878
564
5116
383
2047
4077
9117
2112
7123
6031
8950
5560
9312
6693
6647
5923
9873
2133
1704
6066
3046
8604
1957
1497
9255
6088
1437
4025
2430
8161
3885
8422
7903
9493
3913
5318
9207
9230
3337
1540
3974
5901
7382
9709
3857
5362
4176
1600
3269
5289
7226
3301
3935
9205
8738
9781
9613
8617
577
3160
3786
8553
4695
7114
3161
2660
1318
2491
6344
2733
3048
7168
2646
3695
7201
7688
886
2481
3589
7054
3708
1436
9264
4126
344
7460
5839
980
1417
557
8674
1251
3344
8692
7631
1296
4632
2513
1981
9668
131
240
9185
8025
4494
9695
8151
1816
4000
8893
3276
3940
7569
7516
1861
7367
7665
7178
4387
1644
6960
4794
4032
6818
245
6249
7428
8710
991
2567
7971
155
4924
3026
5999
1090
5019
3254
9346
4892
2409
8550
6060
6158
35
4020
6056
4484
4088
5985
2421
4904
6645
3233
6662
7961
9729
9213
9632
7534
9573
330
9639
9919
3078
3192
7973
220
8040
3960
9751
2604
5203
2393
4081
2958
4826
3272
2151
1833
4817
8112
7802
1630
6847
4958
4077
3964
7588
4285
6108
4480
5730
1434
9057
8391
3319
9976
7816
2274
2244
1902
5235
5244
3533
3108
8044
9435
3966
7983
66
8056
9000
4683
2147
7482
6482
4201
2320
2354
5697
3250
322
975
9772
4988
1304
1033
377
7421
2519
5380
4030
2807
5751
9721
8514
4260
5004
8052
1881
1543
8076
7834
3978
4862
7479
8755
5070
1504
1791
7372
1356
9292
4349
9090
7495
1321
4852
8400
8040
2918
561
1980
4409
9342
4208
8220
68
3893
1259
6022
4606
1295
7193
153
6880
2061
4349
4813
6064
2990
347
6678
211
4229
5155
1132
5190
6171
9456
5450
9569
4911
2167
18
4926
7387
4779
8871
9827
7777
9386
7480
6652
7019
6740
1183
8572
2165
8292
2785
7903
7297
5681
4807
4243
3527
6858
9943
8093
7638
3431
518
6834
9833
2989
3352
3650
5594
5590
3901
2910
3369
104
657
7564
5316
5424
4781
1446
9052
1583
6640
5418
7407
484
1684
3567
9685
9869
6949
2851
8744
4185
7910
8622
1634
4590
2690
4364
4923
4739
1287
972
1455
4893
6838
3004
9927
4646
6389
9089
3452
1003
4226
5429
446
1903
375
8519
7057
8705
5497
3568
8533
7529
8043
769
5427
632
368
5348
3462
616
9539
9468
2000
7957
7667
5348
9208
2808
6436
4099
2516
4011
8465
6361
7693
2324
3636
1299
3154
7305
2455
338
6605
4152
