6271
4251
3311
1021
7058
5536
649
9243
2102
5174
4099
6306
8439
1719
8321
4633
2149
2373
6726
4925
5843
3141
9231
5931
7182
3094
6953
588
5056
1790
5663
5127
3777
7224
3435
728
5136
5491
5762
1954
2043
5025
6841
3598
3906
7388
3193
7404
4869
4898
5628
3146
1689
2311
4644
2637
3271
5959
6710
7963
5549
5792
795
7141
8002
377
6829
9514
3603
9395
5303
4470
8078
1270
7184
6633
2412
1063
6848
992
7419
6124
899
930
7701
675
7138
7275
9543
6757
2340
8658
5256
6005
7642
5413
9094
5950
469
5251
4348
5856
2904
1548
2641
4840
302
8818
5640
3785
5642
7811
9205
7436
1820
5223
9538
2125
6276
6071
9424
1107
5224
1272
2714
9808
8152
7543
3749
7248
5326
617
1263
3127
5948
2982
7453
6999
7396
9596
6856
1070
7578
3983
7101
5728
5253
1535
2951
7546
6447
5974
7731
2799
1091
5675
3130
3813
4352
8808
7755
533
5846
3898
1500
8402
9786
2649
7016
9840
6965
7878
1237
6743
5857
7651
5168
3066
5530
8369
2283
5622
8366
4167
6595
9720
6408
1728
8903
8339
5410
1054
2278
6905
1390
2639
5332
487
4860
2243
5160
8759
2694
1590
4350
7987
9590
3883
7481
9535
4428
7463
5995
5546
1389
3687
5024
5139
1451
4889
8639
5468
3625
299
9439
9598
1344
4662
2954
1949
2653
746
1362
3051
9779
9387
4167
348
6595
6020
748
4436
5799
347
699
7481
7618
3966
337
627
9733
3245
1488
723
2098
4880
7175
2163
4348
8277
1330
4948
7823
3824
3156
9352
677
4709
2259
2643
8795
6287
4671
3515
8904
363
2063
8523
2049
7271
6619
5996
1122
1043
6258
4215
8522
2280
1226
5808
9126
6367
2957
8851
1814
6036
6316
6145
4783
6351
7448
7852
7800
9709
4712
3106
2265
3526
7916
4282
5051
7388
2480
9435
1851
8965
8685
2983
2158
7162
905
8022
4456
4881
9078
1115
9093
3294
1680
9213
7043
5146
1209
962
3314
3833
2356
4435
1454
8279
2320
1341
809
8168
3856
8658
7434
4146
7974
3397
3242
9350
6171
7990
3955
2253
8788
7682
9079
326
292
3485
2765
7805
8599
3066
654
1909
4882
2499
1905
8306
2590
9595
8007
3437
7885
4502
6184
7592
8746
8830
7769
6143
7560
2475
4703
9640
7603
4071
5179
6911
4195
4009
2821
556
9591
1012
7720
9756
3253
412
991
3460
7377
9189
1623
3598
3849
848
5524
2294
9365
4059
682
6433
7429
1274
9544
1086
9262
3926
9568
5010
7523
6450
7381
7452
2355
5738
4278
3050
6857
1830
9417
3417
8436
2600
4316
6168
4658
3640
5094
2408
9593
1099
5557
6656
6486
4077
7007
2855
8458
4501
1964
9691
6864
3753
4843
568
3833
1560
6454
3534
3235
2569
7736
949
9310
2212
1645
1482
8518
7878
1074
3803
9008
8409
3288
8466
5707
2559
2552
2101
5190
4613
5085
4007
7951
1486
4405
1882
9756
752
7798
4426
9431
851
6686
8755
755
6110
3233
683
4126
4274
4132
5222
2503
2471
6818
5223
3759
2924
8885
1681
381
535
6690
2901
3014
1719
6451
4659
9842
6184
8542
1342
8037
7678
6978
9262
8355
5205
2290
8558
9570
950
9333
8533
3265
8902
8820
4201
8010
8275
6427
9800
3801
239
8201
2383
989
4884
9093
3211
1952
5308
4294
5732
6937
5350
8074
5455
2673
9518
5016
470
2936
8524
9600
4002
1414
4145
4407
2783
893
1274
7078
7273
5204
3177
5388
1620
6034
4627
7935
2530
3913
9471
2334
9760
5135
3988
6555
4745
2909
2884
2624
2589
5984
3557
358
5138
7334
8744
5041
6427
1012
7012
888
7005
925
1518
339
4744
663
5538
6012
6275
410
1184
5173
2954
3661
280
9727
5355
4779
2351
369
7410
9528
1044
2449
6734
8564
4374
9570
7729
6320
3042
8134
1933
6788
893
9061
6903
9288
5070
1355
6423
2902
7337
9771
5303
9467
8415
8471
5246
5330
2925
5531
6577
9013
1513
443
2692
7356
4544
6423
8493
8956
4155
4541
6280
3579
5688
8313
6647
2401
485
996
1684
5811
2742
987
4508
5919
4302
8420
4816
9147
1644
2745
1796
8219
835
1371
738
4230
948
6739
3001
1989
2166
6739
8779
8561
2700
8606
2860
9785
4063
8502
384
7744
6446
2142
3622
632
1019
2175
1310
5872
5631
5034
7936
9256
1580
8969
4275
4085
2009
3957
2100
5637
6286
4206
7763
6232
708
7238
2300
4937
5541
5509
4371
6552
1017
1471
7971
3790
4025
2949
8182
5251
7552
2286
5761
4487
8203
3852
6033
8555
5199
4637
1180
6348
1380
3415
5744
8342
1168
7460
1110
8870
3966
4248
5097
7567
2863
4129
4126
5397
1016
9133
9199
427
1153
461
4635
4876
4784
5593
7208
5956
2120
1000
6588
407
961
9815
6429
7756
4592
3581
1086
3708
8469
5824
3861
7490
3716
6825
1443
9805
5147
268
5436
6895
6841
4814
8557
7729
9066
5039
6245
5575
4702
7989
1945
3832
9388
2888
8753
4983
3832
5694
2942
2809
7569
6170
940
6186
5349
5315
7734
6384
681
6156
3485
6512
8647
7526
9198
7739
1029
4294
3376
8402
7885
345
1953
2899
3053
4104
8045
312
1174
3426
5400
3019
8642
6209
2090
5305
1689
2334
5935
8641
8408
783
2616
2755
5407
3487
7278
1037
4056
2909
3396
7208
1186
8408
8558
1128
7970
8653
964
1501
2944
3369
4316
6024
7272
7263
1602
6916
8017
7856
4265
2704
9004
7132
9232
9179
1746
8348
3954
1962
3194
8947
6502
7757
8014
8104
2524
7639
1184
6019
6156
4168
8228
3768
4804
3433
8241
5322
6899
5773
3031
7720
7255
2158
9380
7951
2889
5392
8391
4007
1702
7047
3740
3978
4275
2078
8333
3414
5287
5159
4182
9744
9478
4615
6916
4394
1376
7705
8486
332
8341
3350
8229
3285
3232
9247
5753
6862
3786
377
5160
879
7923
394
9596
5672
5313
3869
8945
2204
565
7115
3523
5024
1922
8957
1360
6915
7915