3620
280
6433
6761
565
1637
9635
1935
6143
2252
7863
9464
9406
2362
1773
1179
6393
1617
7509
1400
2800
5600
148
150
152
7307
6594
5180
484
3756
7329
4000
2606
6885
5071
9117
3153
8191
3942
5383
1865
905
7870
3477
1048
3316
3987
9449
1
100
10000
800
900
1000
4238
2175
7915
4038
9860
9834
7400
7785
7981
9096
9416
8943
3340
6414
2215
978
7930
2288
4245
1176
6976
6983
8237
4773
6853
5778
1590
1563
8069
1726
1326
9031
6714
5158
2182
6507
5287
1
4
7
65
195
585
4345
9630
869
4464
9968
4888
170
1555
2638
1586
6803
3231
3633
4877
8576
7219
4462
5234
4521
4533
4545
2
24
288
8155
7394
2786
4854
7999
5779
547
5450
2217
7562
1238
9632
2118
7075
2620
9736
6972
5910
3201
6144
1059
3017
7105
5219
9541
5689
1805
1723
2595
8206
5630
8162
2317
9184
4636
8401
8966
4920
3088
110
4235
5312
6838
9675
3106
1633
4015
1269
4425
5311
5341
5371
4
120
3600
8498
2264
287
5184
3651
8324
2601
3663
3720
1148
4125
5920
790
3145
1066
6212
3691
5801
3512
2985
3140
3166
3192
1
26
676
1111
2232
198
8922
3041
972
4466
2408
8822
1215
4513
8774
898
7688
3386
7492
6368
4865
7088
5440
4610
1224
1084
2906
7861
5237
3883
4227
1657
1664
1671
1
7
49
9226
2972
6743
4039
134
3810
383
2168
4822
8862
2879
6183
9546
297
7809
3564
1509
4871
8162
6905
6648
9714
6991
7037
7083
3
138
6348
9666
5925
1583
8985
1242
297
9333
6109
4176
984
7322
9910
8549
7229
6182
3168
8149
1081
8091
633
3207
2700
6795
6845
5026
798
5365
2213
2238
2263
1
25
625
2848
2121
635
3633
2031
1099
7695
7104
2880
5697
2977
8594
1065
602
4885
376
394
412
3
54
972
474
9482
7621
1650
2684
778
7018
3379
8064
2730
1266
8204
1066
5846
2355
9095
2603
2625
2647
1
22
484
5854
2561
867
7704
3837
422
2407
3475
7902
6591
4040
2709
9558
3747
9366
5795
7738
9819
1763
5357
360
9513
4836
6084
2934
1661
8115
4176
3549
674
8349
3503
5491
4188
6589
2867
9880
6373
8477
5924
5932
5940
4
32
256
1466
2057
6919
6187
6897
8723
3759
8719
6703
6995
2200
3937
2301
9309
5041
4533
8216
9720
7919
5257
2937
8885
7923
9335
4726
121
8288
3263
7537
8861
8546
6444
7304
1525
1643
4632
6828
8009
5161
3428
298
7085
3400
3428
3456
1
28
784
4464
7419
3046
6401
1811
3525
5429
5791
1279
678
9452
5367
2661
7884
8265
8193
8573
6130
3017
5245
5799
7774
3840
2951
6533
2978
4692
107
3464
3491
3518
4
108
2916
8352
8337
8353
2351
9219
544
3786
7420
5726
9814
7410
4034
6500
6131
1465
699
4506
4647
3752
4415
3680
6634
350
8984
3444
9392
5802
3383
4582
8985
715
2152
1145
3213
2697
1558
9296
7444
2733
9731
7475
6052
8748
516
7850
3365
845
895
945
3
150
7500
6000
3517
5798
3710
893
2759
213
2530
8638
858
5940
4362
5718
7702
9271
7827
3178
1192
1237
1282
3
135
6075
8127
1476
2078
9009
963
1319
4068
1487
5375
1642
4538
407
1403
7496
9461
8147
8740
2010
3120
6748
6808
2350
167
611
9844
5395
9347
3485
4904
7177
862
4414
9012
5100
6790
5138
6296
1355
7456
3317
4720
5168
5199
5230
2
62
1922
2714
5408
9943
7468
6540
3110
9635
6437
8059
6200
3299
5647
9973
9162
2368
9313
8964
4032
4082
8176
1449
7881
8925
2050
3078
8395
7348
443
342
5629
5663
5697
2
68
2312
5524
9743
9050
2854
2277
3276
5185
2337
3560
4325
2338
7142
4031
7030
7008
3642
6480
1982
8737
2177
5039
7923
539
6977
3953
5383
3383
3665
935
9053
6637
8255
210
5959
1316
1351
1386
3
105
3675
2698
3865
1815
6261
4587
1323
2268
9736
536
8371
6985
1365
2226
1405
3928
2011
4061
3385
9486
1151
3837
297
4377
3625
4619
4623
4627
1
4
16
1126
5182
1217
2203
8604
7756
4117
851
5401
303
8714
1841
9546
8749
8170
253
5390
5901
9152
7940
4505
4127
5097
1122
4643
3740
8252
3362
9389
5931
5834
7333
912
258
5974
6552
5585
6826
6848
6870
1
22
484
5745
6260
7148
1168
7702
1532
601
5512
3776
6850
3877
1857
4606
5076
7062
6873
7620
9266
1538
5577
5625
700
4898
8059
7417
5696
7208
3884
3238
9236
636
6703
7414
8578
6519
3825
3872
3919
4
188
8836
8682
7095
3442
5754
8731
3042
794
4175
1798
3058
2059
8187
3783
3014
3973
3978
3983
1
5
25
6488
2035
5984
4961
7427
263
3349
1920
4745
9052
8441
1085
4569
8812
8777
174
2529
3632
5324
5422
7651
9750
6973
7521
227
6762
9609
5815
5855
5895
2
80
3200
8733
6925
9318
1789
8565
3637
7506
1148
6256
7538
8500
6822
6912
2937
488
4172
6898
7473
8215
1618
5156
8050
5314
725
4099
1594
6220
3953
2599
4699
7423
3900
3397
5591
6570
5549
5963
6963
2729
5736
7392
8671
