9468
-3805
181
-2251
4760
-1564
-4316
-8596
613
-6079
2132
-5848
3584
-7275
8612
-4551
-39
8078
6266
2665
6579
-7993
6146
1299
-3715
-4503
8651
9740
-9042
9895
-2715
-4479
-2070
6157
2565
-5244
-8236
-9315
4106
-1291
-5644
-7104
-1796
976
5345
-234
4523
-1039
6559
-9524
-4447
-9107
-2309
1911
6360
-2584
2810
83
-2271
3231
-8501
5420
34
4596
-9044
-7713
-291
-9998
-7118
3202
3768
-2574
-1869
5019
-7345
9779
3201
7349
-3802
-5246
-8573
-9181
-2416
-1150
-4438
2252
9720
6835
8161
3946
6457
-1575
-4489
3772
7593
-3584
-8989
7732
-8649
6425
6212
-8864
-798
-7673
-5951
5814
6843
7131
-9718
5648
-2819
910
-3846
-289
8869
-9944
1176
6159
-7271
-3604
-7386
-3625
1103
2146
4300
-7657
-9108
9954
664
-6502
4590
-5092
-6211
-6681
-2934
-3185
3033
-8299
4097
-1376
-7271
-9101
1842
5598
-2499
5632
-8564
675
-8266
9933
-7046
-121
-4420
4043
704
-5545
6401
-4810
3244
1711
3540
-2547
-6998
-2466
5568
-3783
4177
1807
8034
1752
2925
146
9327
-2542
-6937
-7285
2917
2766
8814
3674
6638
1968
-1818
-8283
-3135
9522
-84
-9254
5419
-4716
-9754
3148
9706
7364
-2601
-8417
-9902
399
-6360
-2392
-5748
-3853
-7968
-6933
1276
-7705
2563
-3807
807
-341
-6516
7898
-5981
-4105
-3778
-9357
-9323
7522
4865
-6074
3740
1366
2625
7531
-1124
-7136
6915
-3136
9971
-7768
-1204
764
4996
-9502
-7707
-4556
-428
-5687
-9531
2341
-2047
6146
-9848
5160
-3657
-8861
8549
-8091
1330
-9628
-3923
-5159
189
-984
-9587
-3928
5516
-1798
6868
3898
7400
5811
-373
-8689
5295
9486
-8218
-9144
-2283
-8694
-390
8047
67
-3892
-5885
3890
-3097
6811
2704
9723
-9294
-9893
-4363
1700
-8706
252
-3743
2026
-2016
-6127
-9069
-4876
7674
-9662
8937
3370
-5195
-252
705
-1224
-9353
7839
-8743
-6656
-2382
8007
-4620
3593
6849
8376
115
9545
1553
5089
-7200
7692
9287
-4317
-673
-4981
-7277
-4065
-5496
5549
3781
-2598
7804
-5533
1007
1500
-946
2683
-2383
576
615
6332
-2716
-5618
153
8755
3066
-9170
8659
-6185
-7546
47
179
2241
-3279
-337
8062
9405
3145
-128
-1441
7561
9709
-4202
-9906
5277
6698
1226
1356
6174
431
5637
3844
590
3138
9413
-7929
-9675
2927
784
-63
493
-3463
1047
-9844
-2744
-350
692
-3644
7280
-7855
-8993
2131
1053
-9981
4492
-2104
-4926
-1832
-7001
3942
1697
6388
-4167
8389
1265
-2827
-902
-8614
-3874
8572
-9512
1284
1736
-9533
2293
7739
6285
1912
5928
5194
-4245
5515
-6961
-2038
5416
-7716
-6547
-5759
4836
4288
-7055
-3139
-5232
5981
-6905
-4481
-3838
-3618
5587
6183
9412
-972
7711
8927
0
7013
-6843
124
4399
3814
-8455
5119
-8207
4051
1222
9582
-9742
2687
-8705
-8055
6885
-1366
-738
7151
4148
-2839
6995
7602
9660
593
-9914
-5578
-1370
6761
927
-4972
-2538
368
1405
-8422
-7529
-8658
2544
1297
-9743
-5883
6911
-4176
-3636
-4763
1280
6024
-7524
-9769
8294
1306
6205
7286
-2373
-9974
1889
4418
5679
4259
-5863
-1456
1687
5957
-4509
-1952
-9646
-9693
7715
1486
7262
-5672
-1358
5550
4580
8953
-229
-3543
5991
4440
5929
7593
-6857
6044
3249
4238
-761
2873
7563
-3754
-7214
-6129
3391
-1947
-1107
6891
2251
2742
-5057
6188
3596
8535
2926
-8396
-306
-6468
-7428
9266
-6860
-1358
5503
923
-9197
3697
-2835
8609
-639
-1643
-3071
7332
-5559
-3925
-203
-927
-9139
-8623
444
-9481
-7643
4939
1612
4349
-9515
1250
-759
6411
-3110
-7127
2650
-562
-7303
-8605
-4649
-8345
4521
6830
1468
8383
9632
-1911
-8052
4622
-7297
2500
6213
246
1920
8251
235
-6345
5621
-5591
9703
-1129
-4646
-3113
513
6784
-359
-9992
-5048
-9564
-6707
4238
185
6904
-7910
5564
2202
6751
-1465
-9011
-5918
1768
-2636
-4166
7605
-6203
-9531
4806
-3985
5623
1142
6068
0
-3816
7610
5687
9619
-1814
-178
1114
-9959
2034
-4313
4311
-845
9122
-6950
-7155
-5984
-9790
-4534
2778
6088
-6024
135
-2894
1541
2639
-6103
-1138
-4242
8381
6427
5881
-5213
9077
-4586
8603
-9813
-8708
9914
-7587
-1328
-2651
1927
-7141
6390
7835
-4519
3980
-3185
5299
1356
2263
-9435
-5192
3709
7148
7908
5132
-4935
9859
8726
5643
-576
9757
3711
8232
4973
-9519
7755
-1946
4198
-2082
3889
6073
4506
-332
8526
-8312
3894
-2535
-445
2236
8501
3598
-9205
8290
2016
-753
-1079
1711
-1827
1719
-3660
3875
9543
-8845
-715
-4350
-9609
-5385
-8789
-7968
-5023
-4634
4319
2586
-9550
-2809
-4816
4048
2509
-4905
3770
-6606
6031
3876
5381
7728
-9470
8657
3668
1462
6046
7389
-302
8393
3595
-9231
856
1130
8129
-2424
3870
-5806
3167
-6845
6577
2779
-5837
4824
2669
4784
-7859
1042
-154
-5184
4014
-8167
-6503
-3946
-1615
5710
1693
8284
-3923
1699
-1682
-4561
-8499
9570
4541
-4559
-7680
-5939
9484
4463
2394
8307
-8506
-1404
6843
1322
-8036
-5905
534
-9824
8215
-4021
6878
-4157
1636
3067
8711
-7599
-7143
4733
-8431
-127
9677
-4330
7061
4185
-1663
8671
-9810
-5966
8635
-9377
-2826
-4882
-5123
5911
-4293
-1549
5742
2088
8362
1323
-6028
-1956
-4805
2440
-7246
-9354
3243
3606
4689
6205
-5071
-1737
8484
7242
660
-1533
1352
-8972
-7208
-956
9104
9218
-2968
-4397
477
-9803
-9512
-8087
4399
667
-7368
-5968
-3498
4779
4471
1535
1516
-268
3593
9163
-6298
-8795
-7601
1319
6595
-8538
7172
-2148
2550
-3603
-8763
430
-8380
-6932
-3947
-5603
457
-9165
-4108
-9517
5493
1773
-3094
-3257
8177
-5172
-1994
-2449
4159
751
-9402
-3116
-1861
4034
1246
5436
-3797
3051
-8463
-9899
2698
7168
-3959
-4935
-9427
-6411
-9819
6295
-5899
-7558
-1634
6299
2673
5572
-778
1462
2083
-834
1152
-9478
526
6241
-6964
-8724
-980
8809
-8544
2592
-7246
6891
-6679
-2878
-4205
5842
9256
-555
-4437
-2294
6969
-569
-8917
-4207
-9268
-3685
3759
8913
1078
2622
3309
2545
9322
7944
2168
-4776
-7966
-9934
2135
-2006
-5372
5327
-3479
4553
-706
3696
6863
-9827
5976
4734
-2172
9230
3043
2662
4482
-2119
7029
-332
-6934
2793
-519
-7453
-3930
-620
-9482
6573
-21
-3967
-3115
1552
-2874
-6396
235
-1186
-7231
-5810
-3453
-8390
-1516
-6613
-2292
-8257
1667
7733
8209
6999
8282
5669
-2188
-8443
65
-7294
-2024
-2230
-4955
-4072
3062
8680
-9755
7162
9031
2691
3262
-9252
-1422
2293
9563
4415
-9043
-792
7124
-126
2543
-2391
-5416
9677
738
4442
-7170
3492
7134
8230
1903
-9732
549
6639
1949
-5794
-3153
3103
-5377
4117
-1805
-8819
8282
-3664
-5888
-8213
939
5466
2945
-8658
-9540
1459
-6908
4712
-776
2520
-2505
4080
3780
-9248
8259
3106
5958
8658
9734
6873
-3650
-5179
-3637
3586
-9354
-3007
5026
-3869
-4966
-8008
8787
-5274
588
5914
-214
-580
-3035
-3556
-9074
-252
8241
8978
7751
-131
4550
-1726
6935
-5687
-2951
2308
-3049
1661
1856
4423
4071
-2685
8674
3125
-9133
6004
7259
-6279
8075
3578
3989
5754
-6165
-6294
8103
9629
8571
-6053
-7688
3219
2618
4044
8793
-1521
393
-8668
-5675
9773
9338
-702
-7951
-5792
3674
-6410
4535
3849
5153
755
9860
-9040
-2206
7193
7400
9952
2403
-2344
7193
-7496
9611
3151
581
-6009
-991
-1267
6146
4152
-8854
4863
-1969
9274
3032
-8500
2791
-4440
-7101
9041
-5953
3611
4506
475
-3673
-6072
-2695
-308
159
8782
6764
1402
-1329
-3273
-1876
-9056
3376
-2338
-2309
8028
1843
2055
-3216
3202
5096
-6471
-9114
467
-9393
8876
8298
-685
-1081
-2421
-9598
1412
-9877
8083
-6825
-4705
9292
5235
-4383
-8715
-8409
4744
1784
-3410
-5400
-3002
-8638
-2540
-5012
-6809
-9293
9726
-7568
-8173
6316
547
-6221
2861
106
-6761
-6658
1690
-694
-6666
-7198
2968
4467
1713
-7934
3699
-2545
-3668
9605
-9451
-4363
5037
-7797
-7393
-3873
-4230
7685
8021
-116
7865
-5403
-3579
-4052
-9143
1527
9256
1322
7816
8457
7248
-8168
-6038
4619
1897
655
-9895
6123
-1208
-5344
5970
-3328
-2601
2653
8477
-1416
137
-1083
7182
9079
6330
7291
-313
-4894
-9908
9925
-341
-7248
7765
9321
-2289
4467
7180
7097
-56
5454
1361
-511
-511
-6470
4064
-6633
-3389
7614
4406
-4792
5469
538
7717
8308
1284
-910
3495
8336
9377
4061
-6784
4714
-3554
-2313
8600
-1675
4595
9473
-5811
-1877
-9879
9535
-6903
8574
-4410
2682
-3651
8472
-1550
581
7581
-3335
-8845
-620
-7123
2226
8026
-8934
-6910
3439
-2584
-5936
-7375
2931
-9718
-5606
-3265
4854
5654
-7519
-1182
5996
2069
-3164
162
-6415
-1153
-6586
9003
9702
1245
-1050
7223
-8200
1282
-9949
4897
-7219
-3114
-3920
-3108
-7754
-9951
3879
-3587
7058
9631
-3648
-2069
-503
-2583
5878
2959
8451
2068
424
-7608
-1697
-3327
4876
-483
-4764
1783
-6069
5721
-8203
423
7133
195
8441
6517
974
-9402
6430
3531
-3861
-6652
9139
9351
4251
-722
-8392
8746
-5798
-5859
-963
-6869
9218
3238
-1409
-1372
-2563
-5664
9703
-1993
-9614
-7223
2331
2883
-1061
-3455
4668
693
3391
7566
-5764
-9854
1746
-3622
6863
6511
-3857
-4089
9981
4289
8438
-1410
-1895
-8004
7857
2558
-3623
5792
8527
3753
-3572
8991
1585
-29
-5681
-9266
-5775
5245
9704
5390
-897
-9292
-7663
7023
-4144
-9980
-8411
3291
8956
-7796
4633
-998
-5600
-3850
6007
-2508
6528
9193
-2876
-8976
837
2783
-5563
7566
2543
4349
-359
4971
-4223
4559
2903
-19
6222
-2218
-2171
-9899
-1242
-4738
6616
3865
8906
-684
845
-5537
-7687
3608
9938
1115
-4615
7428
-6268
-3295
2222
-9608
-574
7884
-7238
8683
6528
-7426
-563
7536
-2008
-7218
5579
-6143
7160
2868
9144
8485
1892
6461
6429
1564
6898
-5403
1383
-8846
-2446
-8173
8697
-1232
6611
-8633
1455
-8303
2653
-8252
6199
-1317
-2831
-1138
-8908
1836
36
7789
6510
2078
2119
8666
-9402
8077
3678
-4166
-4606
-857
-2134
-3456
-9297
8737
8052
-2607
1768
-785
3003
5950
5774
-2461
420
-9575
5782
3100
6673
-8786
3411
-3824
-4076
-1804
7830
1736
6585
2380
3815
5457
8711
-6985
9206
9464
-105
-3939
8812
-2299
6171
-5394
2186
-1696
-5576
-8524
-3199
3751
3845
-5105
-9043
7459
-9486
-1719
8374
9459
-6719
4739
2427
-8207
5080
-413
9512
2638
-390
6690
2418
-2186
-9004
-1396
9709
3637
-4929
-3337
3541
8164
-3276
836
-9237
7572
779
4603
9811
-6217
65
-4803
-2092
4341
-2268
8841
1521
622
6978
-8519
7068
-2876
2209
-2213
4971
2463
518
-558
1348
9645
-6047
5747
-4571
6735
1727
9819
-448
4269
8628
-4549
7114
5133
6703
-5128
-8344
8673
4783
-9522
-451
-6450
-3853
5629
3633
-5073
-673
6257
-6491
6724
6104
835
5405
-5486
-7064
-4429
-5792
2473
-3365
-7347
7351
4436
2782
-6354
-3753
6231
-6566
7325
733
-761
-9843
731
6642
7112
-7213
3812
4624
8566
8490
-7743
-2753
-5521
-1371
2969
9794
-155
1787
8560
5255
-8170
6029
-4016
-7816
-1124
-2279
4288
5200
-950
-1724
-8882
7068
-8799
3794
7989
1779
5954
-2274
6269
-7923
5210
-2997
-71
-9378
4734
-6787
-4392
6065
1584
-5115
4888
321
-9393
-9805
-5795
-7631
-8119
5813
-6526
2785
-6860
266
-3684
-8921
632
3603
-9245
-54
2766
6908
-56
-9119
-757
7006
-9792
-7702
-2747
1922
-6200
-4609
929
-2672
-6391
5825
617
6067
-5284
8280
6606
-5907
5815
-1001
5130
8511
2526
-4209
1345
9883
7833
6238
-5816
-8657
-9645
-830
4659
-5971
4062
3999
4333
4017
4517
5952
5932
-2406
2857
4287
6226
5179
-8537
7735
3408
-1957
8949
-5343
2420
-7957
-708
1456
555
8237
-2182
-8298
4553
9962
-765
7609
9863
-2808
-8165
-7616
3821
1058
5514
5269
-4290
-6438
398
9148
7800
2038
-3877
-6415
187
-9005
-2410
-1845
-384
6829
9177
8491
-875
2501
-8818
-1396
4563
-1787
-3112
-1121
-4342
6426
9766
-2836
-4144
-125
-708
-7548
195
-8801
-1290
-8222
-1438
165
-8761
9687
-8061
1293
7916
-8171
1695
2217
753
6322
-1195
-8325
-2657
-9910
-5310
-5724
-9439
-7553
-1229
-7249
1837
-3059
-4034
-843
4038
5157
5828
-760
5968
-3828
-3755
-3388
6875
-2884
-1361
-9525
-4460
5704
-358
-7094
-6122
2358
-5643
-3158
9635
3746
9125
-1462
-2565
7110
-8506
3268
-4158
3483
-6099
7497
-9542
9711
-4545
-558
5182
867
5597
5800
6956
-5753
2117
1113
2422
-839
7484
6343
9495
7604
7420
-9045
-6631
4556
8534
4739
2191
603
1738
-3812
-8961
3561
3497
-442
1232
9982
-408
-5162
1951
-9085
6766
-4646
823
2181
-4001
-3059
-9594
-6319
7772
-8171
4774
9706
182
9797
-3329
8567
-9765
-4223
8970
2377
-7904
9815
-5904
3385
-8908
2745
-7422
9115
1480
-4929
-1356
-5495
-9348
-3622
4193
1580
8139
-4630
-6700
-8694
2522
414
-4813
-1482
-7944
8501
538
-9504
-1779
3939
2809
5164
607
523
78
-8354
4285
-6700
-828
8712
-9227
6187
3448
1594
5541
3264
-4235
1708
1300
-3285
2826
7976
-7440
-6583
1355
8768
-7089
-9699
-3999
6719
-6220
-9376
6205
9564
6263
4630
1848
4230
2310
-7175
-5325
5073
-7494
-9485
9269
-3142
900
8191
-993
-2597
-2363
5288
5642
-9460
6960
7786
-1149
962
-9065
1179
-3854
790
6079
-254
-5642
-6960
2035
-3164
8652
-6711
4615
8092
-9625
-2577
-9892
9872
99
7312
4061
-7597
6154
-8909
9766
-290
7850
2137
2883
-8710
9059
-597
3606
-1130
5207
-5437
491
4966
5110
2751
9648
-8583
-6662
577
1657
-6043
9218
7004
3136
6013
-4361
-5564
-7256
-6402
-5421
5052
6485
1
3755
9969
6538
-5833
2040
-5279
9797
-8250
3448
7234
-1197
-9010
8564
-4560
1272
-3532
2392
-6020
2061
7972
-2683
-9261
-6280
-10000
-8207
9984
-3974
3768
-5163
-3750
-6680
5291
-3317
-5363
6555
5998
2778
1740
-9152
-2248
-4609
-7442
-1672
3350
1295
-6387
5460
8184
2241
9586
-420
-7037
-6142
-7871
-3089
2382
-8798
-9799
-2338
-1066
6173
597
2067
7039
-1581
1991
6537
8721
9014
1840
3357
-9695
-8009
3258
1908
-8106
-1408
-9535
3246
899
1137
-5250
-244
-2844
4175
-8957
-3225
7725
-8717
7475
5351
5153
5071
-1598
-4420
1058
6328
-2360
6321
-8412
-7034
3939
7160
4841
3113
-5532
7462
-2189
-5960
3858
-1692
-8183
7082
3700
-3132
1624
-1251
-915
-9613
296
6505
-8171
-5510
-8806
6934
-1074
1973
-6252
6631
-4929
1435
5975
-2488
-3545
-760
5153
4613
4201
-990
5557
-5272
9064
-4500
-6091
-8858
-293
-4095
2929
1052
-8620
7713
-303
-2749
-6125
8703
-7888
-3883
9131
-4115
-3610
2956
4259
-3955
-965
-5000
-9134
-8639
-6340
9832
-9572
1943
4312
-1940
-4463
8451
-4507
9504
9437
1149
-4721
-5237
748
3036
-5247
-5008
3189
4037
-629
-6049
-7092
-951
-7926
1513
-3731
4492
4686
8866
245
-8901
6096
-4368
7910
4834
-8538
-1233
-6023
-8760
1417
3938
9198
-9736
6973
1605
4557
5822
-1672
-3354
-8743
-2319
5415
-7522
2834
607
3419
4075
2880
5175
53
8961
-3966
3705
3292
1387
2023
-952
-8760
8967
-446
8720
-1250
6320
9479
6761
-8183
-5851
7576
9193
8171
-1465
8159
3008
-5752
-5002
6937
1306
9740
5324
5167
-6347
-311
-9311
-7243
-9665
192
-8340
8897
-9748
-9455
-3718
-5704
-9838
1647
497
-9437
5468
6940
-5913
-9670
9356
-8918
-8143
-7902
-108
-8704
5058
-9767
-5305
9604
3483
9308
276
-6249
-4491
3009
-5735
1821
80
-5411
-4041
-7093
648
-289
436
9755
-3719
-9952
86
-3754
-1550
4513
8904
-7767
3801
-321
9435
3609
-7040
6429
-9952
1303
-9795
149
-711
7636
6282
-4342
477
1156
-8942
929
4912
-6714
8999
8797
-4823
9549
9822
-1299
-9756
-7157
7637
-3211
4617
9710
1134
7383
-8697
-9628
1312
-4010
-1139
-9154
8106
-6209
-4763
-2370
-2257
4077
2337
3949
5934
-1029
-1816
-9501
2887
8339
-2901
5876
-5878
2909
-3736
-7149
-573
414
810
1310
-1143
5788
-8702
5769
7925
9832
-2860
-8969
-6400
-9614
5299
-3524
-4625
4276
-3789
7553
9718
-141
-1594
-4241
8716
-4211
5290
2085
-1160
-5396
-6819
6341
3609
987
6052
9635
-777
-6077
-9931
8314
-5729
-8588
-7315
-8433
5464
4547
7760
-5024
-7458
-4033
-7609
4287
-8147
-9508
-822
6345
6626
-4139
-1314
4891
5350
2696
-3496
1669
1472
9528
9271
-1188
-9098
3583
-6518
67
-2522
-4837
9582
-7846
3569
-3823
1115
9094
8819
-9549
-3028
4099
4573
-2587
-4631
7648
9345
4968
3568
1915
9397
9031
-2839
-6608
8971
-640
-9206
2218
3363
-3019
-9813
-9323
-2528
-4706
4156
-2438
-1326
-7939
-5225
8314
-3546
9617
8866
-3629
2135
1144
-2360
-6889
-5538
-493
-9111
-1319
7621
4805
-1145
7292
7156
8612
9836
-7527
9152
8908
-4263
3656
6364
5426
7904
-4425
4245
-4895
6520
-3965
-6905
-6910
1271
-4593
-2793
3835
7513
-4711
9390
-887
2989
3655
9332
5918
-7213
1439
8568
3423
-3711
5341
4897
8030
7468
9056
-1502
-6388
-7213
4061
-2365
7162
-6722
-3840
5814
9972
-2388
-8408
-1347
-566
-6731
576
-4423
-8682
-1161
-3581
-1688
-2314
-5081
-2555
7786
390
-8113
-731
-810
-8983
2799
6399
-1226
3941
-2360
-262
8831
-7320
-8399
-4149
-407
4886
-9872
-6136
-6853
7518
-4689
3161
-9580
-4043
-6705
-1935
593
5052
-7704
-7802
-1427
-3473
8409
1988
2685
9645
-8156
1904
-4846
5658
8179
-7706
6027
-5689
1299
-1164
6912
-2003
50
-2010
6939
-3665
-5618
4081
8208
9202
-1148
-1547
9627
8999
6512
414
-9916
493
8703
-8456
5371
-6161
6997
-2737
9186
7862
9694
-8987
-6146
-2747
-4866
-6521
-8723
-7028
3807
-7209
239
4910
-5704
-9012
-9299
3603
-7682
4884
-5621
386
403
-1957
4512
-7622
4264
-2721
603
-5100
938
-4081
6085
-3598
2149
-2666
2374
-1396
6893
4489
3989
9986
8780
5536
-5781
3759
-1844
4275
9699
-5781
-3158
-3795
-8828
7819
8380
185
9589
3540
3845
3928
7803
1316
4899
-86
-1111
3154
2131
-4680
4388
-1640
2876
-5273
-4230
-3524
9032
-4878
7744
-4768
-161
2749
-3506
5065
-5243
8708
3668
-3031
4135
2948
777
5053
-6105
6565
-8156
-5920
-5949
4173
-2920
3512
5531
-699
-6558
6162
-2261
-275
-5456
5621
-4049
1043
-1845
635
5015
1093
-4091
-431
-8093
-2479
-2505
-5369
-5842
4885
-7977
3420
1970
-4650
-3751
7153
5586
-992
-6730
-2121
-9090
-9335
1335
4072
-1805
4914
299
-3422
-3814
4872
-483
4589
2580
-3520
-9488
-2384
4932
-969
7847
-6946
2744
-1149
-7616
6436
-889
3545
-8464
6630
-135
5485
-2223
1470
-5635
2419
8799
540
-8667
-2783
-7903
7873
9574
-6574
5334
9150
-767
5731
-5802
-7513
-8291
2246
7343
-328
-5079
-7748
-4232
-261
3423
1629
-6334
-878
7698
-3785
-845
1019
7940
7807
6490
-506
-4650
-9079
-4830
-1736
4191
5315
-585
-2711
-4569
-3177
-186
-6069
-4862
3952
-2920
5545
9781
2566
-25
5315
-3794
4744
2561
-3060
-8851
-4544
-1936
7051
4254
5780
247
2467
-7178
7017
1533
-3297
812
1674
7596
-6248
-7597
5442
5950
-9864
8757
-5919
7722
-5782
-4293
9483
-6559
9218
-2313
-4996
-4015
-2252
458
2563
-298
-9068
-8810
-6509
1073
9554
5756
-5576
8711
-5597
-3919
-5327
4940
4327
-7312
3907
2107
-3733
1208
-3599
-1817
1041
-4144
4642
6159
1183
902
5994
-5660
4079
-5779
7326
-3767
3643
2716
4702
-9168
696
7106
6231
8235
940
8055
1599
4415
-411
6096
-200
7223
-9454
3592
9713
4778
-4434
-3045
-1669
3677
1473
-61
-8918
7002
3627
4363
-1021
5748
5892
-1372
-7063
-689
-1407
3844
5565
-5488
7846
4602
-7451
983
836
-756
3412
9620
-604
-6715
-1583
1204
2056
143
-4146
-5924
5738
4034
3048
-1550
9463
5728
-1584
-4247
-7745
-9462
6016
-7849
3320
-3879
-6979
6274
141
-8854
-2365
3978
5989
6322
6094
-9157
-5814
265
6073
-9468
4344
361
-4073
1087
-5245
-8358
865
1474
3458
-1710
1432
9734
4721
9990
3058
6666
1777
2021
-4062
-3659
-8899
-5859
4853
4875
4306
5638
5756
-2189
1471
8665
-8874
-5035
-4710
-9550
-8779
-8011
-4118
5858
-3594
1930
3342
-9339
-860
-5269
2594
333
5842
-4335
-3456
-1967
-9520
-6348
-3588
332
1998
-3493
-6749
2706
-8620
-1691
-1255
4057
8463
-3680
-3292
-7135
-7253
-7691
-2851
4145
-8263
-9824
1
-1467
3596
8338
-3805
4571
7018
5977
-2559
-4351
-7373
-3149
260
6169
-3711
6443
-7441
2828
848
5932
7455
6442
8729
-1382
5590
5888
-4308
1439
803
2678
-6883
7203
1802
5254
3397
-539
-9161
-7828
2657
-4034
-7823
6343
63
-9490
286
9875
-2806
-1463
7237
8765
-7289
-765
-6011
-5784
-3106
5400
7779
-9195
2364
9822
-9889
-969
1071
-4141
-8314
2694
-2434
-1832
5319
8255
-8606
-4379
2986
-5942
-9416
7201
-4188
-4763
7034
5749
1997
6790
-9902
4257
-5204
2560
-3587
-9280
-8007
8958
-5796
-7420
711
6374
-7654
8940
9285
3978
7303
8345
-8766
-3228
-6400
-5557
-1561
-832
-3375
2733
7894
2777
-4699
-2188
-4593
2345
-8371
8913
4726
-6045
-1190
7611
-5690
1656
9602
-7391
7763
-545
9426
6136
5929
188
-8369
-2486
2971
-3
7289
-835
7297
-812
-687
-3248
6384
-1780
4105
-7888
-8538
-3737
-2302
6457
-8041
3288
-9880
9581
-2296
6773
-6430
7763
4911
-3711
-3113
-2562
-8739
-8740
1456
-7371
2166
-1088
-7827
5166
-690
-752
6714
-6657
9305
9195
9407
-7356
-7223
-5213
-8744
2264
171
8991
-2267
1563
5953
-310
-4712
1636
-8668
5676
-6623
-5718
1662
1679
-6871
-1401
4167
9441
7962
-3121
-4605
-431
6400
562
-3964
-5311
4400
-3242
-1946
8501
9068
-2454
-3618
1419
-3286
1502
-1252
8733
1942
-5436
8229
9441
-7700
-1300
-2561
1827
939
4401
840
9549
-6877
-1177
-3384
7049
-5923
6387
5535
4322
5999
4072
1670
-5445
-3592
-1885
-8431
-816
-6123
-3103
-9339
5241
8859
-2153
-6383
-7984
-4694
-8575
9083
-7654
6377
4025
5882
-3707
5032
-2750
-9878
921
-7161
-3569
7423
-6822
6928
7707
362
-9249
5063
-9951
-1850
4122
-7407
-1936
3505
5123
-5124
9593
-2402
4140
9470
782
-1347
871
-4457
-669
-7447
-424
9056
-6522
2162
9801
-4011
-1668
9784
849
1977
7368
6761
2295
-9786
9191
4322
4117
-3623
-6084
4439
3334
2402
-2811
4305
2386
-3714
-6813
757
3510
-7872
-9928
6559
4225
-5683
6842
-9579
7195
-8336
-2908
2496
8785
4618
-7349
-9755
-8046
-9972
1135
-7617
-6050
-440
797
4398
-9112
-9565
6368
3004
-2374
514
-5052
5131
9733
-9512
-8359
-7885
3429
5019
9703
-3598
-4518
2326
8649
5867
5528
-9304
2844
4456
3799
-8978
-64
691
-9599
-5341
-2886
4581
-4538
2182
4083
1334
7257
-9587
7297
3117
-4888
4804
-4028
4017
7738
3933
-9642
-81
-5864
300
-8405
-2813
-7838
3623
-8402
-5407
-6269
-1257
-4908
2927
-9149
8893
-2844
9314
2581
4551
-3146
1165
-9442
423
-3794
-7889
-4350
4111
-5267
-7948
6513
-6805
4952
-859
6516
9202
4382
-6496
-8380
-8123
9963
8574
5635
-5532
-3749
8438
1004
-6718
-2996
-9583
9466
-687
-6938
1282
2274
9931
-4748
-6392
-4969
2764
-8084
695
2809
-4704
-7885
5734
-4430
3311
270
7751
2098
-9843
7368
-2446
-7442
7007
-7354
4912
2434
1003
4559
-6100
6270
7507
-3698
9112
-708
7409
1557
2919
-4219
4310
-6779
-524
-7568
-2480
-5076
-8417
-2498
5056
-7514
-4463
6697
-6508
5400
3147
-9436
3457
-5745
-350
6471
-2144
5602
-7576
4861
-5234
4495
9862
-9364
5089
-9599
2066
5065
-8397
-7160
9505
4257
-9956
5715
4589
9538
-3434
8125
9900
1764
3233
-3265
9716
-8361
752
136
2554
7775
8856
5037
7931
-9141
8167
2795
6026
-9750
-8051
6462
-3237
-9274
997
6705
7491
-6643
-5978
-2310
1593
-9377
3682
5783
8300
-4525
-2964
6913
4915
-3707
165
-20
7044
9294
3945
1328
-1370
-4758
-1272
-1256
-3749
128
6826
-4980
-2371
-8163
1537
1004
3145
-5627
986
-888
1055
8670
9978
-1546
6498
-7438
-9016
2401
-112
6164
-9182
-8797
-5831
-1680
8062
7842
8189
-5685
2579
-1713
1417
-8404
339
-2311
-226
-6847
2473
1022
1793
-1401
1130
-9883
-7875
4483
-3836
6359
1192
4460
2069
-2618
-8274
-8064
4800
9029
4539
-8979
4828
-6300
-4118
4753
4081
-3061
-4898
-4913
3318
-5312
5881
9087
1162
-9713
-6576
2009
4163
2296
7165
-6636
4352
3864
9036
882
748
-9732
2578
4420
3678
2680
-9639
4088
3895
4545
8165
9263
3529
535
620
8340
-9830
3254
-5824
1495
7752
7044
8720
-1901
-4710
-5807
-6824
7598
-6344
-3705
5232
-8345
5257
1301
-2802
-4272
178
4063
608
-5659
-525
8448
-7562
-6427
-9083
340
8533
-6652
-994
-6454
-7645
-7030
-7542
8654
-2579
5667
-5185
4970
9271
-4036
8226
-406
-4209
2845
9452
-4636
-7208
5680
-8566
834
7308
-2470
-7292
2989
-8498
-4340
-6194
707
-7342
-8322
-1402
-8991
-5386
2736
4592
9636
118
-7708
-346
-88
-1784
-80
-2406
3627
-5416
-4226
5868
-2667
-2461
-498
3085
1573
662
859
-1028
-4003
3609
-9032
-801
-693
-740
-4668
-6604
764
8429
-1281
-9156
6529
-6074
-9529
-1740
1608
-1767
-5809
6837
-5166
8056
3055
4084
-6668
68
9530
7963
-474
8271
1260
-3229
8643
-598
461
7121
-4827
-2432
7027
7947
4629
6745
3357
1076
-972
5906
8808
7428
-4402
1048
7735
4924
-1988
-366
5665
4312
-2350
-5082
-5817
9081
6127
8435
1953
-3593
7480
7322
-7219
-7853
5517
4294
-9417
6255
3029
5053
6538
-8749
921
-9120
3661
-5372
-7788
-3629
1850
-7160
-3318
7909
2205
7333
3199
-5372
-419
-1126
-8142
4254
-7604
-5578
-2436
-7603
2925
8143
-2578
-4670
1257
-7610
2853
-5761
1665
-9808
-935
6445
1211
3931
-1513
-3528
-6995
-6878
-4573
-5001
-84
4651
-9148
8380
1392
-223
-5017
-409
5467
-5123
-7815
-9549
-2319
4220
-1094
733
-8521
7808
-3945
-1899
-9383
-3122
-8623
-4868
355
-6410
7964
-5072
4309
5623
1948
-9205
-4736
-7390
-2668
-7036
-252
3882
-8842
160
1826
3112
4128
6783
3366
4940
1769
2614
-7432
686
-1057
170
-9867
1245
1537
3733
2557
5622
-8221
1965
8501
8807
-3253
5305
3326
-3073
-9470
4653
9247
8517
606
3977
-5515
5154
-8367
7829
-600
9493
-7437
2218
-9175
385
826
-6894
3529
-828
8135
-6259
-632
9471
-8510
-4203
-7866
-6799
-8028
2807
-2811
7196
-6747
-6761
-7181
-4325
63
-4893
3752
1492
7674
-3772
-5182
-2852
-6388
7381
803
3332
1891
-3700
-6792
-8064
-5046
-2173
9763
-8164
-3474
-9718
9736
-2940
8483
-1602
-6460
7154
-739
-3767
-4749
2939
-2422
-4014
5169
5814
9104
5783
5288
7708
1370
3743
5578
9079
-4562
-8302
-7538
-7526
-1484
8356
7767
4715
2491
1134
1732
6451
-5914
8591
-9877
4906
2118
6033
-6582
1517
5800
-2981
626
4932
-2704
6098
2621
-6224
6435
7210
6033
5358
5707
6260
-7264
8625
-2336
1090
-38
-9604
-6932
-3768
8378
4618
7065
-2646
-2457
-7994
7335
1242
9514
-4512
-9283
-9238
-4666
7145
1461
9327
5391
-9505
-7603
3365
-4898
-9974
-5479
-107
-9928
-272
-2032
-3841
7083
7416
-6493
3957
3765
196
4562
6393
-807
8363
2710
-2046
-2043
-698
687
9537
-9035
3012
-2031
-2618
3120
-9925
5963
-7796
8885
4749
-7036
-3525
-9320
-2295
-6050
-8705
2440
9762
-2085
5735
-2547
5947
90
4094
-3231
9402
-8858
-1045
58
-656
-3084
8704
-8121
1220
9115
7057
-7465
-8562
-2286
9694
-8501
7237
-9130
1403
-7677
967
-9366
7986
2084
8364
-2691
4357
5627
4286
4454
6873
8239
-8763
-8464
-8055
8213
4441
3127
4399
5034
5816
-3565
-1952
9916
3897
-3631
4343
-6620
-602
-7768
6468
7716
-9213
3996
-8472
2128
-2689
-880
-7469
-3797
-9588
4409
8526
378
6330
-2756
-5820
-454
-5772
-4029
2407
-8474
4588
-1897
2082
5204
2928
-7401
-1282
174
-4791
-9637
-6668
9958
4444
6089
1232
7763
4779
2965
-340
5830
-6267
9242
8835
-8391
-1501
4386
-3262
3153
-462
5888
2476
231
-2067
8481
-1587
-9830
-4631
-8568
277
1387
-5643
-3987
-5688
-1294
-9779
-7617
4893
-5523
1808
-9954
-8269
1345
-3582
-3334
8036
-6628
-8376
5373
-457
-6190
-3658
9059
-4418
2965
8956
-3430
8453
6101
-8183
-2075
7944
7711
6202
-168
-9489
-2618
-2174
5077
-9836
4769
-5187
5950
9693
9431
-3278
9675
-6728
-6693
8681
9272
-2622
-4221
9090
9991
7829
-2798
-3548
8068
-1127
-8511
-2975
2499
4865
249
-9861
5556
-6816
-4402
4656
-89
3649
-5689
9836
-6825
-2902
8695
-4129
7962
-3203
6344
3243
-7755
-1436
5951
2110
7754
-7694
-5551
-6140
318
9722
3489
-3392
-2422
-6200
7227
5122
-9724
369
3705
7815
4400
3070
-6629
-3321
6787
-2684
3028
3735
-5844
-6100
8931
1117
4624
-1918
1946
-229
3348
343
-3514
-6822
6672
3942
7474
1969
9216
6517
-2599
-8804
9332
-2455
-149
862
-3690
4532
-5311
-3041
4829
-8142
-434
8064
33
-248
-2199
-4210
-4951
-1136
9773
-4790
2638
8571
-1778
148
7084
-483
-2533
-6541
-9841
-7588
-2810
8902
6737
2929
5061
2663
840
9286
8418
-9473
-334
8912
8627
-3742
-7862
6170
-8013
7463
-6811
-8729
9341
-8932
2029
7891
-1951
-3877
1003
-4155
5253
195
6878
8348
9615
2646
5313
-8168
-9152
908
-3236
-639
-7651
-8628
7135
-4544
-8605
-5445
-1378
7993
-7152
8243
6866
9939
-1805
-3195
1933
6284
-7150
6414
1976
3837
-9051
5145
-506
3422
-1551
-1671
9836
6392
9130
8303
6011
1168
-2807
4860
1057
-5152
-5650
-4685
-5101
7917
-4520
-9139
-5906
2763
24
4854
-3273
-2228
753
2904
-8252
5511
-4574
-916
-6178
5293
-7580
6377
-1075
-6022
352
6504
1604
7758
-588
-7775
4209
8639
-763
4910
644
3354
2748
-7706
1844
-8887
7624
-505
272
-7792
-4990
-622
-1472
4438
664
-8368
-5071
9878
-4314
-1935
4733
5917
-2283
-2943
5468
7414
644
6508
1876
4346
3297
-5567
8007
-1059
-925
7537
-5322
-9598
-9411
-6896
7168
6677
-3664
-6641
-6797
-2675
-1042
-2052
-737
243
-6406
-5979
3878
6593
2996
7124
-106
5743
6434
-978
686
-6318
5148
6562
-1228
-5668
9753
-1486
-9145
-7483
3586
-5104
-6339
4493
-8338
3241
3051
-1222
3916
-2495
7032
7492
-7864
-8386
3548
-8894
3183
-4467
9651
700
-7188
-8591
9582
-3996
-6965
1175
4608
-8444
704
-3127
7099
-2402
5066
9587
368
-3922
552
-3852
-5555
-9648
-646
-9947
-1013
3380
4157
-8807
3513
-1969
-2399
-5803
-1557
6041
-8284
8556
-7821
3747
-7678
4116
6929
-7861
-8534
-9624
7873
5088
71
8848
5499
-1407
3296
1362
-1644
5133
-2504
4444
-9533
9332
-5593
3234
-9480
-7595
-5852
1602
3536
-5134
-491
-9266
7124
7811
-5392
658
-2235
-6718
-2469
1606
3737
-9554
3934
-1833
-4534
9516
-6298
8953
-2378
-462
6460
-3467
-7971
-1074
-785
9369
1576
6797
3534
-953
-4382
-614
8489
-6430
1059
7363
-1312
-9316
4720
-3061
-5088
7503
167
9612
8650
8445
402
6622
-9334
3204
-4057
-5759
-2436
-5011
-4028
8724
1262
-4122
-1988
-2725
-4391
-9906
1585
-1226
8464
5125
-8364
7953
3692
822
9298
-1391
6822
9570
6420
-4860
-5185
-3482
-3693
-9925
6813
3646
1834
9904
7049
-6428
-7891
-8541
578
-9154
676
-693
808
-6385
-2255
-9090
-6681
1207
8301
8045
-5691
6902
2449
-3011
5975
8775
-8964
-8048
5700
-5634
5608
-4490
888
-4954
-3236
-1077
-310
-7584
-3605
8099
-8917
-149
7450
3257
2781
-6571
-788
-7177
2876
-7068
-9637
3756
6493
6085
-4036
-5247
5463
4628
6774
9445
737
2855
9806
-1126
-6823
-7882
5698
-9269
7687
-3423
-8886
6262
-8680
3779
-8519
7617
-7116
1535
-8906
7548
1409
3752
-3737
-6009
-2240
-9480
3260
6929
4151
9142
79
9660
-453
556
7245
5988
4068
-4814
1379
-2364
-3608
-331
3046
4890
656
-4171
3480
533
2056
-1496
7924
-6408
3627
6046
8944
2133
-2047
5981
6425
8647
-9482
6210
6253
-9685
-4023
-3183
3771
6742
-7428
-9315
5272
-401
-2386
-6945
-746
1259
5444
1878
4684
9097
-8924
-4080
5433
9891
9931
-9464
-7307
-2547
6853
1893
8068
898
-4116
-9226
9984
293
-5672
-7065
2853
6491
-7473
-938
6981
-1582
-2582
-8419
-7413
2524
1791
-5428
4893
-7400
-9142
-9355
9849
-5603
-8716
-9319
8176
-8369
-2499
5063
1707
3747
-3704
-15
9982
-3722
-2128
6388
7048
-8730
-8201
2402
5908
1975
-8500
-8490
-617
6844
-3558
2313
5567
7174
3170
7985
576
-5293
-8478
-7550
-9778
-3229
1173
7127
1162
-5363
4143
3158
-1125
8149
-6443
-8554
-9016
4082
-4799
8997
4416
6554
978
-1953
2131
-5258
5914
-8643
3376
-745
7785
-5815
4998
-8031
-8333
7686
6093
-7700
8299
-8600
-6462
886
-6321
9435
982
3803
6543
3997
3814
6759
5794
8919
4551
-5307
8893
-1484
-1571
-5189
-6536
-1613
-2107
3661
-3619
-180
2801
-4259
4534
9362
-7815
502
-1413
-5066
3255
3279
-6092
4287
-3861
-3220
7905
4539
3022
7994
-4580
3009
-5728
5444
421
6645
1759
-8975
2195
-7857
9857
8355
6947
-5363
5668
2019
-1527
5998
-2806
6410
-9499
-5167
1441
-7601
3134
6792
374
-5677
7091
-5324
6902
-1652
4311
7551
6230
-3216
8761
4145
-1529
-3416
8104
-4251
-4169
1211
-6262
-5471
6405
4493
3425
627
-1653
9267
1403
-9260
2620
123
8505
-5181
5835
-3653
7342
-9401
6493
-201
-967
-8341
-4469
-4768
9136
2148
-4554
-5951
5469
8664
-2370
-713
-119
-3557
-3839
968
-1619
-8533
-6873
9763
-2885
-2235
-2920
1814
-5611
2781
-268
8812
535
2075
2837
-3832
-6153
3006
2231
-18
-3834
-8044
-2776
-6178
-4133
-3355
528
-7072
6175
-5314
-1459
8565
-5146
973
-3237
1209
2683
82
5219
8604
-5477
3478
8948
9169
9873
256
3085
-6477
5910
3976
-1406
3937
-7685
-3423
-6011
-8412
-5540
8587
-4431
4350
2020
884
-6809
-7211
5153
5062
-7167
-9412
-849
3856
-2544
8703
3330
-3542
-3160
-961
-2232
-5313
7942
-9265
-475
1485
-5316
-7407
-9439
3836
8932
-3369
599
3747
-6071
4244
6154
-9490
-2614
-3782
-3610
-6028
6751
-1686
-9007
-7490
-1973
-6292
3768
936
7158
5948
2474
2720
-6820
-4624
3427
8600
8332
-6129
2691
-6288
-9088
-9593
-765
5954
7679
-3866
8745
-6104
3812
2623
-7377
-8246
5545
1150
-6700
3130
-6334
-6937
5182
9087
1578
-2444
-8755
8296
8074
2393
3752
5411
-4783
4167
2827
1983
4284
6639
6066
5659
-891
-9551
4060
496
-1858
9400
4229
6657
-4530
-4286
4073
84
-8203
6015
7028
5132
1429
3648
1658
4553
4412
7034
9706
5595
-7961
-694
8305
-7584
2894
-2904
5891
4982
9574
6936
3962
3191
988
-9576
-7377
-6449
8119
7812
2939
5318
-8531
-9592
-9537
5297
141
6628
5115
-320
-2542
593
-2584
5703
-9528
-6153
9661
2801
-1092
-4384
2383
44
6853
6961
3731
8569
-5301
-4176
-6786
-8556
-8827
997
-3516
3830
4129
3926
-2817
-3841
1003
-7419
-733
-2359
3010
-9673
-1182
-6605
-7620
-7938
4430
7124
6306
-9296
-5182
7600
-1749
-6087
-2445
-1047
6640
-8271
-1983
4286
9286
681
-5434
1023
-3433
4426
620
-1368
-6369
2815
-2560
9856
2455
3088
-6871
2728
-8075
-1377
3546
-1053
6399
928
5309
2852
-5538
9371
-1722
4116
931
-388
7886
4319
404
3285
4198
-5259
-4681
-360
864
-4441
2880
-3289
3902
-4357
-4185
6036
8576
5112
-7162
-1347
6914
9998
-4156
6603
-5584
-4476
-7666
5438
9998
9808
-3388
8663
-9485
3771
2183
1622
2365
4845
-3849
-2689
7577
5888
9355
-8895
5544
2684
-7847
4741
2936
-2532
415
-2849
-4197
-4172
2016
-1181
-7431
-5019
3141
6712
9265
1177
5380
2397
8690
4660
-4774
5097
-4061
5321
-4219
8324
-5177
-5106
-3059
5623
-2822
-6664
-1525
7935
5106
8253
-4343
-3095
609
1221
9141
-7979
-6016
-1096
-7482
-1072
-4310
8555
-6548
4736
-5190
-8718
3365
6516
2274
-3401
20
-8869
7905
4261
-1388
-9520
6197
-8981
-5876
-5031
-1416
-1656
4262
1980
8125
2891
2842
-1475
5104
9192
-3626
6303
-6696
-3005
8593
-9368
-9573
-1787
5720
-4711
-2905
-4627
-4757
-8124
7221
-3437
-6276
-1651
-7861
9776
610
-6162
170
337
8615
1216
6959
-2054
-1948
-4905
-5691
-9576
-1522
3281
1059
-7288
-539
-9762
6062
-6120
2249
-7822
5677
8195
-5056
8971
-2093
-8798
-4093
-3436
-9992
8332
1797
-6347
-4459
4405
3977
225
2344
1642
9667
-1356
-5271
4460
-3282
-3972
1137
8640
3696
-9835
-3123
-4786
-2469
2620
-7029
-6087
-1837
-5002
6305
7613
-317
-5799
4295
4764
4129
5987
-4835
-6773
6698
7918
-7069
-4221
-5021
-9842
-1012
-3524
-4587
9398
1581
-9170
7576
3457
7338
-2148
2324
-6257
-5437
5885
-9613
-3921
-4730
8237
5269
770
-4376
-4037
-7139
-5351
-9558
7477
4578
7668
-7071
-6284
5950
8431
6256
-5642
5705
-7242
-5801
-4132
-2443
-9956
-1390
-3505
-7359
-3908
-1328
3311
599
-4849
-829
8958
2301
-9384
1257
9902
7131
-9861
-4847
1449
-2872
-1698
6462
1736
-6385
-7642
-4553
9121
-245
6650
5208
-8100
-6606
565
-8725
-8666
-8591
8597
1551
-6213
9315
1091
-3689
-6
4929
-299
-6980
2061
-2069
-9400
-6455
-7169
-8654
5034
7841
3680
4345
9664
7705
3219
-9664
3310
7684
1981
-7649
-3097
5214
2200
2884
-8337
-3420
1740
-4063
-8380
-618
1417
3006
7065
2348
9389
8556
-7753
-6387
-2327
3397
-2091
-749
-7268
1062
-1160
2759
-943
2070
2720
4210
-5734
-1801
-5348
-7921
-3698
-3072
2941
7941
-1434
-7582
-7931
1849
3398
8813
-9400
6446
-1051
-4120
5627
-8848
2044
9694
2784
-5146
-6665
4733
6936
7175
4164
-3325
-3858
897
38
-8665
-6855
4855
-182
8280
-8914
-382
3955
1162
7083
-3971
3767
-8184
219
7663
1900
-3674
7073
-14
-9304
-4854
-7167
9731
-4386
-5599
-3530
-1603
2375
432
-4736
-2524
-1104
6997
5210
-8676
-9663
-364
-9389
-5051
9709
-3290
5294
-2337
1697
-5033
-8403
-1852
135
9421
4524
619
5199
-7751
9216
-6056
-6650
-1831
-3085
7199
9291
-9243
-7943
-541
3688
1363
-5621
9739
-2805
-8884
1559
5489
-31
7751
9295
7831
-1068
-8944
-3033
-6568
-6140
5591
-6296
4334
4190
-2610
5726
3012
1367
5665
7744
-3901
6373
9744
9698
-1188
-9487
-9380
-3349
-5150
-7629
1497
6531
1702
8788
3628
2137
7628
-6511
-1262
6658
-5732
3509
-2559
2265
945
-9117
1747
8403
423
-9913
-8633
-9724
-3034
9960
7507
2931
8361
-2244
-5170
6343
1000
-1654
1119
-8370
-898
2312
-449
5089
488
2496
5590
1345
8707
-4447
6809
4691
8799
9652
-1149
2837
3337
-8028
7108
-5678
-5279
-2886
-3669
-6097
3361
-470
955
4582
8534
8490
-6625
9863
-1848
1118
1305
-197
-23
1397
6695
-2940
-1133
9843
-177
-5904
-5497
3922
-5181
-8805
4394
7484
7935
-5613
-184
-2724
-6520
9201
27
-9651
-5649
-737
-3837
-674
-4639
5325
1946
3589
7175
5608
-3773
3264
8686
8770
7400
-695
-7008
8734
6276
455
-1849
-6621
-854
-5188
4697
-4204
2248
-2550
271
-3915
3369
314
1151
-8773
5973
-8878
6170
-3084
9275
474
-9502
4924
925
-5925
7962
-985
-1746
3670
418
-1530
7241
4412
-7017
8986
6083
9599
6455
696
-3345
-941
-1876
1897
-6034
-494
-1772
5106
3693
-9914
5896
8376
3146
1659
7562
9661
7637
56
-1837
-4363
2671
6882
-2610
3486
-7480
9247
8922
-363
-8047
-1782
4584
6091
9378
-2757
743
6264
-9016
-3476
-7102
5993
-8651
2998
-7681
7336
5042
84
2130
-4337
491
288
9991
-4992
8695
9719
2411
-5187
-7719
960
310
6179
-3840
9871
9177
-8989
6532
366
5420
8960
9350
2561
-5720
-5913
-1673
-6118
6067
-2080
3559
3447
9540
4277
-280
-3255
-348
4271
-9468
-2253
1145
6294
8004
-2517
895
6442
-8674
525
2473
741
2315
-1381
-7668
3095
-1335
673
4138
-6662
4546
2021
-1636
2982
-4084
7626
-8204
939
6477
-6481
-6402
-5863
-7689
-3196
7436
6414
1944
3734
-1482
6661
-2190
8049
7459
5167
-8523
-3613
1405
1023
3458
1177
442
-8779
-2804
2613
-7992
5371
1187
8031
6974
-927
7125
-5794
-4174
8685
-16
3825
4932
4462
-2949
-3218
-6019
5243
-2699
-7354
-9838
-2988
-8349
-1241
4184
8609
-8534
-1952
-6487
8833
-9953
-9212
2852
-9575
1101
-9802
-6100
8648
5209
837
-3480
-8611
746
1574
4207
-5025
815
5936
-7290
-402
-9118
-342
-5432
2954
2224
1298
-9058
-8563
-4687
-3809
-132
695
-3465
395
-9732
-9138
-6733
973
-506
-5747
754
-9902
-1804
-1099
6291
-4702
345
8457
1614
-9871
4139
8846
670
7212
-7594
5523
-7291
1777
8328
-8812
-3342
6493
-7466
3390
9382
8833
-848
-2243
-7900
-9447
-4307
5159
-6577
552
-2019
-4942
7148
8233
-2937
-7457
-8781
631
6691
-1458
2745
-4263
-1704
-6370
4577
-9244
-9371
-2294
6896
5985
4900
1638
-3271
-6952
-2769
-8221
-5061
-1218
8176
-1623
-6390
-7875
2911
2710
4729
-2744
7723
-5436
1733
-8021
-500
2126
5341
5826
8198
8637
-4296
-288
6503
1195
1045
6385
-2832
4755
-4632
4407
-3807
1324
-840
-2237
-4275
-8107
-6798
-7108
1330
9984
7883
-2895
7411
-9938
-6122
2337
-9620
-417
-7093
7853
-7108
-7669
5418
-8226
-3052
1640
-5350
8738
9057
-939
2977
793
5949
-3872
-6012
3959
-7549
-922
5904
1007
697
9782
-7994
-9410
-2086
8133
1878
9928
7053
6673
8942
-7995
-5468
-7374
8993
4783
7060
5137
-268
6549
-4689
9998
7099
-563
6448
-261
945
-8930
-8604
5082
5510
7275
735
-5735
-7462
-7322
8876
-1160
-5416
5858
-6789
8146
3286
7848
-4295
-8623
2256
615
2108
-4802
-9113
6182
-682
-5555
6240
9625
-4644
3520
2645
-4466
8905
5812
5473
-7156
-4449
9652
-1926
-2018
-1498
1331
1097
-6016
-9890
6796
-7687
202
243
-6677
9989
4365
1210
-8191
5907
6324
9350
2644
-3774
4464
-3950
-2993
-6763
-1826
-3248
4771
3583
-2523
-9047
2429
9730
1168
-8027
-3169
-4589
2418
575
1953
7381
6728
-2111
-9859
-50
-3207
-8659
5250
-7070
868
-6366
-222
-6633
3254
7010
-2504
-92
6695
-1360
-5758
3887
-5868
-8238
-1445
-6209
-1435
-934
3345
-4445
-4545
6847
-1865
-8160
-1971
-1984
-4987
-2526
-9135
-3064
-190
4888
2244
2354
309
-7971
6808
3672
-982
5291
-8144
306
1836
-6489
4339
-4074
-4171
4610
3814
7366
-3927
4883
7272
-8517
5538
-8889
6698
-1173
-604
-2618
2284
6612
8446
-4399
1106
5806
5538
-4582
7819
-4345
-1038
9543
445
-725
-7121
-2714
2128
9138
8195
-4663
4163
-3596
-4963
-4388
-8772
4063
-597
722
8396
4326
551
-2981
2759
-5774
2786
-4166
2039
6986
-7091
-9883
9839
445
6245
3931
-9353
-8007
3321
2301
6764
1699
7646
7511
-473
-114
951
-5298
9402
4374
1586
712
748
7135
2462
3401
-1902
-830
-9231
4308
3700
-9274
6868
-4345
-9471
7958
4945
-7546
-5186
-9596
1094
-6224
-9716
-3455
7030
-8509
4060
-5077
-9092
4166
5636
9456
5275
8004
3915
2765
5116
563
9161
1562
7204
-1562
2674
5727
-9108
313
-5821
7419
-3981
-6388
-682
-3835
3302
6912
-6305
410
152
1893
-6599
7353
-8459
-6750
2600
-6683
2417
-50
9143
366
-40
6399
4191
4316
-7778
-8097
-4068
2466
7367
-1434
6559
3676
4574
-3084
-1777
-122
-7146
5162
-8576
-644
-2443
-6732
-9727
-742
-9909
9804
-3607
-7467
1001
-3017
1302
6345
5479
-4440
-6847
520
-9911
-3526
5714
-8746
-5979
9799
1266
4744
3879
5245
1776
-147
-1779
-446
-6699
-9450
-8674
-3808
-4936
-7000
3146
6143
-4727
-8232
-5822
8756
1440
-186
-6845
-6469
-5861
5246
-4504
-4886
4343
9121
-7270
7833
-2107
-8510
-214
7515
1363
4564
-7066
8775
-4131
800
5296
7508
-1741
-6718
-1772
-2059
-6366
-4996
7432
-9262
1242
8882
20
6844
3149
4431
9145
1994
-1295
-3776
-4714
4576
-3029
-5789
9357
-1797
7542
-1749
-2324
8273
8230
-3815
5644
4896
9666
-2771
9453
3689
5469
-987
-7708
-5211
-3616
-7382
-4666
9841
-2381
-6535
6646
-4696
-312
996
9782
-7938
3731
9065
2151
5624
3967
1629
5202
2520
2421
9354
8422
9326
805
6828
-5939
-5201
759
-3142
-3772
-1124
932
845
6520
4110
2402
790
5523
-3512
1861
2623
2266
-2542
-6281
-4202
3200
-5189
3074
-3346
-3305
-8482
-5958
-1575
-7484
-5313
9080
-6847
7366
886
1924
-438
-1722
9785
-9194
-1465
-9215
2225
1852
-2090
-3932
-3416
2705
5987
-8820
-1854
-2450
-2327
3024
1148
-5262
-2090
873
-6554
-7843
7197
7432
-5732
-1423
-8434
-275
-9692
3075
-9081
3204
1514
-7977
83
8023
9782
-7442
2745
7177
-712
-5279
5027
-9926
5999
8029
-1233
-2159
-5170
7200
681
5477
2966
3500
-473
8185
6138
1865
-6390
-4585
-1703
8522
-8156
-5784
8893
9981
1503
1787
-3377
7734
-2363
6429
-6316
2572
-6177
8489
-1481
-5211
2380
-5957
-369
-4964
-8584
-8860
-3577
-9802
-7935
5668
9507
9998
5524
8048
-2068
3444
-778
-6399
4342
-8526
671
5770
-1231
5643
6831
4795
-1593
-7277
7478
9575
5420
-1700
9145
6681
-7127
3693
5248
543
-1427
8360
1811
-1869
2866
-9811
-8126
5971
7270
-1235
2245
7040
2441
2098
9350
-2808
-927
3783
785
2656
-9746
-9539
9297
-1506
-9535
-4548
-9998
-2715
4356
-7137
8627
3391
-2813
-9716
-3067
5175
8182
-452
6260
5682
-9197
5091
-694
7693
9836
822
5831
-2940
6383
6390
-2030
-6326
-5523
1746
-6834
-4933
3692
1804
5133
-5144
319
7523
-4538
711
-5332
1918
-4331
2032
-384
5424
6978
-4885
1948
-1397
-3946
5230
-7474
206
-2740
8975
6737
5004
-242
295
-7802
8372
-5532
-9376
8672
-4826
195
6815
3755
3545
-3311
763
-3442
-5601
-1441
7359
2025
2232
3114
-4983
2796
-8978
-5334
-2842
1472
-6433
-7401
1593
-4462
-2434
-4227
-8014
3850
-8935
-7579
4126
-5543
-5862
-8062
7881
3190
4020
3029
4619
9836
-7036
5289
-5665
-7860
3844
1457
1838
2416
7733
1038
88
7586
3202
-9549
-4487
6241
1838
-68
2632
-4887
-2104
6587
-4155
-2990
-5833
424
2059
1496
5122
765
-5009
-9567
3620
272
-6250
-9878
4452
9227
-1271
-8637
694
-3656
3446
6936
-6146
-6713
9020
803
5662
-9560
9158
-8651
-8697
-4727
5885
6799
3896
5998
-2703
-9424
-1993
9280
-5140
7876
-9627
3390
8257
-7933
-9945
2219
-2011
8644
-9948
-1822
-6156
6879
5941
-6703
8215
5425
-5923
-1181
-4141
-4803
-6829
-3629
-5509
2694
483
-9232
8665
5502
5513
582
8094
-4945
4775
-481
1028
-4258
3172
-4492
8901
3261
2086
-6314
9435
-719
-2725
-9133
1325
-3391
-2393
-5015
-9373
5743
2183
5028
-6590
-5079
2920
-4773
6467
7497
1336
6388
-4201
7316
-7623
1494
-234
4599
4789
8378
-1628
-9345
-5604
236
9176
5239
3385
1292
-7302
5911
-104
-7791
9673
1832
-2943
-2254
-6191
851
-8565
-4736
-4654
-8738
9078
-3683
-6399
-2819
8968
7650
333
3387
2454
-6779
-5250
2510
-1660
8365
-3342
-6248
7168
-1055
-7530
5291
7915
-7985
-2412
-9847
-9347
4916
2545
6301
5432
7655
997
-8554
2895
1654
-8109
-5615
125
-2715
-4913
-4861
2590
7014
5469
-1120
4199
150
-9581
-1777
9621
-8777
1214
-3159
1552
-7338
5052
8577
-8002
-5605
-5962
8549
-9328
5734
3098
-6468
-9843
9373
4845
3526
-4443
7468
5197
1918
2095
1273
-1852
7933
-5653
2325
9017
6857
8848
7585
-7312
-2517
-1041
-1190
-8995
-9679
1029
-8491
6789
2999
1516
-8386
-9368
-271
5967
8421
7160
560
3693
-3158
1439
1196
-8378
4604
2946
959
-4211
509
-7528
-6963
5308
-1178
-6109
324
4510
2250
699
4513
-2662
5617
5435
1307
4437
9063
-8528
-2055
4643
5442
-5726
6876
8205
-8866
8308
2413
-8676
-385
5415
3525
7876
2403
-5018
4940
-6397
-4431
-5347
9239
9622
149
2264
1174
-5220
2480
-9428
-9644
-5255
4667
4065
-1256
478
7409
-9037
-3999
8729
499
-8560
8386
-8336
-5743
-7781
6012
-7439
-2224
4124
-6779
-3725
-99
-3237
-4074
-9830
-3731
-8607
-8288
8047
-5097
-9398
3716
2496
-4189
6449
-9186
-5990
-1945
-6748
4063
-9995
-5577
1203
7465
2598
-6780
3805
9370
-4633
-7894
2404
-4925
9830
7345
-7857
-7864
-7289
-3794
7831
8796
4247
2176
6395
961
3762
-5520
-4263
-7610
6191
2752
-8824
8775
6288
3339
3366
-7736
1859
-4139
-7657
-7739
665
-4381
-403
563
7940
-5282
2451
-378
3776
960
508
3250
7550
-3253
-2210
-3210
-9441
1487
-4483
5119
-1531
3570
-5875
-16
697
9071
5625
-5311
-9791
9030
3465
-222
-9286
-5089
6144
5842
3911
2206
-9554
-7467
1660
350
-3026
-836
-380
7478
-2201
2435
-314
-1476
6188
5622
-242
9404
-104
-1029
3682
524
6820
-9678
5064
-1827
2176
-9027
-4679
-7831
-676
-7225
-377
7415
-6056
7564
7623
-4304
-7020
6191
1265
-2759
-5995
305
2283
3382
-8478
6463
-5148
316
-3792
-2194
7687
-8651
-6580
2915
4671
1505
1073
-5058
4971
6480
-8882
6533
5209
-8393
-4816
1721
-8074
2256
-1473
2722
5504
-8729
8264
-5918
-424
5471
2708
8022
-6127
-8665
4843
7065
-1950
434
9532
92
1702
8105
-6839
7478
8277
2603
-4345
-7472
-9858
2065
-8693
5770
4215
1150
1584
-6782
48
503
-6594
-3816
1595
-6187
-7328
-7359
-3144
4844
3097
-2202
7641
-1431
9817
8654
-5637
46
-7631
-580
-6961
-3761
5111
2339
-4214
6928
-9180
2688
1423
-2071
-8023
6760
2138
4021
-776
2786
-1174
759
-9026
9822
-4811
-337
-9452
8639
-408
-3044
-8367
4078
-1825
2252
-8878
7251
-9479
8150
8356
5616
-5613
9648
-3865
-9031
-1021
3812
5503
703
8941
1045
-2026
3573
-9342
-1784
7840
-2833
-694
-5076
-516
-6118
-4146
2284
1976
-1345
7703
-7560
-9930
8661
7082
-3267
9494
3475
-3871
-8685
-782
-4769
5528
-9070
-2004
-8722
2688
4371
9125
1934
-2475
4298
5423
7129
-3096
-9217
-6487
-4297
2754
-3996
-4331
-1291
6646
-752
-1110
2302
-6332
-5370
-2663
-2879
-665
-9869
6483
4336
9006
-8330
5769
-5818
9915
-5172
6560
8889
8665
6669
-6563
-476
1803
-2038
-3895
-7275
-8815
-9300
-9095
2545
6003
-9468
1986
5035
5630
4659
-8491
-362
-1630
2813
-6033
447
8940
-9892
-7198
5395
-5560
5301
7583
8597
-7746
9575
-7175
3747
4163
7686
-5290
-5045
601
-7741
-7453
1884
-5713
-6713
7966
-7859
-5065
1058
-9567
4173
2577
3425
-5330
5644
1829
1797
-1253
7045
5464
5236
-4183
1321
-2293
-3005
-5550
-8487
6018
2293
-3019
-417
-5567
-4967
6100
-1536
2211
-9619
6518
5024
-6516
3886
-3721
-4181
-5510
9494
4459
-9657
-4437
6754
40
5369
-5444
1897
-643
-8369
-1426
1022
1041
-673
322
-6744
-1197
4889
-5725
-9978
8375
-3494
-6520
-6136
-9337
-1122
-7208
6283
6286
-9349
-2622
8298
1025
-8142
8470
4083
-9417
-321
-685
-5979
-9858
-7483
1992
-3166
7234
6776
590
-2614
-3942
1798
-7006
-8580
-1835
8491
3987
6848
7170
996
-1253
9706
4847
-2926
-2723
9047
6947
165
-2456
-8631
341
-7538
5289
2953
-4092
-2475
1129
-7425
2243
-6496
4020
-7090
-4213
-9407
6378
1082
-1244
-5809
-2910
-417
9606
-2858
5543
-3413
9363
8540
7942
6384
-6536
-3875
6007
1670
-4852
6109
-7844
2303
-183
9870
3886
-2693
7878
3887
757
-8884
-7516
-6
2631
6241
-8531
-4089
-9774
-2525
4484
-4875
-5441
7512
9040
-7601
-910
1039
-1501
930
-1659
4094
-8577
-3554
-4285
5514
3852
893
198
-3693
-2412
-4004
-7993
-3763
9491
3610
-6166
3900
1668
-937
-4633
1778
7332
5188
-3524
-4027
-3628
-1399
6623
166
399
9020
-1294
2908
-2020
-6827
-8630
6102
-4635
-3398
-707
1419
-7836
-2781
-4992
9894
391
-8257
8963
8940
-4656
4050
4461
6292
420
-8340
7854
6016
-3195
-1773
-4231
2658
-1475
-6200
5029
-1528
4211
-1464
-3815
-228
-5566
8246
8604
8512
8104
-8511
5356
9189
-3474
-7664
-8182
-5596
-4370
1785
5280
-6636
-9983
-4718
-6784
3610
9222
5785
-5954
4314
-4770
-3245
-6102
6999
4788
-4943
-2751
3273
-3391
8227
8366
1882
3373
1534
-2274
-9139
7834
-6890
-152
-9970
-1869
-2229
-7160
-1609
-849
-6687
-1641
4427
660
-4951
-9442
7402
4498
8860
-1059
-9186
-1997
6766
-7913
6321
-6870
-7185
-4671
-8781
3452
8546
9347
-6864
38
-9785
-2036
-24
-9208
8164
3981
6508
9483
4305
9355
-2011
-6751
7306
7969
5841
-271
-874
3197
7440
-8475
-9209
-3415
-3050
8225
-1723
-1246
-2902
-7800
6910
-1092
9262
1150
6975
-6860
-4181
9583
-7312
-3821
7784
-6199
-3367
-3460
3893
-1738
-1339
-4595
5354
-2330
-7709
7182
-2116
-2331
-9978
-7849
-3727
5714
5196
1843
-7579
-3479
-6436
6098
3025
6113
-6505
4011
2322
-1850
5113
-326
4480
512
-5523
9172
5904
-1787
503
2740
-8760
-6961
4765
5902
-812
1307
-2135
-4009
49
4305
2478
-11
-9047
4717
9920
-6454
5199
-3855
-5304
-9546
5359
3805
-7114
3879
4056
9423
-1494
2235
-268
-5703
-5649
7543
5603
1891
-110
-2040
9417
-8153
-6311
4911
1234
-5236
-3625
6731
-8109
9662
-2090
3199
-4603
4069
-1480
7971
-80
-932
-3233
7986
-3239
3715
-9307
-2513
-8438
-7095
3408
7337
639
-1433
-9715
-7271
1924
316
2768
7683
-7847
6762
3291
1986
8370
3485
-6429
6333
930
3158
-6927
1700
6994
-7003
-805
-9805
-7826
6409
-4817
4462
8375
4317
-3479
9939
508
-6794
-8234
-8262
-6763
-981
-8440
-6309
-1237
-8550
-5126
-555
5756
5795
4979
9631
4577
2437
-5195
-4024
-5497
8841
1049
-8878
-6986
4614
-7767
2639
-606
-3153
-4528
283
7219
7979
-6066
241
8196
7101
-6735
-1682
-4418
-9254
7540
4689
1592
2453
-8203
-7810
4066
-9192
8923
-4238
1912
-9996
9499
8769
-1142
-6633
-5946
9626
-5484
-9939
-4870
-1740
2514
-6345
8077
9009
-7212
-7180
-611
1440
8795
4076
-261
-4475
5526
9380
-5418
-3257
-6749
-250
-3423
-3495
-443
-5967
9837
4582
1804
1732
-2317
2411
-9645
5717
2563
-7561
4764
5524
6626
1072
-6297
-5286
1296
7973
8200
1308
-5578
-161
4988
-9720
-4382
-7171
2641
-7758
8456
5934
2327
893
1588
-5735
5283
3093
-4579
5868
-8526
6710
-4299
-8089
2701
-6957
-6796
2078
4386
-16
150
-4893
4125
8718
-9880
-6747
-1445
4461
-9737
-6171
-2218
7809
7896
-8832
6331
7589
4099
875
-4140
3110
-278
-9725
-7805
-1269
-3145
-2019
-3342
8836
-6460
-8884
-5888
-98
-776
2308
4220
5878
1847
-5701
7421
-6436
-4701
4471
-5692
-6600
3228
1567
5768
-6415
9771
-1967
1528
-2794
-3833
7031
6710
2472
-529
8732
5239
4310
5643
-5904
2480
7523
956
-3391
3584
5933
8859
-7403
2414
-3030
5859
-416
8633
-4497
-5028
9657
8064
-7669
-7644
7370
4259
-3683
7509
7463
-3399
736
7105
8778
-79
646
-7504
8163
-397
714
4771
1787
-7735
-1146
5979
-2205
7873
-137
4818
2124
4437
-336
7743
5173
8439
-6961
1177
6475
-8388
-9807
-772
-3123
346
6264
6742
3098
8376
-8947
-4635
-7896
1222
-1410
2534
3000
748
-2703
-4260
-5779
2219
3491
-7167
244
-4593
2582
6627
9671
9614
6922
5497
5681
-1146
8865
7726
-8971
1690
4477
-4820
-744
8895
4225
9812
2374
-4098
-7714
7678
-1580
581
-6535
812
7422
7033
752
-6588
-4663
-6772
8039
7294
-6632
-5391
-6885
-347
-6180
-6995
-5463
-5237
2199
-891
-1427
4386
-2105
8984
-8625
8194
3703
-3927
-647
3000
3380
-3482
24
1893
5629
-5265
3123
674
-1666
7638
8190
9679
-9650
5899
-2844
-2856
-48
-2288
-4444
-6485
-4210
3438
-5505
-588
3827
3398
6583
2723
8519
3448
-9326
3731
-2765
-7189
-9032
-200
-9828
-3057
-104
6616
8081
3947
2614
-7071
-1023
-2367
-6477
8048
-9254
4049
-1859
-5673
-560
-9009
7490
-9985
8138
4235
5336
-2189
1576
-5550
6462
3976
-4949
4959
540
-3170
-7154
-2368
-2642
-9848
-1070
8993
5507
6385
-8437
-6932
89
7658
8415
-2444
-3744
5584
659
-4418
9177
-2569
5677
5792
5531
5230
3614
8176
-2256
226
2770
-6766
-2950
-4073
1722
7088
-6351
3498
-8636
6076
6356
-4426
756
6277
6043
2552
-4667
5496
-4652
-9047
7211
-7179
-34
300
-7346
-6311
6422
-2909
9927
7807
-4076
-7404
6448
-1344
3279
-8526
-4605
2872
6419
820
8334
8442
-3944
705
-7367
-2003
9141
7140
7248
3829
5424
2770
9592
6134
-1208
6673
-5286
-2916
-6809
9900
-3549
8557
6605
-4678
8518
2923
9196
1751
-7610
-289
-9436
585
-3881
8356
-6373
-644
7393
-2438
1046
2875
-4480
2985
-1601
-9343
-8480
2479
1925
-8209
-1095
4651
2614
2553
-5486
1490
-5093
-8562
-8996
-8779
8821
-6583
-1283
363
5014
-8184
7529
-5979
3012
-8541
1341
-6450
-1528
-3670
-7764
-9633
-3093
-8371
-5209
5396
-3640
8770
3483
-1074
1942
-1412
-6640
-1415
-3230
2946
2985
1415
6830
4437
-3888
-6479
-6149
-4293
-4446
-8913
-9355
2909
-8940
-3331
6198
2160
5889
8992
-3085
5115
9161
2091
-9827
5930
-4364
-8727
-8102
-6038
8942
3152
5235
5690
-2852
-8887
-9595
-8125
6387
-7603
2808
-2387
-2350
1486
6269
-1030
-3316
1164
20
-1940
3042
3304
-9406
5870
-2412
6128
-6793
-6992
4404
-1448
3818
2717
-7011
-1895
2936
6823
2045
-613
3734
-3108
-1880
-72
5343
-5173
-8322
9899
-4375
5535
-2310
-4906
8355
-3964
-3805
7748
-9052
-4858
-5424
-2600
587
862
-6001
4561
8304
9829
-6427
1456
-9732
6904
-8753
-783
1744
138
8466
3914
-7016
-4566
4184
3970
5270
8318
4355
78
-8935
93
-628
9847
-7456
4613
8993
-5252
8020
-101
8
7458
1130
1833
3587
505
1844
-5204
-807
659
1113
-6361
-4187
-750
-8715
613
5647
1042
4
206
4576
-5071
6308
-2528
3296
740
-4141
2819
7142
-2120
4630
8869
-7365
5450
9904
5095
135
-2344
-2469
-4674
9583
2694
8361
-5497
3537
-335
-8835
9226
6015
3042
3545
-7833
-3308
-7695
-2926
156
5977
-3005
8472
7985
6738
5900
185
-7692
3334
-1290
-8348
5014
-8933
1075
7235
6333
-5884
5193
-4935
-1765
3959
-8227
67
-2452
8929
6681
5613
4994
9465
6718
-239
-9312
-2262
6486
-786
4060
9625
7258
8423
163
809
1583
7480
-7807
-9962
-9428
9994
4325
-7211
3790
-9941
3595
5032
4536
-1333
-8774
-3612
-1277
-3681
-9756
6991
1934
1267
4932
6771
-4826
-6057
-2877
8812
-5053
-4923
7476
-2895
-4910
4034
-2502
-6799
-1638
-2361
-394
2678
-652
5727
8129
-2748
6387
3759
-3026
-2697
-7629
-5169
2038
2658
-6986
-2798
-1567
-3613
7888
-8740
-736
1452
-4288
-132
-5120
-6778
6536
-9489
9942
7266
-1226
-4411
3417
-4207
375
-5652
-7556
1380
6704
2571
6243
-8328
-5087
-1006
-3266
548
4829
-6064
-5345
-7799
9991
4419
-2711
337
5665
-1723
9966
-8708
-9921
-7930
-3748
-9326
-7055
7929
9240
2358
-5059
-1410
3101
1402
6297
8360
6710
-7119
4963
9251
-2366
1695
1092
6042
255
-8823
4225
-2657
-2039
-2452
307
892
-4443
-6094
-1697
-9125
4506
7286
9447
-6231
5378
-1451
-9100
5691
6730
-4923
-4413
1684
-8633
4588
-2386
8621
-6424
-8331
4601
-4435
-3268
-1691
-4892
959
-8671
-8414
253
-4156
-7446
-5538
-7682
5398
4390
-5552
409
-2238
7090
-9036
8563
-5532
-8422
3761
-5980
8993
-5296
7040
9186
2122
-1184
4281
-7964
-1655
-2457
2902
3432
-6267
9512
-4783
9321
-8785
-3873
-5669
-2824
-5678
152
9146
-6747
-7591
-9551
5759
3447
-7194
1361
-7026
5153
-4666
-8274
-4567
13
-1009
-9331
5971
1889
8047
9247
-9096
782
5951
-4522
4674
-8427
9884
-6088
7484
2700
-7841
-456
-5592
4659
6023
4528
7493
-5591
3330
1843
8239
1114
478
8611
-5284
-7879
-5644
7533
6258
-4533
5792
8660
-1935
3611
8507
6710
1634
8901
4028
7764
3258
-8440
187
945
-4644
-9046
5760
1035
-7641
6636
8561
-4193
7364
4836
9565
1981
1357
-3126
474
-2325
-7308
-9347
9723
9065
5948
5327
1149
-8430
9915
6021
1004
-984
-7381
1953
6880
222
-259
-6080
4884
3401
490
-4850
8944
6408
-9301
-1448
1744
-6153
3599
-2955
-3205
1460
-5358
5734
1677
-9612
7084
-7773
1663
-6989
7568
9516
-8966
3573
-8013
5783
-9395
-4908
8925
3386
298
-4400
-6643
-9887
9274
-3082
-1355
8814
-1685
-1683
-9386
3468
8082
-4611
-835
4532
2722
5532
-5665
-9484
-6003
1727
-3290
-4595
3743
-6414
-1677
5440
-2959
1264
2419
-549
6130
8470
4659
-1888
-6346
8784
707
-3394
9142
-4653
-8146
1113
-615
8170
1182
9605
3209
-2773
4660
-3677
-6723
3696
414
6483
-7671
-8909
2244
9993
-1151
2948
-9497
-1056
-8587
-2889
7436
5166
6954
3067
9395
2204
-5343
-7153
3334
-8357
3185
-2323
-1837
-2861
-171
-9494
-7023
345
5827
2730
-4199
-1057
-720
-6813
-483
6723
-925
-7268
8237
9387
7270
-8385
2929
2495
-8538
9973
7564
7144
8322
-5349
-6952
3229
3521
-2025
3091
-5326
6947
-2959
3050
-2424
1300
141
1438
-1491
-3479
-7087
4097
5672
7931
6352
7642
-883
-2586
2892
-7195
4028
4621
4814
-9126
7227
1796
-5036
1955
7368
6493
-9325
1198
-6027
7142
9037
-7595
-2208
301
-9431
-7825
-5617
-7564
-5206
5590
-8707
-8027
-3554
-6176
1298
-6001
9183
7217
-9821
-8559
3922
4743
-6304
8560
-9096
-2630
6722
2018
-2005
5044
-1082
-7342
3825
2840
-2131
5414
753
1775
7434
-2514
7703
6503
-9627
-7848
-3949
459
-4010
-417
4743
9680
-293
2221
6397
-7456
767
-5771
-2417
-8298
-4043
-523
-3519
3091
2328
-3315
-1004
6387
-7508
5234
-1903
-357
1491
-6053
1638
-2180
-7673
5987
-5431
-896
-2185
7808
8646
-9453
9619
-6129
7438
-1923
1836
2549
5390
-7320
5508
-9211
-9516
-5292
-1895
9306
9296
9640
5553
-3572
-4882
-3025
-5603
1158
2759
6022
-793
185
-939
5802
6249
9692
-4073
7875
2436
7805
-9818
1482
-7629
-4182
8460
91
-5228
1703
-3050
1938
-5215
2954
4400
2386
4250
1117
2092
6561
4525
-1817
8824
-8326
-5315
-4715
-862
-2835
90
-4813
-2175
5407
8616
951
-7091
-2729
-4939
7339
6582
-1803
-5001
-9289
-6533
332
8368
-3878
-2125
-2225
9968
-1117
-105
3660
7300
-8569
9701
-6394
1118
1899
-6509
-6065
