306
408
2362
357
2670
408
361
408
1247
408
6474
408
5456
153
5197
357
7381
306
8782
408
6407
306
4102
255
1724
204
4139
153
7425
408
9226
408
5820
153
4135
204
5719
459
1080
204
7678
102
320
153
123
102
5481
204
4764
459
408
459
7855
357
4297
306
6036
153
5259
255
621
255
2277
255
2609
408
3411
102
4313
357
6385
51
8639
255
8831
51
5161
255
4613
255
5063
459
1567
357
3211
153
2081
204
2417
306
1187
153
2128
357
764
102
8245
204
9412
306
459
153
3367
102
4283
459
9374
306
7697
102
6527
357
2458
255
9969
459
5683
459
4579
204
886
459
2011
357
7130
357
527
306
7605
102
3801
306
1214
306
6557
204
4253
255
7730
102
4713
102
7456
357
4405
51
321
357
7619
153
357
51
283
459
7183
51
8644
51
4578
255
5445
153
2103
357
7965
51
2085
255
8470
408
5741
102
3129
255
5980
102
4078
459
5132
306
9909
306
3245
102
8964
459
8553
408
4714
408
1693
51
2298
204
8454
153
2467
51
30
459
153
459
2476
306
1555
153
3722
306
9144
408
1255
357
3411
357
4957
357
4397
102
4220
51
2178
51
3602
255
6791
306
9049
459
6751
255
4417
357
5693
51
7206
51
7014
51
602
255
7280
408
1131
408
1901
459
7149
306
7974
102
153
408
7732
255
9322
459
2840
306
4353
153
4886
153
9060
306
6199
204
166
204
3269
306
4797
51
9879
459
472
306
5391
408
9972
153
5914
408
1492
357
4640
459
5870
51
5375
153
3253
102
6812
408
5033
357
6048
408
552
51
459
204
1672
102
7332
459
8476
255
8419
255
4569
357
5055
459
1458
204
7233
459
967
357
7374
102
4972
204
2447
357
7648
306
6835
357
9167
51
3948
408
5314
153
7781
357
6832
357
4422
408
3144
459
5988
408
9735
408
6322
51
204
255
3257
357
5935
153
5297
153
9623
255
6159
357
9456
51
2907
51
7289
153
3645
204
7695
459
8732
459
6845
408
3793
102
3967
357
9805
459
9045
306
8707
357
142
102
4812
357
2853
255
7121
51
5657
51
3463
255
5787
255
459
204
1710
408
9433
153
6099
204
1617
204
4751
306
1716
255
9967
459
8697
408
4507
51
1099
357
9176
255
4343
204
2536
357
8572
357
1880
102
6954
255
6000
102
4462
408
378
153
2456
51
1994
357
7653
306
5854
306
4259
459
102
306
3332
306
4291
153
9098
459
7141
51
5592
357
829
255
3152
102
8766
408
9396
204
4651
102
7010
153
2608
102
6305
204
2182
306
5780
408
246
102
865
102
7092
357
5659
459
9287
357
7015
357
4008
306
1583
153
864
204
153
408
2794
153
4450
51
3470
102
1563
255
4169
459
7620
357
8729
51
1968
459
4985
51
7427
51
7720
408
3611
306
7551
306
1701
153
28
102
2862
102
8613
255
8406
102
7255
306
7069
153
7653
204
8230
408
3837
306
627
255
306
459
4126
459
9911
102
2055
357
7719
102
3979
408
8351
153
9367
204
2092
204
9921
306
6413
306
8776
306
9466
357
6209
153
691
306
9264
102
5239
357
2095
102
429
459
7138
306
2554
459
7129
459
4220
255
1767
153
9300
459
204
459
8770
102
6519
153
8481
459
8335
459
7815
51
1332
357
2459
306
2250
357
7908
408
8755
51
3562
357
3510
255
6864
357
4676
408
9539
153
8840
408
6222
408
9738
255
6927
306
6911
357
9862
153
9639
102
2860
306
6929
204
408
102
4351
51
7415
51
7108
204
1624
51
4150
357
6436
357
5202
255
5567
255
8686
102
3230
51
3517
153
4012
51
6808
255
9701
102
2434
459
4238
408
981
459
8122
357
8892
459
587
153
1007
459
7696
255
9589
408
5664
459
459
357
2953
306
3697
306
9988
204
8426
459
5867
204
5155
204
4847
204
4556
306
4028
357
3014
51
8733
357
3062
102
4284
153
6124
153
397
51
5027
153
8592
153
2285
255
4387
459
8697
255
3724
408
100
357
4750
153
3016
51
408
204
8514
153
9541
255
690
255
3839
306
7324
459
6990
102
9442
102
7442
357
6358
357
5983
102
8909
306
9194
357
5749
51
6189
255
3417
153
3461
306
9897
459
91
459
4411
153
8759
357
1849
306
8016
51
7208
102
6022
459
255
153
4527
51
3115
408
8263
306
5929
51
3729
255
4321
306
8453
408
4204
357
7585
102
1784
306
4088
102
384
306
228
153
5192
102
5178
153
8291
153
3894
357
5573
102
4076
204
7844
204
9438
255
2205
459
8273
459
1124
204
51
102
4924
255
2904
153
4752
459
1272
255
9484
204
7210
357
2577
459
4330
459
1488
153
5885
408
4998
153
20
204
6665
51
4511
102
1278
102
5620
357
2452
357
7972
306
5422
51
9778
153
9688
153
7617
255
1174
408
7678
459
459
306
2235
102
2354
357
4086
204
5662
51
6520
51
7798
255
3541
306
9068
459
5894
204
8144
357
5389
408
793
153
2885
459
5890
102
1040
459
5004
102
4114
153
7062
306
9315
153
8663
204
5434
408
4743
357
1087
255
8282
204
204
459
9176
102
5221
306
4439
255
3922
306
9528
408
3164
408
8777
255
1863
306
1442
204
4825
153
7185
204
1733
102
6909
204
1217
153
185
102
5800
51
9624
459
3049
459
5990
255
755
357
1733
459
7056
408
7196
357
9732
102
204
255
9046
357
6228
408
9695
204
3077
357
2868
408
6819
153
5378
408
8027
408
8179
153
8063
357
2119
255
8997
306
7757
102
5004
408
9823
459
6615
408
3895
408
3270
357
4563
459
6366
204
2611
306
9569
204
4686
204
2098
408
153
459
1455
459
166
408
4694
255
6567
255
3070
204
1974
51
1302
153
8486
204
7206
357
6487
51
122
459
4990
204
6237
255
3820
357
5477
357
4465
408
9301
51
4190
102
5887
306
3676
306
678
306
3840
51
9224
51
4846
153
459
306
7591
204
5548
357
395
357
6781
51
3369
408
1433
408
126
153
7158
357
640
306
9557
255
9522
153
8400
51
4159
459
360
255
2091
306
9823
153
9432
102
1843
153
8997
306
9289
153
4392
204
163
408
5178
408
3389
204
255
306
7474
204
9165
306
5161
102
835
51
906
204
4484
102
8364
204
4921
102
4052
102
9609
153
1256
102
9799
306
6819
306
6641
255
1153
357
7930
357
2958
102
1886
459
2011
306
6164
357
1853
459
2570
51
9222
51
7146
408
306
204
2155
153
531
204
8522
204
9457
459
6621
459
8065
408
6565
102
4970
408
5261
357
1995
306
9821
102
3785
459
3792
357
3790
153
395
204
9948
153
1081
204
1948
255
913
357
794
204
7150
357
1237
255
3666
204
8572
204
255
408
1769
153
5406
102
9091
357
4662
459
7037
255
9651
408
7540
408
5771
357
3755
408
1647
102
7979
306
7830
204
7542
357
2780
255
7923
255
3222
153
2989
255
6667
459
995
204
1493
408
2940
51
6133
408
8094
102
1321
306
255
204
5575
204
273
51
4833
102
8919
357
953
459
2628
153
4297
357
5141
51
5627
306
5428
306
4993
357
3032
459
1638
153
4734
357
3615
459
4909
357
8228
306
1803
408
2807
357
9869
306
1001
306
1038
204
2375
102
8615
153
408
51
2538
102
6460
306
9435
408
1287
255
2318
204
9272
153
4963
408
8284
255
9812
204
407
255
1914
51
3997
51
2278
102
1673
204
9274
408
536
102
2058
357
8411
408
9851
102
2653
204
298
357
4719
51
3478
153
9271
204
255
204
8129
204
236
357
5580
408
6993
357
446
306
2225
459
3524
51
1267
102
9458
204
5933
204
1099
51
9824
153
155
204
2072
102
5073
357
9708
204
2177
102
3056
357
8691
357
3987
408
6358
204
6894
459
6929
204
3623
357
153
306
757
357
6520
153
1150
357
7159
102
9058
408
1852
306
4765
102
3900
255
3401
357
9994
102
2726
255
5321
459
4288
255
7987
255
950
357
792
204
4451
255
2949
51
3176
306
444
51
528
306
5670
204
4741
255
3924
408
408
153
8096
102
9811
153
8722
255
1591
102
9234
255
8148
459
4967
459
3421
306
4662
255
8414
102
579
306
5312
306
2255
357
148
459
5241
306
5273
51
7806
204
8346
51
1271
153
2883
204
5590
306
4368
255
7650
255
4023
204
153
51
3467
51
1823
51
1756
408
5301
255
5346
102
4861
306
4850
408
963
153
7777
408
5965
408
1867
306
1907
204
9249
102
7503
408
7697
408
7678
204
4833
255
2111
255
574
357
8790
306
5567
153
3886
102
9118
204
1309
408
204
357
2199
306
998
153
4644
102
1876
459
9376
51
2653
51
5074
357
7032
102
369
153
5119
153
6864
459
2307
255
4630
357
7511
51
4974
306
7749
204
4876
255
6323
408
9733
255
2585
51
3887
408
327
204
5440
408
7425
51
102
357
7361
306
8928
102
383
255
9994
204
147
51
7022
459
3937
102
6005
51
8347
459
8684
306
9879
153
7503
357
4030
306
8985
408
5230
357
3477
255
4714
51
6290
459
2404
51
1048
204
3473
408
6100
408
4269
357
8814
102
306
153
6393
459
6048
459
7195
408
5036
51
1342
51
2827
204
1358
255
2999
459
5922
51
1259
153
193
357
524
204
9112
153
464
204
6661
357
8057
357
3921
255
9306
357
1750
459
6016
51
5131
357
7967
357
3805
204
7174
255
306
102
869
459
9201
408
2322
408
8911
102
7580
204
8771
255
9127
51
8908
459
6327
306
1023
51
9637
459
5876
459
5361
357
3759
408
890
306
3872
102
4818
357
7395
459
489
408
4665
459
7849
459
4817
204
1087
204
7590
153
357
255
4008
459
8293
102
2095
408
7810
255
5988
357
7978
51
8086
153
2730
306
7484
153
8186
255
4164
357
4948
51
2848
255
3852
459
7303
459
8220
459
4355
153
9664
102
6596
306
3215
204
4909
51
5313
357
7458
459
9519
204
153
102
5347
357
2725
204
5134
51
1688
153
8395
51
3137
153
12
357
2749
204
463
153
8225
306
2341
459
253
306
8982
255
926
51
4266
102
2255
204
2582
255
3442
357
5678
102
5217
255
8532
459
7403
102
3521
51
5042
306
357
459
8657
255
2372
255
6747
153
2886
408
1534
459
2179
459
8148
204
4894
306
4163
153
3881
51
4435
51
4807
102
9413
306
1533
357
1707
255
4411
153
3114
408
8578
459
4522
51
1984
357
3383
357
3175
153
5876
306
3757
51
204
51
7292
153
7144
51
9910
408
247
357
7430
153
7572
357
862
204
8074
408
8140
255
1952
204
6736
255
8093
306
3218
102
7418
357
917
459
4590
204
4282
408
8558
51
9562
459
6383
51
6965
204
3106
408
7840
408
7455
51
51
153
1321
357
8187
153
9722
357
6696
255
2243
357
745
255
3334
459
8362
459
3048
102
6852
255
1152
204
8448
357
7689
408
9580
357
3887
306
5149
357
8761
357
8929
153
8692
306
7488
51
2896
51
9750
357
2565
153
9399
255
102
204
1305
102
8009
204
3675
153
5615
357
7970
306
869
204
7296
255
4813
255
7174
306
8170
204
5719
408
9985
306
4761
204
8355
102
5676
51
5584
459
5048
51
4820
51
3215
51
9499
459
9445
204
9352
102
9645
255
1438
255
102
255
1200
204
759
102
6182
102
2897
306
1300
153
1174
306
3960
153
5778
408
3149
51
6562
255
2537
153
1370
408
4225
255
9366
204
263
408
3450
102
6341
459
9745
153
2556
102
1412
255
4289
459
7805
408
3291
204
6899
102
306
102
5660
102
5875
306
8865
102
1937
459
6895
255
6723
204
6952
306
3672
459
3074
153
9402
408
850
51
8235
357
4385
306
2597
102
9588
153
9576
459
4096
204
7470
408
7851
51
3832
306
4932
51
6049
357
4371
306
6273
306
102
255
1950
306
3048
204
5249
51
5822
306
8631
255
8536
408
8267
102
6296
51
7282
153
7102
408
6202
204
8383
102
9865
204
2363
204
1683
357
1980
153
2176
408
3743
51
9595
255
8589
204
6268
51
7111
357
3554
357
6513
51
408
102
48
51
1004
255
288
357
3504
204
3735
153
3165
408
6456
51
3937
51
8040
255
3076
306
7221
51
9349
51
2704
255
8120
204
3171
306
8621
51
3373
408
1988
255
3703
459
5477
357
7736
459
4000
153
6080
102
9392
357
255
408
4180
153
2956
204
4501
51
2401
408
4482
408
9966
102
6561
306
2556
255
1240
357
8013
357
1584
102
3376
153
556
357
6165
306
5152
408
6480
306
8996
102
5636
459
4830
357
4184
357
7160
153
3122
102
981
357
8487
153
357
408
6268
204
6091
459
2983
357
702
408
3403
459
9845
459
9660
255
356
255
3575
357
9027
204
2332
459
296
357
811
102
7897
102
3063
102
4258
357
1886
408
8500
408
9018
408
4813
357
9649
357
5537
204
6488
459
6894
408
51
306
1892
459
5120
306
9584
204
7244
306
9234
306
2354
102
1682
153
9450
102
8230
357
9429
51
1119
102
9947
153
1294
459
6797
255
1104
408
8331
459
2662
204
977
153
3327
357
1024
204
6038
51
950
51
6429
102
2857
102
102
408
8895
255
7314
51
9520
357
596
459
2555
102
6545
51
7660
51
1403
153
6827
51
1438
102
8080
204
2729
459
9139
204
1545
459
5932
255
8679
255
2488
306
3059
51
1646
408
6875
204
6125
51
4558
459
8415
153
3657
357
51
102
155
153
9681
255
4359
459
1735
459
7173
408
7532
357
3459
153
5649
306
860
306
6810
51
4688
408
8184
102
8341
204
2184
204
3555
408
7751
408
8534
408
5856
459
3573
357
1031
51
2265
51
373
102
5850
102
4445
459
51
306
7558
204
3551
306
856
51
4055
357
3351
204
9482
204
5344
102
4507
204
1477
408
3369
306
9856
408
7024
408
5382
306
3311
459
3407
153
9145
357
1576
255
9712
306
3731
306
3473
357
3404
357
9616
255
7817
204
3443
51
408
153
3805
357
6363
153
891
51
4053
255
3416
255
886
102
8956
102
8825
306
1699
51
9300
408
9742
357
801
204
1906
51
2758
204
365
204
9286
408
506
51
7764
51
3723
255
4463
306
54
408
7821
459
4957
255
1930
459
306
102
3440
357
3183
204
143
51
130
408
3144
255
4361
153
8345
459
3788
204
2460
408
8179
51
5654
459
8570
255
4040
51
5493
459
3073
357
1039
459
445
153
8181
357
4106
459
8195
204
5184
51
1041
255
9575
51
1294
153
408
459
5934
255
3029
51
6566
459
6823
255
844
357
6148
204
962
255
4070
102
6173
459
2864
204
6207
306
8669
153
6797
51
2222
102
1842
204
2474
357
3832
153
9749
102
1873
459
3724
306
9684
408
9749
459
2344
153
2218
408
459
306
9635
102
9476
102
4673
459
9916
408
9268
408
9744
255
2830
408
9000
153
7541
459
2086
204
5806
204
5793
153
6499
153
9981
306
1983
459
5918
153
3392
51
3451
459
4265
306
6749
357
2956
459
2500
255
5668
204
6846
306
306
51
6775
102
30
153
1597
357
5553
357
78
306
7603
153
8378
204
1133
204
1641
153
7123
459
3499
357
2097
153
3903
357
2561
459
8325
102
5534
357
3910
408
6980
102
7342
357
2370
102
6227
459
3992
306
4237
255
6923
204
204
357
2097
102
2507
306
8488
51
6886
102
8444
357
8632
408
4131
255
4861
102
9519
153
1195
357
4153
102
2793
255
7879
102
6759
153
839
357
517
357
8061
102
3541
408
2458
255
2779
306
2655
153
8556
153
160
153
1550
153
102
255
7409
306
7514
255
7958
153
54
102
1567
102
3907
204
1892
255
7299
306
1535
459
9410
204
826
255
511
204
6027
51
8260
255
3190
204
9727
51
5226
408
8229
153
3209
408
7525
255
5638
306
2511
459
5961
357
3809
153
306
255
3878
102
2882
153
1700
204
2910
408
3023
357
5467
255
9200
459
4929
408
3307
51
3145
204
2236
306
5303
306
5351
153
6158
255
503
255
4763
204
6277
102
4388
153
6740
204
7286
408
1692
255
9369
357
4663
153
2347
408
459
306
8284
459
6336
459
5634
459
781
51
4518
255
8615
459
9160
153
8922
306
5186
51
8824
357
6821
102
5434
357
8060
102
784
408
1422
102
9676
459
3816
204
4774
459
990
51
1378
153
9201
51
7954
408
2966
459
2846
102
204
153
9918
255
3400
459
184
459
4992
408
7411
459
5952
153
3153
102
2663
102
6516
357
8986
102
8257
204
1580
306
9856
408
3261
306
6779
204
5469
255
327
459
7971
51
4741
357
4811
51
948
459
1730
408
5153
153
2060
306
102
459
755
459
5564
255
1874
408
3450
357
528
306
4843
51
3490
306
3283
357
65
102
2929
408
9787
408
5230
102
9014
153
7985
51
2619
408
8106
204
8587
306
6919
306
9423
51
9088
408
4678
51
157
408
9172
357
1140
357
204
408
6387
204
8663
204
8413
408
3828
153
4265
204
9525
408
8747
255
818
51
1393
459
8662
51
698
459
5437
459
6004
255
2130
102
9290
408
4014
153
2173
204
2267
408
4164
51
6816
153
9381
306
1104
306
8673
204
8064
204
306
102
7258
255
3415
204
5321
459
2361
459
9425
306
8112
204
1528
408
5175
102
3494
306
5636
306
2137
408
3490
255
9140
459
8206
408
6735
204
4962
459
4679
306
4664
459
5693
153
8698
306
6915
306
9548
459
4116
306
3781
408
51
306
6559
306
2769
408
6374
459
3149
204
8183
459
6010
306
1685
306
3297
459
4649
459
6325
51
944
51
7430
408
8694
204
960
306
5095
51
2097
357
8089
204
4720
459
8598
459
9494
255
9947
459
8285
51
6570
306
7859
255
357
102
5192
153
699
459
106
51
7367
102
809
357
8068
255
3776
306
4067
51
2096
408
3718
153
7543
204
2550
255
6076
153
4729
459
6619
357
2212
306
940
51
7613
306
3236
357
1573
459
151
306
6779
204
1403
153
3638
204
408
204
2405
153
4430
153
9179
357
9282
102
4570
204
1952
357
3846
153
6034
255
9908
357
4783
357
3701
306
4308
51
2274
306
6015
51
1695
153
7259
204
6772
204
5767
204
5857
357
4081
102
6242
204
2626
102
3666
102
2495
306
408
255
2977
102
8404
357
4374
408
6428
357
6775
51
9554
408
5136
306
3364
306
3480
306
6606
357
3845
153
3281
357
398
459
7199
255
2432
51
7381
459
5056
408
3905
306
6563
51
9948
408
9443
306
7528
357
6947
408
6601
204
306
102
2537
102
4734
255
6736
306
3147
51
4152
102
761
255
2501
153
4776
51
1791
255
2504
357
5181
51
7731
357
2490
102
5445
408
9556
459
5287
255
340
153
2099
102
8854
204
4912
51
5793
204
1232
459
8386
153
3911
459
357
306
1174
153
3854
204
6051
153
7970
255
892
204
290
357
7345
357
9403
51
8457
153
6173
459
9489
459
5159
408
8796
153
1039
459
456
459
2966
306
7751
357
5610
51
9766
408
4552
204
6463
204
8139
255
6153
408
5368
306
357
408
2829
255
5164
102
8421
306
3630
306
8203
204
524
102
2278
255
9321
153
1521
459
3840
153
8949
102
1733
153
1274
102
3796
357
9837
306
6303
408
910
255
2885
357
3957
51
7464
153
711
408
6855
357
391
102
2107
357
357
102
9939
306
2409
204
6645
204
7014
306
6491
306
2524
102
2301
153
3521
102
8158
204
3183
51
6252
204
6432
204
3232
204
4617
153
835
102
9836
255
3676
102
8568
459
5698
255
6061
102
8210
153
8675
51
2003
459
2356
306
51
204
2700
51
3365
357
8278
255
5816
204
481
51
9088
51
2453
51
2499
255
1454
51
6061
102
9948
204
6083
357
4016
459
7894
204
7604
204
2135
204
7738
102
6085
459
5300
102
898
153
4870
102
2526
408
7338
357
4257
153
459
153
4555
51
6173
204
2460
102
7384
306
1399
153
8560
306
2385
255
1555
459
8136
153
3334
204
5456
255
9596
408
3040
51
2276
255
727
51
3223
408
9097
102
7508
153
6750
153
7390
204
8868
459
7684
153
6617
459
3819
357
459
153
1778
204
383
306
2273
153
2407
153
6733
357
5011
306
6107
153
6394
357
8118
153
1738
255
4834
357
3744
204
5226
306
7261
306
6472
408
8593
357
7943
408
8953
51
1224
153
8976
102
7041
102
2310
102
4248
306
3839
51
459
255
7669
408
4730
102
9866
204
2860
459
5142
204
232
153
5542
459
562
306
6069
357
5553
255
6675
102
6463
459
6385
408
2651
51
3691
408
4022
255
1682
204
7025
153
7248
306
3424
204
1690
459
8442
357
2973
408
163
51
306
153
3888
459
7595
255
8240
306
4727
102
8078
51
1175
153
4346
102
2179
51
7104
459
3246
153
2436
408
2477
408
1185
306
9679
357
8394
306
3722
204
7954
255
3203
255
5730
51
5031
102
3839
459
6729
306
1415
408
396
306
459
153
5306
204
3051
306
4217
51
1647
357
5604
306
587
51
6009
306
8336
153
8436
408
7985
357
2348
306
3716
153
1139
153
6146
255
4417
153
6302
408
3736
204
3672
255
8294
255
4905
153
9616
459
9355
357
9668
306
5509
204
357
153
3958
357
1645
459
959
51
4896
357
4062
459
5758
204
7247
51
6558
306
9053
153
5768
408
9125
357
1688
306
8376
255
2814
408
2779
153
3326
306
853
153
1091
255
8674
204
5943
153
2315
153
2562
306
9660
51
4742
408
51
204
1207
459
5227
102
4189
357
4110
306
4533
408
4535
255
9268
357
7495
306
8401
51
1421
153
8986
306
3953
459
962
459
4700
408
9173
408
6172
459
9148
459
964
459
1321
51
7831
408
4559
357
2627
408
8326
306
7183
306
306
255
2714
459
2607
306
104
357
4421
357
5612
408
9038
306
8289
357
934
459
6845
306
341
153
1543
459
2111
306
7329
255
6205
255
8687
204
7136
357
2642
357
1951
204
9794
357
143
408
4009
102
4627
153
7274
357
7559
255
459
204
148
357
6530
153
3816
51
7128
51
6647
306
898
102
9848
255
5003
102
538
102
2923
102
2481
357
8628
306
1315
255
5947
306
33
306
4065
357
4009
153
1694
153
8974
51
4386
408
1382
204
9093
255
6304
255
7826
459
357
255
992
459
4577
153
6260
255
6865
153
9903
153
6983
459
6574
102
5872
357
2166
204
3838
408
2279
357
84
204
7835
306
7554
204
8499
204
2273
408
4554
153
7499
255
3116
306
1412
51
6118
204
5391
153
1471
153
8950
408
408
357
358
306
1598
102
4159
306
7984
459
4940
408
2847
408
2849
306
3910
306
6686
102
2409
459
8451
51
6853
255
7083
153
270
51
5467
255
5733
306
3801
357
1608
51
2749
102
9153
357
3844
357
6222
459
4234
408
3746
459
459
153
5453
459
7561
408
2363
51
3183
408
4324
204
4843
102
6120
408
2841
255
5436
51
8844
408
8471
306
6149
306
9061
357
4361
306
578
153
4316
102
5694
204
9922
255
9279
255
5783
255
1867
102
8537
255
4736
255
4802
153
51
459
9927
459
6718
204
7215
255
9272
306
9537
102
1122
204
1400
153
3313
255
5959
357
6408
102
7238
306
6803
255
7640
102
1337
153
4271
357
3701
408
4263
153
1242
306
4134
408
7787
51
583
408
228
306
651
306
5339
51
204
102
3813
204
9443
255
891
255
2652
255
2502
306
2129
255
1035
357
7404
357
2466
51
7445
204
5769
153
4924
459
8616
102
6305
408
7099
102
4992
255
3485
102
6750
306
5493
204
9908
204
5836
408
1197
255
862
102
4611
408
255
153
487
408
2079
51
6475
102
9741
459
377
102
6917
357
2232
408
9394
204
581
102
7235
306
1956
306
6952
153
6291
357
6893
102
1696
204
7165
306
8756
255
4312
102
8087
408
9947
153
4803
459
4171
357
5819
255
5979
357
255
51
4678
255
1114
459
2402
255
5045
408
4995
51
3431
306
224
459
6467
459
8364
306
7682
459
5283
408
4458
306
9787
204
4402
204
1121
408
6167
102
1470
102
3861
204
4228
306
6244
408
9861
408
460
102
5401
255
6548
51
459
357
2895
357
136
255
7650
408
980
357
5780
204
2987
255
8247
306
5970
51
7922
306
2801
51
9383
357
7435
153
7856
102
4467
408
2257
408
2731
153
1631
306
6436
102
291
306
9613
153
4565
306
862
306
2496
153
5646
459
153
51
74
153
7721
204
3450
306
3667
459
6816
153
917
357
99
255
7653
357
3361
306
9136
459
3028
255
5312
153
2239
153
9124
204
3951
255
9064
408
7732
306
562
204
7876
153
4191
102
6811
306
1513
357
3422
102
1129
51
204
306
366
357
4027
102
3320
204
6774
459
9243
306
52
459
5818
255
6739
306
3595
357
5030
51
1799
357
6710
102
5317
204
6565
255
4884
204
996
357
7834
306
5786
153
9042
408
2662
51
2596
51
9499
357
5889
51
487
306
459
102
9575
306
35
51
8978
255
8363
204
9049
459
265
102
6352
408
4775
102
2285
204
7932
102
4896
102
1361
459
6700
408
9918
255
3391
204
9331
102
9209
459
6174
459
7894
51
796
306
2299
357
1104
153
7241
204
5109
51
255
357
9076
153
7908
153
8343
255
3492
153
2730
357
2239
459
367
153
5014
459
2707
51
6664
459
9729
204
5120
102
4812
51
4870
153
2868
153
1588
51
6099
102
4212
204
5426
459
9217
408
6277
204
7270
204
4188
51
2543
357
204
459
3668
204
1921
204
4837
204
9226
459
4724
357
3501
306
4977
153
3354
459
3653
102
8950
255
9332
204
7537
204
101
102
6283
204
7081
459
9811
459
8910
153
6901
408
1018
153
5586
306
5100
459
3455
408
5745
357
3110
51
306
102
4854
102
838
204
8819
408
4015
102
2859
459
8232
357
4048
306
2465
51
934
255
1539
255
2904
459
3419
51
2445
102
9225
306
3835
51
5309
357
5384
204
961
408
7535
204
6443
102
7501
204
2947
153
2012
306
4586
51
459
204
5747
102
9814
459
3466
357
8020
408
9705
306
4575
102
1942
204
5311
102
8539
306
8499
306
5758
102
2307
306
8355
306
6655
102
841
306
5302
306
2418
459
7261
408
1761
357
1486
306
6935
306
8080
204
7386
255
3796
408
306
459
3635
255
9551
408
3505
408
7062
357
4630
306
7575
357
5794
51
257
204
9623
357
5942
153
4946
153
5340
357
2573
255
4627
204
5740
255
8683
153
7780
255
1965
102
3360
255
2102
357
2996
153
9808
306
7500
51
3686
51
51
459
28
459
1711
153
4936
51
4200
204
1391
204
5430
357
34
408
9649
51
5655
255
5562
153
1089
459
4926
102
3851
306
5408
357
2445
357
5255
204
6769
459
3278
357
8893
357
3255
153
9922
306
7748
408
576
306
6966
408
255
153
6482
153
6548
459
8757
204
9419
459
4312
102
4929
459
9231
408
4768
153
2551
459
6907
51
4510
51
7882
357
2066
102
2036
255
871
357
1836
204
863
153
5242
255
2842
102
5362
102
2504
306
7121
204
414
204
5911
408
306
408
4509
255
6511
459
8465
255
334
459
9802
306
1495
459
5329
459
2962
306
1406
255
998
204
2272
357
3101
357
5004
408
6344
204
6447
255
1705
357
7410
51
106
102
836
255
3006
357
7884
357
7683
306
8795
204
3316
255
204
408
6747
51
3695
153
9732
204
3723
459
8540
357
858
51
7048
255
7197
408
9343
255
9413
255
5556
102
6824
102
22
408
132
357
44
306
7149
153
1516
408
2655
51
9448
255
1923
408
5625
255
9394
306
3487
102
656
51
204
51
265
306
8864
153
8538
255
6774
357
2806
255
8488
459
1184
102
1428
102
1894
102
9188
306
2526
357
7785
357
8167
51
1057
408
2263
408
5661
306
5686
204
7779
153
7768
408
6382
255
8117
408
3605
51
9993
255
9547
51
408
153
3053
255
1277
204
4025
408
8296
357
4056
51
1052
408
2107
459
4935
255
5927
102
2529
357
8280
357
7379
357
451
357
2147
408
956
153
1492
255
391
204
3299
357
5306
102
9950
102
9564
153
7778
204
9118
408
2369
51
357
408
1266
153
973
102
1030
102
922
204
3367
408
8281
102
8180
408
6262
204
6209
459
1757
102
5330
204
220
408
7751
51
7568
459
6962
306
7314
153
2999
51
7233
51
2590
408
9231
51
7987
51
6766
408
3271
204
8189
102
153
459
7603
306
4464
306
6903
204
3103
357
7965
51
8260
459
359
459
6115
255
913
306
4612
102
7562
204
1234
102
8984
459
7946
255
5401
153
5720
408
6250
51
6375
153
4371
51
652
102
6282
255
958
102
9092
51
7368
408
357
102
7011
153
3924
408
8023
408
6030
51
4488
204
6195
204
9655
255
8336
102
5304
306
9214
255
3313
357
6886
204
4343
255
8936
255
1997
357
7021
408
3957
102
6699
102
5970
255
418
102
1315
408
2820
459
1439
153
975
102
204
357
3586
306
1081
153
672
153
1888
357
1087
51
6474
357
5829
459
627
102
7839
408
5772
306
3962
102
5708
459
1811
153
3016
255
5757
357
5125
357
7272
408
4361
153
1430
459
8333
102
1909
204
5107
51
6244
408
9428
459
459
357
9225
51
3650
357
2710
153
6684
102
7015
204
9406
204
2540
102
3767
459
2439
204
9887
459
4807
357
1320
51
9047
153
2135
204
5790
204
6970
357
6076
357
8087
153
6875
255
5372
153
4251
255
8125
306
1348
204
4487
51
357
102
4638
408
4971
459
7435
357
6973
51
6343
357
1509
255
7968
459
8016
204
7288
357
4640
357
5934
459
4375
306
1864
153
8719
408
6016
357
3650
153
223
204
9433
255
5210
51
6528
102
7366
459
8381
357
8260
153
4310
51
255
357
5756
102
4430
204
3139
357
3183
357
9809
204
8287
255
7675
255
2375
102
5510
102
9042
255
5048
459
23
357
5444
102
187
255
9223
102
7544
408
9282
102
4555
102
1820
204
3570
102
7029
306
40
102
132
153
88
204
255
408
2763
306
6995
357
129
255
9542
255
3114
204
973
51
6022
459
9042
408
7748
459
7461
153
7693
408
9242
102
6517
102
339
459
9919
255
2852
459
9668
306
8088
102
5857
153
2593
459
9387
357
2234
204
8213
408
8701
408
102
306
143
102
6101
255
404
357
3761
306
5286
153
7900
102
2847
51
9347
306
8948
459
2278
51
1039
51
9952
459
4871
357
4006
102
9766
459
7937
357
7929
153
7715
459
4279
204
4345
51
6327
408
9730
306
3191
306
1370
459
153
255
1438
51
8176
102
5697
204
6924
51
3321
51
1523
357
7526
306
8631
408
6540
51
118
153
7613
153
5639
459
9709
408
7172
357
1083
51
6878
255
1860
51
5660
408
4412
357
4901
408
249
51
5944
255
442
153
8186
459
357
255
9514
306
7110
153
444
51
3944
153
2190
51
5288
408
3752
459
406
357
2384
204
997
204
4729
153
2531
51
8680
102
9705
408
4743
459
3760
51
3089
357
3972
459
4511
51
2522
408
3864
102
3540
357
8812
408
7243
357
306
102
1365
255
1278
255
9837
357
6126
51
2087
102
7433
153
7668
306
8964
153
9523
357
2357
51
4338
153
4997
153
6160
204
1234
459
6378
153
2240
459
5296
51
4048
306
1903
204
8671
306
7934
153
6587
459
3465
102
9571
306
153
204
9989
153
4422
306
6849
204
7724
306
5628
102
5395
306
4874
408
9950
459
8516
408
6472
459
5740
255
4813
153
4171
459
274
204
9616
102
4196
357
9638
408
4948
459
4660
102
5839
306
2888
204
1882
306
7621
306
7312
51
357
408
7588
408
9719
408
4052
255
7482
408
3022
153
2307
306
6831
255
546
408
7397
459
6072
408
9633
255
4048
51
8723
51
4496
306
1445
102
436
408
6545
153
8195
306
2334
102
8979
459
3180
408
8947
459
2747
102
6229
153
102
459
9845
408
7586
357
6997
408
8924
357
1570
459
488
408
1977
255
846
153
7052
255
9994
51
5871
459
4328
357
9137
306
6216
357
3002
102
4210
306
4781
51
9740
102
9845
51
3596
102
2841
51
2309
408
2256
102
9124
306
357
153
1019
306
8871
204
5855
255
224
51
9798
102
1315
204
6547
255
8846
51
4090
357
6161
306
5662
102
2437
153
3658
306
1494
357
8762
204
8209
255
914
153
728
357
1482
408
5345
51
3734
459
6627
357
3073
357
1792
306
255
153
4564
153
2126
255
7201
51
297
306
3089
459
1173
459
1888
204
8049
153
9589
51
1114
306
7934
357
1134
357
4424
153
4162
51
5653
204
2607
459
7787
153
922
306
2077
306
8636
153
6550
204
2620
459
4513
357
455
153
408
153
5446
153
9329
459
7565
204
9707
153
9266
306
8331
153
8777
408
745
102
2856
153
8708
255
6404
255
1566
51
6367
408
3668
459
6500
357
2169
204
1077
408
636
408
3809
51
9226
153
7682
357
7161
102
5728
153
6442
306
153
408
7439
357
112
255
9330
153
9391
306
1747
408
5628
459
7417
408
4586
153
4391
408
6771
255
1327
102
9775
306
6568
357
4469
306
5819
153
5547
408
8103
102
9240
255
6451
306
3027
306
9186
255
9806
255
2134
153
7807
51
459
408
735
51
5202
357
3926
255
599
255
8446
408
5384
357
6437
204
5008
408
633
255
653
255
5906
153
1478
357
5099
51
4376
102
8437
306
8709
102
3238
459
4882
357
1173
255
6367
204
9559
306
8826
255
5267
51
7081
357
102
408
9892
102
1060
408
8965
153
5938
153
1809
306
2857
408
3130
255
6534
306
713
306
144
408
5879
357
882
459
6046
51
5210
306
1936
459
9794
51
2692
51
4552
204
3705
357
8789
408
965
153
2876
459
8592
459
9778
306
306
255
5860
204
9336
357
5749
306
1895
357
3584
306
5946
204
6187
255
7368
51
7347
51
5932
408
5404
204
4278
357
1241
255
7313
255
1898
357
8324
255
4481
51
7888
153
1831
204
8197
459
7685
204
5185
459
9540
459
3192
204
306
102
1873
204
6266
255
7198
306
6696
459
3287
204
7689
408
9317
153
2366
357
7246
102
6091
459
8134
102
1594
459
5646
51
636
306
8425
459
9193
357
2139
357
9764
357
566
204
2162
408
2916
408
4163
255
3550
459
5727
408
153
459
2596
357
2345
255
1582
153
472
51
1217
102
4201
408
6316
102
1931
306
6329
102
7358
51
580
255
4659
255
9672
51
5782
204
1989
102
9692
153
2975
51
9973
306
8304
153
3614
102
311
459
5781
102
6193
204
7708
102
153
51
2115
102
6727
204
4806
255
8663
255
3552
357
3146
204
5115
408
2357
255
3798
306
964
357
8586
459
3846
204
8088
306
1822
153
2139
459
6275
153
5799
255
6465
51
7072
255
6842
153
7798
459
9018
102
8196
102
1932
255
102
255
8020
306
8835
153
9888
255
138
357
1012
408
887
153
8183
408
5832
459
9313
51
4981
51
3941
204
2771
357
352
255
3446
153
1075
357
9630
459
3242
459
9340
459
3518
459
4780
153
1211
153
8562
51
5718
408
4679
153
306
357
37
204
5040
153
9499
408
529
204
8503
459
4966
51
3006
459
3491
357
910
204
8514
408
8566
459
6492
153
5269
255
3185
459
4162
255
3378
204
9152
459
480
51
3434
357
7100
204
2300
102
1328
51
5504
51
4931
306
204
51
1164
204
8220
408
7054
459
1812
255
4139
459
1413
306
9659
153
7576
153
9485
357
235
255
8954
357
1015
102
1860
102
3608
102
6124
459
2584
102
3070
459
4300
357
5299
459
2951
102
7663
153
3222
459
523
102
1618
51
408
204
4413
153
3969
102
9848
153
4404
408
6193
102
2503
255
7105
153
5135
408
6647
153
9902
204
57
102
7178
204
1922
204
7292
255
5900
357
7616
459
2694
204
95
357
2633
51
5925
459
1730
204
3747
306
5818
306
4821
153
459
357
1428
357
3703
51
1636
51
5561
51
3705
51
5567
102
5266
306
2678
204
4203
204
791
357
4950
102
7674
357
1092
204
4294
408
3041
408
6298
255
7000
153
1774
459
574
153
6047
102
4051
408
1954
102
1834
51
4730
459
51
102
5948
459
9227
204
7279
255
4730
51
3039
408
7239
51
286
357
3842
408
1563
102
4464
408
1441
408
3388
204
7111
408
4792
459
9764
357
5033
357
171
408
8744
153
602
255
6825
102
2541
408
1739
459
9264
255
9445
51
357
306
3781
255
5766
408
4576
408
7617
255
9469
153
2042
204
403
102
1550
459
1379
357
9130
459
4452
306
3713
51
5963
459
3903
408
791
102
161
51
3670
357
4440
204
6396
357
1313
306
1882
102
8973
51
8593
408
3520
255
408
255
24
153
7254
306
4466
255
5631
204
6571
306
5560
408
9664
255
5973
51
5754
255
5168
153
2777
255
2940
102
8404
306
7661
51
1128
306
9865
255
4687
204
639
51
4108
153
5283
153
3913
153
4267
51
1698
459
489
306
408
459
3930
51
5897
459
3272
357
3660
408
6183
306
8296
51
4190
255
3952
204
3913
357
1607
459
5681
51
9799
255
9547
357
4123
204
8867
204
7226
357
7604
51
3034
357
839
357
6607
102
3519
306
6809
255
5042
204
5908
204
255
408
1294
306
6860
306
7815
408
3036
102
911
51
1985
408
7289
255
7917
357
2390
51
9316
255
7501
459
545
51
5664
51
8452
306
7993
153
7829
255
2261
357
607
204
4426
204
7630
357
5793
102
7840
459
366
204
4592
51
