-1528
-3557
7944
5886
3478
7547
5932
-5110
-4252
-9390
7015
6435
1847
4720
7527
-2219
6271
-8931
-4771
-1345
-8470
7452
8942
-4018
-4959
-5555
9138
-5156
4066
1044
5211
9367
4098
-7482
4870
-2114
-3124
-3173
-6594
3880
6977
-8618
6971
8278
-6721
-9942
-7628
5995
-8530
-2998
8650
9003
272
3523
-527
-4477
4750
-9239
-3065
-1500
2856
6814
-1752
5155
-6613
5339
8546
2982
-3754
1481
-6981
2130
-2791
5508
1592
4885
-307
6540
-2751
-4344
-1285
4170
5667
-8479
-8730
-4315
1081
3692
-8243
6691
-6064
8963
-1394
-8841
5634
-9666
-7590
-8410
-5738
-9715
3804
668
9829
-3504
2516
2977
-6556
-7982
6581
-3892
-6678
-9862
-6266
2687
468
2780
-4209
1281
-3386
248
-7660
5421
-7906
-7221
-4201
2684
6399
6534
-4461
-2412
6377
7703
237
4225
-5522
6174
6581
-9425
5358
6876
-749
-3144
7992
8870
-6767
-1437
2610
7645
4931
-183
5144
-5835
8990
7740
8860
5045
-1321
2652
-1799
8918
-1877
-3441
-4925
-1399
3233
2001
9627
7354
3325
-6806
8662
-3720
-8354
-3218
4611
-2790
-4369
4724
9058
-1900
5723
-9031
-4156
-6027
5804
-4681
5038
-1467
1974
3481
-1415
-4320
9254
1709
4190
9219
9165
9043
8060
-4055
971
-1148
1982
4273
5386
2311
8444
183
-6028
4082
9825
3279
-8376
778
8767
8350
-6124
9949
-6917
5452
-3709
1627
666
-8037
-5740
1447
4202
-8887
798
1557
-7507
5211
568
-1786
2506
4088
-6034
5273
2262
-7897
1023
2835
-354
6762
-5181
7090
7773
1819
-9533
-3590
-4344
9101
-3266
-8141
8117
6903
-9346
7939
4237
6089
9153
5803
428
6385
921
8964
1442
-5395
4643
9465
5257
-8879
2094
8414
-7779
-2345
7886
9119
-133
-5623
-9422
-4013
2615
-4052
9176
8939
7255
255
4489
-8643
2517
3113
8194
-270
-2914
-3942
9183
-9813
4258
-4257
-9419
3449
1404
-7860
-7557
1938
-1670
-5892
7642
8581
4112
7320
-7756
-9432
-4175
-9178
-8392
2563
211
-3762
8761
-1335
2135
5466
5966
2283
-6740
4365
7482
9482
5304
-9257
6688
7189
-5223
-2323
-9757
-1285
-7618
-2443
-3033
4878
4468
-5475
-5733
1864
3204
9461
104
5436
5830
8279
-4349
-6485
-6035
5764
3755
2239
1959
-9012
-1588
6571
7896
-2830
-4075
8931
-8864
4861
7300
3463
5575
9340
-5342
-7260
-6026
8907
-7494
-262
2080
-217
2910
670
1150
7099
-8973
5913
764
1409
-2068
8388
-2915
6345
1873
-2781
-3000
-328
-7818
5665
-2008
-4159
-7395
-2545
7146
-5085
2727
494
1981
-2343
2182
-1538
-6770
5790
397
-970
-454
-3922
6991
-1763
2093
-3350
4963
8329
-3314
-935
-5355
2860
8007
-5728
4680
-8219
2515
417
9249
-9112
-983
-7254
-7008
-3162
-1325
9794
-418
-5954
-4834
8271
-7825
-5552
-4998
-3319
-6528
-8457
-8125
-9830
7394
-4318
2544
-9537
6589
1125
4084
609
-7897
-5285
-6632
7318
9356
-6103
-5502
-1732
726
1175
-7310
5075
-6296
4826
-2704
-9908
-2512
4304
114
8263
6797
-8207
8983
6637
-6848
2838
974
6173
-3228
3484
3512
7224
-8640
5901
1985
-6003
-6309
6766
2188
6880
5862
-905
2064
6014
2883
6603
-5008
-3996
-7605
1382
5931
-4573
-6668
5501
-1530
2314
-5398
7441
3958
-3923
-7255
-9229
-9286
1572
-4858
-3206
-6252
-8607
-2474
-7386
-9608
-2429
5384
-7080
9860
-2300
-3811
8636
2179
5143
8217
-6521
-2632
9263
9326
-7575
-5072
-7585
5519
8899
4062
2093
7934
5185
5902
-246
792
-3153
4414
7858
5589
4583
-225
-9368
330
-8610
2387
644
-4884
-4574
7592
-8696
3209
-9168
1646
7652
-3458
-1284
3991
6888
-5082
-1317
-5863
-4889
-5272
1107
3593
-2478
3129
4639
1288
-2940
4608
-7744
-6083
-1940
2304
-1498
3972
2615
2853
9091
-8880
5293
1808
5348
3310
-3720
-1182
-892
5925
-262
-712
-421
6417
-8690
-9734
3638
6565
8236
6527
-5102
-7488
-283
5349
-6824
9191
-5658
3297
-717
5160
-7953
5619
-8369
3833
111
3097
5082
-4392
-3798
6799
1693
-3303
8222
8594
2558
4407
2017
190
1013
7948
660
2826
-6300
1556
225
-1168
-1015
6331
3468
6761
-7352
-5528
6516
823
-6485
1365
-6818
-4431
-4347
-3737
5590
4876
-85
-1860
6903
-1624
1245
-4549
-7904
3662
-7182
1689
3046
5498
4062
-2122
-298
1193
1985
1795
593
-9158
-9444
2403
-4470
1030
-3673
3072
-6799
-2087
-3539
-1343
-8256
-4533
-9815
-3907
2323
-1892
7792
-1554
-4392
7205
-2171
-6756
3107
-9607
-6765
9707
-4747
-3758
-5760
4809
-2581
-8170
2270
-604
-8180
3502
-8374
-6222
1727
-7067
6885
-5874
7367
-7163
-3085
-6899
5440
-1972
7659
-7783
8222
7261
-488
3792
-4302
7644
6370
9794
-9243
3215
-8190
5835
2455
1395
8610
-8448
-8428
4961
9051
277
-3606
3520
-6595
-2510
7360
3446
3838
-2705
4177
-3731
-6697
-8127
-7722
6747
-229
6212
8515
1581
-5542
789
-6936
5652
-160
-2131
1364
-3321
-1380
-3421
7018
7219
-4070
7787
-2507
3911
-3924
-5207
161
8842
3982
-3922
-3118
-5855
-458
3817
8835
3836
7599
1737
-6480
-6516
-6625
-1799
6188
5339
2764
-8424
-773
-7015
8466
-2566
-5750
5227
59
-7625
-6274
2639
9831
9872
-1314
8886
-5611
6611
-6539
-2851
-2932
3050
3612
-5199
3937
8395
-4407
-7220
5197
7325
1450
-5224
5895
-5964
403
4221
8480
-1365
-2982
-5000
-7597
-4207
8990
3407
-7900
3518
1307
-4052
-366
-2267
8828
-1491
9332
4266
-1696
7490
-366
-6129
-9781
717
-2457
2156
2010
-6353
7764
6144
140
-1414
-9885
9496
5610
-2083
120
-3540
-3458
6072
3724
5366
6431
-1957
-9714
-9164
6417
-2645
5600
-1958
691
-9398
-9871
7775
-5795
1673
-496
-4298
-5391
-2421
-7415
952
8370
4909
-7696
6443
-6894
6366
-3432
1976
199
-817
-294
-3522
-5730
-175
-4683
-930
-3473
-8469
-3065
-422
-9056
-9708
-6382
-3458
-1651
7757
-1144
3003
6244
9054
-4511
-7748
3304
-2790
-2640
-7772
7484
8013
1822
-4942
5229
-6742
4822
-4270
7946
-7035
3565
-4911
7148
3144
-9413
7467
1406
-5789
-5216
8043
-6570
-6335
-4135
8853
-7137
-4288
-4679
6232
-4362
4292
-4802
-3837
3893
-9125
-6343
4231
-5624
4566
7911
98
-3887
-694
-6293
-9056
-1552
-2146
3485
2035
9199
2617
-4138
7008
1774
-3966
-2843
-3864
3634
-503
-7170
8873
523
-1504
-4518
-9382
604
8481
-3626
-3422
5810
-6146
-6245
-8884
84
4356
3981
-6420
-2693
-6108
1383
3725
3321
3328
6406
-2670
7250
-3977
6094
2886
6958
493
-8222
5538
9406
9627
6377
1230
8020
-9290
-2521
4435
5208
-3725
8872
-2006
-1089
-9572
2723
-23
6656
4619
4277
-7303
6177
-7371
-835
5408
3763
263
8975
-6257
2169
5136
-1757
-9168
9230
-537
3907
-1301
6624
9756
2794
-3417
1863
926
7273
-1739
8903
5546
7701
-6878
-9983
3314
4513
9963
-8081
-9236
1845
-9711
-3166
-5113
-6105
-7475
8229
4434
312
7284
-5722
1855
2305
-4533
1152
-6133
-1641
-9118
-9536
-9124
8055
667
1294
652
-9474
2487
-1319
9893
-228
-3407
-7265
-2319
-5517
6567
-9936
4390
8746
9933
6599
9009
987
-5140
228
9014
579
-7414
1801
-5752
2113
3945
-6131
-2371
6336
2569
3088
-415
-5774
-5636
-3614
6291
2749
-6754
8500
1853
-9586
6982
-3855
-502
7334
-4070
5748
-9539
-2206
9155
4955
6682
-7382
9965
-1140
-5455
-3865
-292
3790
-6525
8039
-2057
-3224
-4897
-1976
-2343
-124
-9444
2888
7682
-1350
5351
1460
-7924
6210
-9958
-6702
4355
2977
-947
7452
8778
9707
-8568
-9313
-8518
-5622
-6694
7901
-7960
-5637
-6284
-532
8442
-7302
-6483
-8151
1419
-7669
1058
9890
2052
154
-9262
9340
7711
-2764
-8423
7394
8663
-9420
6319
3715
-2094
-5202
9908
-1946
-6266
981
1179
-9430
-3887
-5167
-6160
-5176
8035
2764
6539
2056
-2745
-6118
7292
4388
2618
3388
2126
-2115
3065
8730
-4237
-245
-2740
7187
-9821
8338
3606
1205
-1854
-6605
-4434
6301
-8871
-1949
4434
-5212
2803
-9748
-8123
-5435
5900
-9429
-9198
435
-600
9978
-5341
7206
-8941
659
1903
-7324
-2086
7415
5903
9429
-9369
-4574
3961
-9055
4737
-254
7968
1067
4212
-5519
-4212
-3346
4976
6323
3384
986
5394
7332
-6095
711
4170
1958
-585
4195
3360
7234
780
-8155
8083
-1384
-7665
-792
-3542
-1432
-1390
6119
-1325
-2967
-2722
-4726
2673
-3462
-6742
289
5187
-7725
-2251
822
4198
-9861
-2774
243
-3552
9110
150
-5351
-9119
5927
976
-7511
-4172
-9499
-10
9610
5424
4272
-7149
-2407
6772
-3992
3453
-2993
7301
-3801
-7869
5063
-2196
-8894
-7069
2147
-6566
-6296
9437
-1234
1209
883
-5447
1097
-18
4163
5271
-6826
-913
9336
5903
1354
9028
3735
1208
-2096
3722
-9318
-690
8420
5159
-4313
162
-9614
-4898
7940
1386
4143
2549
4666
2800
1773
8893
-2450
-5979
9852
7040
-3222
7453
6117
2990
-7543
-8797
4760
5781
-4508
9724
-8019
-47
7624
-5988
1567
-6964
-953
9965
-4987
1270
-4181
9149
1918
-2261
-9413
-3483
-900
4174
1825
-9812
-5798
-6304
364
3839
-8353
5004
-6911
-7793
-4813
-644
703
3185
-8927
3279
-7502
-276
8496
-2982
-6272
6229
8825
1847
8607
-9882
-1897
-4317
1752
6265
4370
7421
4077
-724
4949
2044
8350
-7953
-1410
-3830
4003
661
-4205
5279
1658
-2359
-1612
1611
5189
-3430
5528
-7255
1066
4467
-4601
-805
7524
8129
-7898
-8305
-2935
-5756
-6169
-5459
450
-4501
-684
3497
-2084
-4388
-9603
-4566
-6874
-864
-3983
6606
4885
684
-4701
-5801
-9220
3438
1645
2721
3134
5693
166
-8417
-1408
4569
9219
-5138
-2057
-7552
8303
-157
280
2321
9331
-9828
5699
2904
2844
-8729
6725
7178
-3543
-8250
-3474
5588
5535
5741
1293
-4787
-9339
9303
8570
9503
-177
-6411
-9541
9119
8511
2069
-2751
3110
-9618
6095
4584
4083
5511
-3876
-6070
5804
1840
-3229
8422
9746
-7896
5062
-9603
-321
7970
-7964
-7618
7519
-8674
6377
-6345
-7950
9671
-424
-684
7324
6142
797
-4077
-3944
7852
-1654
5790
-173
7696
-1859
9648
-5675
7891
-1401
5917
-1257
-7649
3948
3659
-6576
5940
9707
-1588
-8806
-346
819
6414
8032
3141
-5301
-7101
-1319
-2100
8822
3822
26
-3021
-5760
-6830
3678
3008
-9888
1737
-3182
-6740
8290
4324
346
308
2771
-4208
814
7063
-4427
-8825
-6372
-2676
2602
-606
7082
-4490
3122
-1903
-3894
-9800
7386
7687
7095
-8585
-1827
549
7705
7984
9413
-6405
6174
2132
-9824
-4649
-732
20
1253
-8848
487
6456
-2056
-6391
-6453
1060
-7141
1583
5163
5899
6700
-1173
6923
-4818
-6815
5801
6222
1834
1686
-8533
4154
-5816
3976
-972
4834
-1195
-8332
-1368
-8293
-4183
-7478
-6881
-1595
3995
82
7706
2128
3313
-3593
-7479
-607
-5930
-4862
7367
984
-3303
-1920
-1321
-8045
3333
9149
-9045
960
-3248
6442
9724
1470
-5285
7174
-9938
-3690
-8206
-4482
-1694
1800
6228
-7615
-4231
-3716
6348
-7853
3254
-2997
-3285
-6124
-2564
2331
-5482
-3049
-9660
5710
3327
-3387
5272
1590
-1557
14
-6083
-2231
4092
148
-5378
-7786
-8309
4464
-7395
-2964
-9779
8594
-3305
-9371
5027
1445
-4706
-8290
-6142
-1987
-3717
-3648
-7501
-2960
9345
265
822
-1016
883
4954
-3676
-4905
-3987
1108
-5874
2553
-9905
2318
5495
-4354
2461
2439
-3853
-6864
-7869
-4654
-5838
2868
-8551
3697
-7478
-9465
2763
-334
8222
6828
-2952
9476
-3391
-8718
8466
-5197
6107
1809
1714
7434
-897
4008
3075
2863
4685
9400
6029
1423
-5698
-3322
-5629
3792
-7033
7674
-9276
-4897
-6888
-8871
-7571
606
6461
-6045
1807
2708
-142
9915
-3179
-8358
-9481
1880
-2413
5030
9256
4392
6784
-1131
-4527
177
3523
6920
642
-1878
-8336
9981
-9128
-6918
8333
-7820
4702
9684
-8149
943
-1805
7470
2477
629
2393
9577
6784
7545
5085
1446
1524
2335
-8180
-4941
5216
-9819
-7595
5733
2499
-111
-3851
1627
3149
-5214
9310
-6681
7631
8038
2375
-4457
-6616
-4861
-2246
-363
2531
1901
3657
4210
-7687
4585
-2901
-1622
152
-995
976
5359
-190
8815
-9279
-1850
5067
1651
2676
-292
9729
7166
-1472
4861
-1686
-3507
1502
-686
-9314
-3559
-5048
-6806
-4741
7570
3334
4170
-8343
-4913
-7664
-3480
8509
7741
8120
-8534
-4790
4501
-4179
6141
6908
5230
2539
9237
1462
4304
-1619
6461
-2341
1186
7137
6592
5320
3159
-6507
-8299
-5150
8912
7660
-4815
6456
-8494
1041
-6505
817
7247
-2459
9976
-7318
-3197
5156
-7992
-4751
6885
-3385
-5956
-4162
5877
-2311
1113
204
-9524
9359
6012
-2421
-9467
-3870
-6958
-4619
5079
2050
-6895
-4318
-4526
4457
-8524
3638
2078
9830
9536
-6726
-959
-7842
2961
-6146
929
-9001
-2899
-2926
5351
3042
3397
-248
332
7748
-8631
-5555
-7329
5446
-9612
8931
7756
-3660
-2198
-7217
-9277
7559
-6352
-470
5316
6595
-5880
-7581
5097
5232
-6630
-8810
5975
-182
-7995
435
25
969
-6577
9987
-917
-541
494
-8195
-2449
4622
6140
-2215
8038
9695
2130
3245
4221
8427
9286
181
-3877
-4649
-4314
240
-8799
539
8588
-8358
4711
5674
-7317
1269
2119
-2980
4003
1138
5315
-7531
3507
-2780
-8836
5596
-8237
-2316
-5100
-953
9597
-3830
1689
-4325
4053
4398
9913
-9962
6
-6484
-6509
8434
-9183
-3909
1081
9742
7619
-3772
-2472
-116
5305
2734
-891
-4241
-9595
4951
9099
5434
4555
-4931
9746
7170
-3211
7106
-156
4202
-2914
-9387
8740
-4347
3467
7864
2344
-8561
-6971
9178
6676
-2231
1029
4171
-2214
143
-2887
9091
9730
-7238
-5586
3339
6472
3955
6382
-4929
-4342
-7640
1971
-2903
-2848
7759
-7177
-6071
6210
-7632
9487
-9154
-1371
1411
-4302
6533
4583
5612
6531
-6037
9131
-2054
-9754
-9073
4619
3446
-2529
9052
7616
1137
-439
3866
497
5711
-9998
5527
-519
-7167
-3792
-8212
-7929
-700
-7815
9558
-3206
-919
8634
7853
-9064
-3313
-1716
3743
-126
-8808
9633
4462
-6182
-3407
-4192
8477
2061
567
1965
-6365
-5547
7678
-4159
3180
7809
-2510
3226
-356
-9994
7240
-8846
4059
-6535
891
-6899
-1581
-2868
-2169
7753
6115
1480
-6585
6692
-8709
-4310
-6917
6696
9009
3224
9621
-474
9007
-3707
-9462
4069
6906
-4206
-9626
-5297
-8559
-4384
7159
-6578
-323
-8388
-7421
6682
-4033
-6344
3479
-7755
3009
7757
-9823
9091
2601
8588
5800
8027
-315
-8762
-660
-1057
7480
-7502
9357
-952
-2564
-5806
-3040
-5061
-7018
763
5464
5258
-729
6722
2573
-9025
-3501
3917
101
8837
3598
6006
7487
-6977
2294
-2838
-3580
9074
-6718
5684
-3508
3868
9454
963
-5069
-9168
4502
-6284
6221
-3596
4974
3143
-7508
-5588
-5869
-6372
-1078
-2280
-9857
5279
-5641
-7239
-426
3103
9771
-2699
-1092
5588
9112
-7060
8274
-4891
1294
9388
379
-2467
73
4908
5915
-1187
-9760
-7834
-5847
1628
9030
1519
1353
906
8322
404
-9575
4476
3462
6479
-2827
-9913
-5657
-8815
-3648
8491
1152
9116
-9236
-1397
-5772
5420
54
2228
-1312
-3045
-9758
-5438
-1555
6291
-2843
2230
5775
-8431
5637
-4070
5517
-9932
-464
-1857
-6344
-9400
4156
-6577
801
-5558
-7925
9539
682
-4251
-3518
-8510
-6197
5997
-8250
4333
4600
3355
4355
-3271
1221
-9490
-5934
4244
-613
2376
-9460
7808
-20
3525
-3878
8125
2980
5533
4019
9830
4752
-6779
-5246
6834
-1388
-3344
8943
-3098
6726
-2435
-7694
-3844
-3390
-9879
8344
-9447
7952
-8234
2948
1845
9068
4453
8179
4754
5273
5130
1259
-8115
7491
-6924
-7788
-5937
-5066
6232
8939
8946
5539
-1085
-2203
251
3521
2577
-3384
-5448
9139
5355
790
3908
1166
-3121
-7143
1346
-5969
-9653
-3140
3767
-4749
5176
7643
9650
3728
655
-6675
9321
1703
6886
7291
7927
1655
2956
-7774
-6568
-1943
-2671
-9421
-614
-4123
-3491
2865
-2629
490
-4585
-7493
-4020
2441
-4996
-7001
-2475
8290
-4632
8997
-9297
-4379
4692
-514
-5245
44
-6503
4614
3949
9522
4318
3317
-4074
-568
-4107
-1899
6878
8324
-5095
-6138
7150
-9293
2838
8374
-6067
8803
-3818
-3121
7061
-6062
6872
7143
7096
3095
6181
4342
-8760
5663
9735
6200
-8578
6621
2640
394
-5332
6548
8828
9097
-7273
-5257
7303
8014
-8235
-3434
3816
-5584
7414
7901
-7853
-6338
2636
1084
-8636
-839
6536
3138
-4657
5223
-3047
1059
-1080
5859
50
1523
-9973
-457
-4670
5404
5739
3473
-7189
-992
4829
3803
1485
-513
8669
2649
-6396
1904
-1744
9186
-3983
7456
4177
557
-7148
-5961
4565
-612
8010
8439
-6614
-2647
-3370
-7942
-2698
-3906
2346
7551
1496
4802
-5485
6752
-9877
7914
-2813
6689
-688
8468
-5366
-894
8615
5516
-5843
-3441
9162
-8048
3546
-3065
-2382
-7138
3728
-6292
-6082
9221
1521
-4208
-6376
904
3274
9122
7073
-4503
3934
-9786
-3184
-5271
-7988
-6281
-3164
-6975
-7047
6185
7955
1952
2311
4318
1170
5872
-7341
4484
-6124
-2781
9221
-4372
-2862
-8415
-9059
9822
2610
1645
-2945
-7572
6125
5928
1802
-3759
2431
9279
9443
2606
1576
5335
9759
2048
8219
803
-551
-1104
-2809
2371
-4319
6536
802
-2986
9074
6987
8195
9718
-5834
-7871
5730
4373
-8659
-8122
1526
-4517
2112
2370
3313
4937
9010
-5759
-6896
4396
-7535
94
6260
-6278
-8584
-4610
7220
-2327
2667
662
-8768
5483
-6340
9153
3801
-4528
-6165
6861
-522
-9471
6991
-9019
-2502
-4412
-4336
3463
5035
-7543
5151
-2582
-6491
-920
-1464
-9642
8265
-7575
-9999
-3977
6105
2202
-7017
8212
-7460
-1308
2562
-5447
2733
7072
-9893
-567
2677
-1022
-8989
9485
44
-7389
-9789
9110
7247
3167
6953
-8194
3699
-4760
428
928
-2117
1975
8763
-2708
5167
4672
-6013
6533
-6996
927
-8308
-9596
-4287
-7669
5166
-2071
-4805
-4402
4241
-5262
6511
-4829
8883
-7391
-5155
-5008
4563
2136
-6462
8395
-4757
-6380
-8023
-3148
731
-2203
3879
396
-6848
-5592
2017
6364
6725
7827
-6225
9047
2702
-3438
6594
9012
304
4592
2035
-746
5485
-2185
8343
-3419
-661
1108
-3367
5975
-9750
-9190
8686
3968
-1470
6086
-6744
-6537
-9527
-5257
-1231
-7663
-6059
-9407
9006
6691
-3156
679
1494
7121
-7742
5988
4578
6854
-4376
7546
-3512
-1256
-1318
-5911
-8129
-7042
-5614
9455
-9195
-9314
6502
6796
179
-2328
6447
5656
5672
-7273
-9351
-1749
3136
-9508
-4802
4624
74
-4877
-6352
5666
-8915
4276
3539
-6187
-4690
-9160
9000
-4539
2553
-256
5246
9356
6375
7108
-5533
4061
9351
6087
2062
-2733
7390
836
-650
-4807
-3452
5241
-6902
-9931
-5283
-8127
2626
-4858
-6692
6158
-4907
-889
-3977
964
5193
5997
3661
8375
4126
-5588
4644
-6907
-6079
1270
9409
-1984
814
-9141
-8634
4861
4876
2505
-264
8258
2274
4682
4810
3125
8362
2082
238
7163
9195
9279
4926
7488
-4670
2548
-6243
8222
-9490
-1381
-9276
-9167
-516
191
9249
-1032
9234
-5177
7479
4825
320
2933
-4510
-1041
-5783
9006
-4554
760
4794
-3348
1800
-3347
-2179
-4479
6751
6008
-5024
-8457
-4644
-1588
1876
8499
6922
-4005
616
9151
-4739
1180
-6486
-1829
-7401
-3292
-8804
1386
519
-6376
-1636
6371
9746
7782
1015
-2869
4647
7023
-7394
1304
-2433
8171
2978
-7253
1997
-5301
1945
4584
-4563
9036
1539
-9575
5752
3633
-529
-5164
6491
-7154
-8181
1692
-7836
-7098
-1575
3309
9910
-4725
115
8128
8591
-3328
-356
-9173
-6726
-5532
-4327
-2056
-6124
-4797
-3826
-6263
3693
-7389
8874
-7933
8234
9010
-3415
-8554
-545
2931
-7960
7804
-6667
7985
9591
-6651
-7783
8064
3408
7222
8404
415
-4107
2763
-2781
875
9835
9468
3047
-3062
4885
7595
1028
-9166
2674
-7922
-217
-3198
6613
-6870
8341
-2016
-3979
3630
-756
899
-5275
1378
4576
9583
-8159
8839
-9093
2577
-8805
-9047
-5839
-5568
4370
507
2114
-7136
7369
-3949
-748
-9039
-8417
-4832
8654
-3756
-9692
-6647
-3145
-9203
9394
4997
-6257
4220
4801
-3866
3201
-7336
-9423
-4532
3658
7908
-9630
1403
7303
7064
-8261
-1499
-1226
-7711
-6604
4711
-2746
3514
-8689
9050
8182
1152
5637
-2611
9429
8093
-2055
276
-4389
5262
1502
-3789
-337
917
-448
-7640
9435
3258
1533
-807
-5889
-5828
-5975
3823
-3237
753
-9857
-9848
3725
4026
-9346
3841
7436
9852
1999
9609
7010
-5164
3356
5174
8
-5117
5061
5716
1653
-4418
-7118
-2255
-6746
2139
7381
-3947
4047
9796
-2376
9240
-3205
4432
612
8097
-139
805
2097
896
7390
-4523
-341
-6074
6876
4011
6255
1933
-7918
2664
619
-6662
7975
646
463
7729
7795
8840
349
-8363
4198
2556
3610
3111
-3860
9963
5223
6213
-1769
-9322
7322
-2322
2317
-7548
8139
414
-3329
4719
173
-5423
-8231
-8030
-2066
865
-2882
5993
6885
7587
-7937
-4534
1850
2831
4460
8546
9485
-1877
-4101
2009
8476
-3746
8932
-9262
-1120
-1916
2404
-4101
-8174
5744
-7423
2795
7780
-3535
-2755
3651
500
-3826
719
2885
8979
-6188
-4336
9498
-6882
-5298
-1753
-4189
-7629
-858
8539
8234
3831
6916
196
8688
-7663
-435
-7386
-599
-8207
-1854
-1294
-8787
-2302
5751
-2329
-3069
1832
-1952
-4059
-7985
-5809
5764
573
3883
-2337
-760
-4656
-5184
-378
-4956
7265
2960
-2617
3149
5785
8903
9608
-886
-942
1508
3449
3715
8161
-6428
-4404
-4629
-4367
-7853
8446
7685
-9397
9400
3732
-7431
7313
-2408
-6506
4959
9339
-1582
1655
6198
5282
-9219
6295
7653
-4838
-9588
9101
7915
9601
9511
5220
5437
5281
-5796
-8440
-9609
8163
646
-2346
-317
-4605
-4420
-5548
6951
4664
-777
3729
-6598
-7245
1383
-3829
-6969
5967
3807
6152
-2553
8974
-4928
61
463
-6766
5920
3414
-3509
8810
-8867
3169
5652
6322
5822
-204
-7826
-6009
-5278
-3650
-8489
4446
-8325
-957
3735
-161
5529
-39
-803
-4581
3136
354
-7185
-8227
7159
8292
-6845
4627
-3506
2470
-3870
64
8607
-5128
5021
-3158
-4527
2508
-219
-3093
-4377
-4821
-2984
-854
383
753
458
-7386
-9018
389
9524
6272
6128
-5720
4983
7932
9575
-7281
-5166
1287
3252
-8790
-1051
7463
419
2967
3247
-6138
7267
-3045
8270
-3320
4716
-6914
-345
7579
8287
-8625
6045
4633
7851
-9135
9164
-6721
8709
-179
-4633
-7333
7577
-6157
4058
2702
-9495
-4458
-3555
-5398
-7781
-8095
-9889
-9868
-220
1199
-3562
-2273
4803
711
6801
3244
4734
-9531
1588
-4576
-8129
1991
-9158
-6927
-1593
8842
-2959
8480
8357
557
6317
9198
9914
7449
-816
5686
2721
6772
9703
-6099
-7120
8168
8371
6255
-4469
-7236
1766
4720
-2775
-7069
7566
-54
9763
6981
3150
4606
5417
6257
8521
3022
-5010
-3168
7736
2280
399
-2959
-416
6145
-9376
6112
-8112
9594
1246
-3547
-2216
7565
9421
-9512
6067
9739
313
-6496
7440
-7797
-4494
-9977
-7047
1729
-4946
1433
-8977
5150
8021
-2926
-2825
5220
-3047
5722
8150
-9024
5637
-6929
-4206
-4444
2266
-1036
3549
3750
-4552
6104
-6322
-9247
-4327
9931
-1243
9871
-90
-8652
-1150
-8042
3009
3827
-1246
66
1668
8394
5662
-9609
9319
2690
1390
2034
-2472
-5496
-1917
-1395
-3318
3286
604
718
1783
-494
3336
3092
818
-7982
-7654
3966
-2002
-2619
4536
-128
5705
9544
-7647
-9005
5401
1346
-3907
-3886
9858
6855
-8481
397
-3347
4138
-8586
570
3315
6241
-2110
-1762
5515
724
4523
5589
4641
-83
7779
-2137
1330
9968
-8312
-7548
2458
-4851
8784
-4542
-402
-1793
-7640
-1847
-4942
-8940
7895
-6492
5249
248
-2349
-3573
5257
6409
3559
-7265
4812
-1820
7638
-2662
9388
-9096
-4657
2841
-7246
5112
-7422
-3673
6116
-5638
-6966
710
526
8389
-7330
2817
-3702
-4746
753
9776
725
-217
5207
3902
8418
-3919
9300
-4785
6125
3414
217
743
1277
9567
611
-9125
-9470
2620
7799
-2209
-2957
9145
1290
-8353
6079
820
1536
-5812
-8639
9195
-8921
-3734
5313
1056
-2597
-5622
-153
922
-6289
6874
4688
-6773
7528
-3913
-3005
3438
-727
-6533
-1448
1864
2657
8991
8827
-3681
9227
8576
6638
-7933
-8332
-3930
503
-4904
9160
-8793
1227
2478
30
1259
-5177
2388
2700
282
9574
-3078
-3891
632
3678
-3066
-4960
5640
-5742
-455
8337
-4718
54
-8902
6443
-6316
6414
-300
7990
-1169
5198
-3110
6253
-173
9196
8807
-5521
6162
-4920
2699
6051
1789
5538
6150
-5436
-9697
6161
5113
62
-3009
-4857
-873
-3239
5897
6601
7649
4175
-5523
-4473
98
-1599
-5928
-6246
6345
-736
-7136
2984
-3771
5648
8098
4555
1173
-1454
9687
-695
4944
-7339
4184
8398
3699
7665
-639
-6678
-3756
6908
-4771
-2557
-5019
-1967
-5208
-268
-745
-8369
5581
3073
7446
5446
1573
5141
-6937
-7531
-4492
-7541
8491
-8480
8766
-6237
-2496
-5212
8577
-9848
-4930
-5295
5419
-5672
-654
9405
3990
-708
5691
-5842
-4798
2584
8954
2711
2652
-2347
945
8972
-4396
9989
7801
-2160
-5290
-3946
5245
4975
6515
2731
4407
4030
1111
-6399
-4154
8061
-9714
-2537
6417
1067
9744
-9603
-3265
3651
-9370
1233
3688
8157
6644
-8516
1295
5459
231
7912
5394
6953
-7090
-4320
-5394
-3398
923
1548
-2233
-3256
3343
8111
-454
5769
514
7715
8198
-7814
3971
-7984
-4676
7879
-2876
4066
1163
5883
5774
-1409
3044
8520
-3743
-6139
-7335
-3200
6436
8869
1210
-8442
7554
-8236
8197
-2616
8592
1657
-4287
-3358
-9929
-187
-6302
-4924
-1203
-3322
-5886
-747
-7325
1177
6872
-2291
-4553
-7292
-6334
6562
4640
-2864
4409
-9371
-380
-1221
-6967
2912
4109
605
-7574
9014
-1639
1191
-6457
6199
175
3121
3061
-3341
8335
-5807
5294
-5025
3743
8492
-4952
-3094
5877
3597
-8244
-9606
-2311
8776
-8678
-8771
-5016
5120
-1349
-3763
7921
-8940
-39
5383
9233
3234
7343
-3243
-7228
3635
9333
-9244
7130
-1659
-1587
-4541
9425
6239
-6135
6399
7436
8208
4428
6233
-1971
-5476
5928
-365
-1851
9011
-9508
635
4317
-9753
2184
-1714
8147
9328
-5449
8809
3819
-9559
3830
-4064
8527
3952
-2925
-58
-8239
1524
-1112
1438
-9071
572
-2492
4614
9348
5727
9693
-9091
-4940
-568
2112
8341
-3078
9849
-8055
8601
1785
-6951
6226
-5725
-9868
7167
8644
9732
-6740
-6774
6265
-2183
-1478
6817
1389
3016
-3207
-8821
-2261
-5987
-9829
-3291
4197
2608
4172
-6392
-7319
-3612
-686
1328
775
-8856
-609
4363
-1222
6349
9110
-2754
4349
6767
-1700
6032
-1384
1553
3527
904
933
7950
8092
-3846
-6877
-8151
9935
-406
335
-827
7076
7809
-7538
-1973
1118
7981
-1024
-7186
9496
-3377
2179
-3893
-4957
2366
-7333
1754
-3562
1277
-5455
-9698
1271
7904
2948
5670
3755
4842
-3575
8568
-7276
2881
-7906
-3089
1375
-5544
-2018
1153
-7207
9652
-6747
-2843
8587
-9617
479
-1053
4752
-6106
683
-3165
889
-6477
-6084
9713
2998
1800
5484
7881
-2164
86
3394
-1412
4471
2859
-6541
-9687
-2652
8202
-1761
-6467
-1344
-9060
-3150
9039
-8240
-5933
9801
6064
7018
-8063
-2651
4458
-4982
7633
7640
-5580
4620
-267
-9764
6768
-786
8241
600
8121
-944
-4426
-3342
9991
-713
9225
2096
9349
5168
-1131
7157
-7973
4946
5797
565
-3227
-330
-4658
-9355
-1723
-2892
-1752
-8394
6167
-7073
9861
-9922
-4739
-3169
1825
4214
-5867
2324
6466
-4228
-9058
-609
-5232
4417
1436
8123
-9868
2704
-9907
-7456
-9051
3200
7186
5962
-7052
4133
2181
-9192
2791
-7193
8772
-3844
6257
5821
-6515
451
7053
-3419
-6154
7764
2629
4387
4858
2012
-9335
3144
1579
-715
-9992
3826
-4064
6950
2652
-5037
5961
-9493
-952
2604
9506
5704
7153
5524
-4947
-2820
-3011
-8806
-5230
-1617
-7647
7175
-1481
4525
5969
9940
-3614
-7395
-4120
-9425
-6783
-7801
-4151
9807
6140
-7376
9959
-1858
-581
-6673
3477
-6501
-5611
-2926
6868
9033
-5683
-2958
5698
1445
7333
-5548
3253
9589
-5152
-2409
-9013
-5446
-5442
-7285
3262
7920
5721
-2102
8776
-4640
-5955
-1125
-9209
8281
8563
5144
-138
5109
3756
-4447
-6330
642
-8621
-8369
-5665
9298
-8098
-2322
-6234
4684
-5148
8926
-1106
-394
-9414
3429
8350
-3667
-2347
4063
-3039
-5056
-6579
9207
9632
-1484
6041
-3653
8671
-3562
5082
-8453
2828
4436
-3543
-2226
4521
4409
413
7197
-694
2596
-4887
9470
9059
1745
8744
2918
2823
-732
7754
8485
-4845
9580
9553
-8743
-4542
6573
5395
712
8236
-4752
-2230
9263
7491
5451
6277
-1839
4077
5009
-3646
3105
-3545
-1980
-4531
5859
-9715
-1048
-6286
9979
3614
880
6813
7346
5158
10
-2720
4315
-963
-6875
7555
-8873
4771
-3163
9537
-897
1354
-2767
647
-4495
-5166
2293
7799
3453
3209
8310
3266
8650
-7019
3729
3852
461
-5133
4472
1497
-9548
7822
4019
-2234
-1783
7630
-7044
8123
430
-1562
-849
-5983
7005
2678
7085
-6319
-5797
-6370
688
2031
-6606
8054
-7756
339
5552
1134
3080
-132
4465
8981
2715
4372
-5735
3222
-4315
-8559
1385
-5019
5068
6602
-883
2787
2497
3744
5688
9654
-4248
6959
-7495
-2243
8065
8057
-8685
2481
-6542
-8572
4210
6628
-9688
-9109
-9801
-8545
-7840
-2639
4780
-5078
9153
-9129
-3872
-9508
-942
-4054
-6739
-7357
4841
601
5104
3293
-3699
5591
-8135
-4333
-5199
-6114
4269
-9851
6105
-9868
3787
-4776
1326
-6186
1062
-9535
-2865
-8138
9722
5499
5896
-7885
-1410
6690
43
-7462
2696
-5837
2151
-263
-2267
4006
7986
7119
-2501
-2106
-4981
-152
-5175
7351
7383
1391
-114
1670
9864
4569
3743
9066
667
5975
-4048
-467
-3157
4459
-3192
4825
3772
-6202
8523
7259
-7028
-9811
-1792
-6975
8742
-696
-3223
8523
-5300
6511
-1139
-6188
-9856
-7233
8892
-8587
-318
7945
-5633
-6579
6454
8509
4269
-7612
1558
-124
4966
8018
-5342
-2571
3796
-8071
4790
-663
2309
-9843
-9682
8509
2781
473
-9682
3264
-7741
-6410
881
-2758
8968
9
-7771
6209
-3852
7304
5903
7840
5970
6331
-841
6700
4260
2934
-3239
2515
-456
-3282
-2753
-5781
6893
-5010
314
-744
920
-3752
-4779
-8882
687
4848
3098
-7878
-4501
188
-1095
1013
4602
-3159
1708
8572
361
4037
-9656
3569
-3666
380
3129
-4020
9576
6436
1005
-3394
324
-1924
-3607
6584
-3482
7365
5705
-356
-4284
-4231
8204
163
-301
-5803
6340
-8402
-6565
-3087
-8104
-1536
4897
5958
7266
-1480
1081
3442
-5235
-9697
1823
996
-2815
8835
979
-5860
4132
7156
-3405
-5659
1750
-4846
9484
1507
-5508
-3460
1220
8423
-3420
1653
-7711
-5377
6665
3724
-6103
-7287
-3128
2008
6087
-9221
-5353
-5234
-7767
-1130
-7327
-8837
-4031
-9897
2059
8908
-9082
-7969
-2185
4217
5055
-9950
-5920
-7530
654
-4897
3933
-7140
9720
-9820
106
2660
-810
-2187
4353
-7761
-3073
8917
-2446
-5381
-3007
-581
4454
8425
7235
8186
-6521
-515
-3767
-51
-8777
-9202
-259
-755
-7998
-9381
-2457
181
392
4117
-1386
-422
7575
4971
8056
6151
-8659
-935
9370
-4746
5747
4536
-5460
-2209
-4421
6898
3236
-6554
-885
-8823
1027
-7105
-7246
-3248
2426
-9923
-472
8725
4283
5776
-5370
-992
4240
7867
3558
9660
-2846
-878
-5483
-9233
8038
-7109
5421
9991
6746
501
6892
-3986
1833
8708
-6499
9062
7693
4928
-804
9740
-4267
4766
6484
-1398
7915
4985
-6940
6775
3482
3791
-206
9433
7142
708
9730
9289
4609
3003
3878
9685
5437
54
-3434
-1197
6850
-8676
3191
5943
-9382
9389
149
-2657
-2819
8701
-904
-6303
-2759
-742
5879
-760
-1803
133
-7451
-8724
-6047
-2981
6043
-8263
-4579
-2934
5003
-6635
-9169
-7091
7129
-1076
-3015
7221
8885
4431
4651
2429
3831
1089
3418
3349
5165
-3435
4615
4961
-3120
3455
400
-2406
20
6656
2287
5228
-8350
3435
815
7816
6690
-2984
-8115
8149
-135
-3555
-9898
6312
9123
-699
3284
8659
-1787
-8718
7584
7128
-6635
1234
9748
-4930
-6461
-5
2357
-1158
2676
-6426
8483
-9576
-5831
-9095
2887
-4386
8814
5445
356
-5734
-1864
-2283
8527
7143
-2729
5568
3086
-8457
7418
6465
-4020
2883
3712
7768
-9824
-6376
-7636
-3727
-3103
9563
3583
9422
6319
5465
-3330
-3266
7329
9888
6135
-4605
-3087
-9880
7307
-3347
5217
-3276
-5046
-3961
707
922
-1170
-6493
-9700
7560
216
-6912
-9495
9508
2998
-5615
6433
2622
-4774
-6802
-5219
4819
-6756
4286
-8286
-1583
1363
9143
8840
2634
5504
-1863
-2558
-4300
-3981
3494
4406
-3072
2108
417
-3081
-7566
-7550
-4470
-624
3197
9456
-8561
4579
345
9600
-5337
4520
-3475
-678
5089
-8162
-5028
2337
681
8476
-9259
-2410
1068
-325
-3306
-3840
-2824
-2752
-9841
5379
-2684
-407
5611
-7231
8348
6325
-6145
-3081
6759
-7564
5018
-1367
77
5803
3707
-1176
6526
-260
-1568
4979
1019
-5996
4511
2426
2957
-7808
2799
1344
-2989
1727
-355
-3254
2232
-5898
-8591
7502
1783
-5026
7021
2158
-8041
-5935
-4944
3434
-1492
7235
1558
2506
3280
6061
-7620
-8761
3217
-6302
-6023
-4661
-9287
6252
2111
-2080
-7144
-7251
7803
5253
-6602
-2095
-3831
-9763
7881
-2408
-1861
-7091
-4248
3172
-9368
-3121
9832
8298
706
6369
-2337
7092
-4120
2189
7645
-8098
7073
-6202
-5811
-6144
-7590
-5810
-3034
8751
5331
-7701
3167
8014
1290
-2179
-5616
-3567
3994
284
7127
-3925
-8750
-4115
4732
-3499
-7203
-5335
-2383
5606
-2912
-1236
5337
5884
-2911
-9660
-2805
-4818
9774
-3704
-6780
3063
8833
1031
-3852
5699
9912
1148
-63
7523
-6600
-9685
363
2495
-1187
1792
-218
8734
9616
-2865
2469
-2533
834
1775
5096
-6333
9869
1086
9059
-8201
-3042
-1834
-4129
-7848
-7152
1243
1299
4741
-3028
-7116
-9475
4130
-182
9894
-1647
-9271
-5187
-1256
-8441
9715
6326
2053
-8394
-3457
750
5457
3705
-2931
-1720
8099
-4974
-1084
-6042
-2596
4026
-7166
7834
-5410
3637
-3752
6817
-6788
7218
-5363
-2086
9717
-7664
3444
3899
-9347
4208
8906
3161
6524
2690
1204
-2467
-1037
4896
-6873
-4944
-6984
-8049
3348
1371
1755
-792
-4398
8643
-25
-8779
2075
-1465
-4776
955
5443
1395
4712
6688
-3322
-3268
9274
7361
-1222
-5038
9127
-635
1962
8879
-4603
807
5144
7484
-9788
6156
9997
-244
1023
1970
-2631
-2177
7907
8906
-3567
7653
5416
-6151
-9351
8819
5909
-3070
-1881
-6098
-6984
-9742
-6003
4945
-4182
7258
-5318
9791
-9453
-9024
3863
9166
1287
-5987
731
9070
5768
1262
1144
5438
-5682
9544
-7952
7225
-1616
-402
-1063
1170
6525
-716
-2776
-5081
4332
7704
9111
-5253
-1248
-7069
6308
4401
-5432
-8985
-6015
5714
-8710
-115
-5048
-9927
1104
-3471
7960
9798
-3912
6400
-2749
-1117
-421
-6025
1694
6307
-2799
-3644
925
9313
-2946
1306
9130
-194
3466
-7610
-6829
-6340
9476
-3757
-9334
3955
-6500
-3501
2099
-2069
-232
1806
3754
-1218
8399
9585
-3829
-6907
-6837
9915
4771
-3833
-2412
5952
6837
693
4435
6957
-2382
3082
4492
-26
-8268
6015
751
5359
195
8556
-3273
2337
7514
-7776
6650
-188
8898
1260
7470
-5150
6731
-2641
4594
1669
305
9655
-3317
-6990
-7588
2536
1727
-8812
5972
-7994
7342
1568
3744
-8434
5303
4667
-2701
-5801
663
-5128
-1283
-2865
-908
272
9481
5152
904
-7150
-1007
-1298
2422
-3360
-7896
3595
2269
-3684
6367
8785
-6019
-8692
7470
3080
6979
-2161
-5364
-9429
-2779
-3722
-7877
-3386
-1393
8480
-1678
-5599
-4543
-5485
9435
-6387
2052
3929
-3474
-7884
610
5586
4269
-7891
-6114
-2283
-7029
9285
7513
1055
-2546
4418
6543
6082
2144
2641
5652
-4091
-813
1360
4829
4081
2075
6415
-2244
-7245
-5895
2234
-7761
8126
-673
3691
7252
4366
3245
4873
2955
4185
8836
3540
-5694
-7745
-6717
4267
4479
-3074
7631
-3820
-8238
-2570
1646
5640
6332
4973
-2019
3777
-4254
-6900
7734
-168
-6633
3969
5066
-4029
-4993
-6988
2122
-8075
-4247
7662
8960
5033
-5206
-1921
3869
-3426
4081
7715
7100
-706
-9763
-3050
-2220
6985
-1698
-4986
-7062
9943
-9135
-7076
-9962
719
-1584
-9036
3120
-484
-9090
2623
-9395
-6447
7319
3112
6656
9758
-8951
7025
2383
-696
-907
-2814
3233
2156
3842
5251
9024
3813
8748
1658
-9807
-3293
9451
693
9497
-5157
-7515
-2024
-1517
3947
-9770
-353
7275
9938
-5116
-5510
8669
9069
2782
-5018
-2314
-7037
9791
-9623
4537
-5035
-7711
-9445
-1997
6118
-9932
5453
-2397
5092
6368
-2724
-6936
3645
6875
3997
4618
-1425
4469
-6413
5546
4088
-4454
-7344
-3162
2353
-2217
8998
-6797
104
-560
6354
2243
6611
4898
3161
-3424
3830
1435
-7730
9964
-1998
-2649
-2606
-7880
632
-2847
-8803
-9733
-9924
9276
-5990
9151
1185
664
-4436
-5041
5166
9974
-5285
9485
2885
9573
-9338
-588
-1067
-7337
5598
628
3581
6317
-3250
3040
-2629
3824
-2022
1923
4223
-2915
-1260
-3424
-459
-2693
-4898
-4320
-3560
-9742
-9419
9167
-9470
1856
9505
-7844
4886
-8987
-2343
-7852
-8315
-3825
5795
-8486
-8047
-2025
-7536
-7157
-5412
-6506
5733
4052
-7349
-4801
514
9257
9861
-1829
9624
307
-1751
6132
1212
5188
-6576
-1217
3726
-9120
-4077
-7371
9592
7178
-8086
-7487
5599
-8675
-8621
7104
7954
1223
8630
6491
-5471
-8100
134
381
-9097
-3195
8475
-4303
7315
2334
4650
4096
9721
-5835
-2566
9611
6225
93
8161
-4781
-9429
9767
9572
8276
7007
-2790
-606
-4708
-7941
3016
2141
-9469
-4649
3613
1134
4758
-6751
-8798
-3867
6038
-882
-1504
-4656
5970
5511
8692
3996
4902
232
-5262
-1514
5044
8903
-3970
955
8784
8877
-3914
1238
562
606
3347
4039
6324
993
-3497
-1646
5927
9264
-222
-4812
-8592
-1477
-2831
-4050
33
-5795
-5613
-7291
-7594
7502
-8151
-3644
-4998
-683
-7352
-2082
9486
-5720
-9823
-4654
-1349
221
2781
-6876
8640
-508
-3260
-1521
-3048
-262
-5114
4959
5606
1598
7491
-5892
1929
-9460
235
1273
-6104
6794
-7589
5902
-6742
-9356
-9352
-2658
8097
4211
-5914
-6572
-3590
-8548
-5144
1947
483
-3501
5554
-1365
5495
1569
-6659
6989
7224
4242
524
-1613
-8816
-11
3529
3381
5344
9548
-2185
2101
821
-5370
-4268
-7668
-7577
2524
-4799
6710
-7144
-9593
3287
-1882
-1522
8394
-118
98
-3640
-2597
-420
-1244
-3740
-9726
5828
-1699
-2492
-1022
-3954
1358
9656
-1775
-4529
2029
-108
4260
8899
-3497
9231
-114
1944
183
4714
-3211
4804
-6185
1105
7696
-3694
4966
7972
7458
-5807
-1535
-8046
-3267
7826
615
1557
1718
7623
-3944
-1211
-1466
-1139
-6
883
3609
7479
129
-5818
2186
-7374
-6049
6306
-9955
2285
-6823
5871
6349
8003
-1725
-2143
-8217
-7646
-8533
4222
9606
1122
1370
-8126
4444
-8270
-8130
1118
-5592
3204
3055
8666
-1427
6085
7366
1403
3549
-3336
3566
-2256
-2346
-4191
7050
839
8585
2063
8081
8115
-4881
-5150
-8209
-42
6219
-9469
4316
-565
-9785
9641
-5526
-5029
-4135
5816
8539
5563
5018
3837
-3803
847
56
-4027
2804
3041
1046
-8345
-2752
-9568
-4671
-465
-1218
8763
-7217
-8548
4671
2197
915
-8800
-627
1125
-613
-895
3212
-9297
-5794
9592
3166
1315
241
-2616
-6361
-8539
6902
-5876
6691
-2533
-2721
3832
-866
-5620
-9022
-4186
-2041
-1802
-4708
9461
-2053
8247
-8754
9388
2300
-5145
2447
4997
9422
-7154
-1824
6652
-8168
-1519
9361
3946
7868
2836
-5818
-662
-4375
-4601
-1377
8294
2638
7707
-1842
7963
-2835
1553
-7168
-605
9525
1843
2724
-1397
8960
4073
-7687
7874
4195
1923
8266
-4339
9129
5902
-6580
4924
705
-7666
-8005
-7187
-5059
-3096
7720
-5877
4490
-1103
7301
9556
2882
5643
-9816
-5144
-2695
-8813
2849
-2116
555
3631
9769
-1470
-6496
-1997
-9751
9913
4118
8972
-5077
-562
-5670
8092
4
-7304
-1258
-450
-8209
931
8
7027
6945
-1493
5877
4506
7298
-842
-4930
-9343
6875
7412
-8601
9898
-9304
-4870
-1591
-1776
6424
-9448
9320
-9298
-8623
-3287
2643
-8499
5594
3019
2170
2513
-9706
-8731
-9282
-1667
7349
319
-4991
-9138
5682
-1153
2491
9996
-2130
450
-1743
664
-6002
-1358
-7114
242
3565
3812
-8765
7430
-8487
-3463
-2939
6290
-2368
-4554
3384
-3637
8118
-1588
-4141
-1707
-8626
1093
5579
-5925
-9783
-6062
-3357
7485
3848
-6098
6619
-3797
-9994
2592
8991
4791
-9854
-5559
-7493
-2534
-1848
6988
-5716
7751
1197
-6472
-1372
-937
7925
-1207
-3031
-2710
-4880
-2296
-2622
2866
5473
2173
-7576
-6702
-8775
-7275
4679
-9806
4650
-4254
4136
6215
6894
1631
-6402
-5158
5959
4975
4224
8797
5272
-1570
-9201
5591
4406
-9617
-2862
6830
7011
-6237
9347
-5092
2458
9932
823
609
-7016
7747
-2132
-2188
4391
-4358
9593
2160
-3475
-1895
-7779
4888
-2224
7795
7362
2492
2329
-9584
9792
-5540
7566
8285
5968
1403
197
2362
-5478
-3538
240
-3207
8306
-7352
4238
-9822
-9297
-1859
2736
4465
7873
-2743
5810
3100
-7723
-6857
-6810
-2710
-2713
3053
38
625
3054
-6031
8238
4492
-5691
7632
-6197
3041
-8627
-1640
-2785
7419
8812
-1608
344
9047
-4627
-5104
3711
5383
401
9769
-7200
-4445
3383
2001
-676
-2841
9440
5181
365
-7182
-5295
-7662
-515
-4477
-5707
2669
-511
-8243
9256
4729
-210
3056
-8424
3022
8783
5010
6379
-5720
-876
5809
-9993
-4834
2878
2131
-4111
8399
-1738
2027
-6809
8973
2641
2860
3755
-9604
-3628
-7860
-8804
6806
5010
7107
-8739
890
-8160
-8733
-203
-9114
1335
-5446
8451
-9631
-8311
-3463
-832
9335
-3514
-8219
-9840
-3781
-1510
-9722
5887
-9517
-4124
-2328
-6874
4494
2904
-9439
-4932
-5060
-2683
-1520
2548
-346
-8231
-2796
-1129
475
4691
-4783
9628
2251
-7630
-6864
-1595
6964
4948
-7371
1912
4680
-4205
-2124
5245
1893
1045
4489
612
8180
6591
9727
7699
6306
4233
3930
331
-2360
-1198
-3941
3546
-104
5120
1710
-3321
-8318
681
3292
-5558
-1069
6642
-9735
-4759
6518
-90
3807
-5203
-2660
5439
6742
5994
-1252
9523
-3910
845
2058
-4490
653
6365
4146
-9026
8195
-7471
6354
-7676
-3195
-4660
-7648
2021
-9180
9346
5193
-7124
-78
-7392
3572
4315
6423
-2200
6768
6791
284
-6284
6134
-8430
8701
2899
-4658
7829
9325
5809
9406
5742
4128
-6375
3068
-7124
8881
-2266
5026
8255
714
3866
-7105
6916
351
-6425
-3146
4404
9313
187
9193
5225
-7333
2586
-1972
6811
-3288
-1839
8756
-6426
2744
-4436
-6588
-3455
-4242
-4850
1257
8623
-7432
9650
-3770
-2730
-675
-3265
-530
477
3178
8213
-2920
8083
5469
-3882
7688
1259
858
5120
1932
3044
4459
-8896
-9937
9387
-2521
5634
8174
-6202
-4145
9520
6958
2690
8339
-3788
-3284
8207
363
5243
-6381
-1497
2438
2480
-345
2414
-2840
-9811
3242
250
-9033
2196
239
5333
82
1860
1301
-1966
-605
5293
-8041
-4733
-3289
-8443
-3066
1790
-8924
7266
9947
-1265
-5106
-7604
6516
-7453
-8725
6112
5193
7818
5866
-8246
-3975
9016
-908
6765
-7572
-9736
-8607
8694
9829
-9273
-6434
-8916
-2121
-7011
7634
9949
6902
-9231
-3145
-3837
7206
-8091
477
630
-4600
5006
4865
2911
-9634
1695
6445
1766
2952
9896
-4622
-6917
-1619
-526
-1631
-6922
-73
-3909
-2997
1047
3282
-3269
-5947
-4022
7086
-4877
-7189
9606
7984
8710
-7723
8785
-1874
8416
4187
-6727
327
-1592
6920
8783
15
-9475
2851
6959
-7861
-7914
9689
-646
72
-4276
-9847
4669
6549
7943
6231
5369
-7614
-8028
-9972
3964
3254
-2899
2626
-4698
1561
1154
9085
-4534
1316
-7830
1222
-9160
-6176
3431
-888
-2100
-4319
1693
-2057
6208
1978
-7289
9057
-602
4379
9467
7012
855
6802
-6917
-9968
-5552
6850
-1537
-2017
-3005
-9249
9651
-6804
2874
1329
9585
441
486
7667
-5223
9948
8775
1314
-562
9170
8100
6399
4364
-7069
-6839
4817
-421
2307
-4775
1140
5409
-8772
-8407
2637
-1439
-1218
5130
-160
7237
-9851
-4995
-5030
1928
-2689
1989
-2878
4832
3030
-310
-7517
598
-6007
2770
4273
-2561
-959
3745
-4556
8590
5433
8357
-2207
6419
3293
1419
-8322
-9524
-1916
1769
-2283
-226
8728
-7357
-7448
3104
-1508
8805
-1196
3435
-5414
888
-3759
49
3859
2702
4788
-5820
6201
-2678
854
-7748
2297
-2805
-4831
-6385
6604
-2015
-9138
-308
-9964
8205
-2357
2298
4666
9694
5419
4400
7700
-1700
7767
9154
3597
-8826
-1645
-4644
3459
-6052
1123
-6932
5288
-9926
6500
1834
-8135
-1056
2458
-2241
9998
7564
265
9486
1016
1873
6009
-5992
-6489
-3528
6245
-8225
-1200
3485
-3490
-9195
-129
-1156
6059
-8057
9838
-5269
-3146
-2208
4177
1343
8866
-3234
-6483
-6101
2937
-6700
5793
-6827
-9412
5535
8483
8831
-1117
7205
1288
-8087
6329
1088
2499
172
-5838
9576
-7912
-7873
1720
3344
6336
4352
-384
2363
-1616
4942
3436
802
-8384
-4254
7057
-1682
-971
-5926
-7905
3401
-3802
5100
-8344
-7644
3800
6819
2084
-4214
8795
3674
500
7039
-3891
-4447
-2633
-5066
-1648
-6997
9263
4163
-9624
-156
-7769
-2878
-1878
9202
8489
-7465
6850
5697
-8015
-1329
9072
-2783
1652
2326
4173
-4077
-3356
2985
-5706
-632
-804
-606
-2858
7175
-9824
9803
-5665
-2848
762
-3684
5735
6717
-7006
4996
-1436
536
-6168
5734
-3668
-6503
3565
-283
846
-6178
-8600
7485
8191
3652
9769
2444
-610
9017
-9435
-7465
7489
-3148
1289
2812
6180
4419
9414
9370
8892
-9614
7949
-7617
4417
-3477
-850
-1682
5645
-6110
-923
8380
7640
-7786
-710
-4854
-1253
-5794
9831
893
-6444
-4838
8867
-4444
-6931
3811
4112
-1431
-2943
6987
-1023
-7594
4562
-333
6426
-6818
4338
-5342
-8829
3595
-9759
-7137
8343
-364
-4840
-7728
-9235
7792
7977
-1265
-409
-9038
-4909
-2913
8760
7795
-4847
4338
-7410
-3121
6088
6891
-7331
-1145
-2050
-6620
720
6582
-828
-245
-52
-3075
23
9487
7230
9387
7160
44
-676
5026
-21
-2698
5146
2193
-8521
6750
9075
1856
2664
-9026
-619
-6589
2859
-4272
4772
-9875
-1073
1874
-1665
-2305
-5583
-7450
-6741
-4443
-6184
-1804
1347
7818
-9446
-7410
-5913
4106
-3604
-6380
-800
-3274
2981
9330
862
8387
-7910
1680
-9279
6175
7693
-1364
-7207
4929
5877
-5869
-6449
7035
835
-709
-3586
-4965
2892
-5664
-7242
3729
-2916
-2502
9070
-6488
-7007
8636
-8160
-9805
6332
5309
-4421
8074
458
3093
-9847
-1347
-6973
785
9011
6514
1192
-5574
-7558
7874
4154
-2491
2549
-9930
-4048
6588
-8903
1405
8930
6928
2329
-7179
2116
-9905
-641
7201
4207
-6065
3360
3367
8432
774
8659
5852
4991
9171
-5347
3198
6764
2136
-7698
133
-701
-7145
29
-9467
-4875
5733
-3509
-4268
-6235
7123
6007
325
-7412
-1255
-1265
-566
5469
3209
9953
-6569
-8137
4764
5722
-9210
-9215
1336
-7405
-6478
-8116
-486
770
4176
3229
-6197
-9771
5550
-5590
2612
7158
1521
-8705
5096
830
-3578
637
5262
5320
1754
8237
9913
-7083
934
-1795
2404
-8899
-5055
8614
-4280
4159
6796
6649
4153
-135
2023
773
8624
-7164
3526
218
-980
2660
7120
-6350
4422
5721
-2425
6683
1611
-5342
-2667
7803
2481
-1533
-8538
8180
654
-1352
2364
8622
5633
1975
1180
9229
5135
-803
-1833
4033
-8295
-7155
5801
-6882
9296
7032
-4225
-983
6199
5790
-6826
345
-9649
-758
-1909
-6485
-9708
-7259
-273
-2041
7763
-6306
-9693
8896
7213
-4084
-6907
9462
1394
7405
2201
-6166
-7659
6558
-3919
-7772
1954
1635
9085
-4361
9224
-1991
2034
-644
497
-6218
-618
-9938
-9282
8074
-7693
4235
932
6685
-2522
-4977
-4726
-8401
-8587
5691
-8251
-3007
8603
3486
-1572
-945
-7567
-2524
5709
418
6548
-3460
3972
-7056
-9307
6184
-2898
-2201
-5881
6594
2864
2670
-883
-1114
-9586
-3656
9401
-8505
-5535
-6563
-9193
-7066
2158
-1167
-7944
2613
4383
5777
4649
4183
8083
4750
9004
-7379
-8451
-9268
6818
-4159
622
4092
-6538
3904
3095
8640
-8270
7034
-2903
-8922
7156
8640
-2041
9844
6307
-3430
3446
2114
1469
-3234
4147
-51
2639
3546
-8696
-2046
5553
5361
5720
136
-6857
-8171
-9290
-3141
-1329
-6710
3179
5578
7031
-8715
6569
2482
3752
6108
3187
3248
-139
-2591
9255
2560
-9025
3924
-3537
-3526
-7529
1518
-8878
-7757
4305
-8530
-9427
9066
-8852
-1217
3347
7743
-3620
-2291
7199
2003
376
7405
9921
-4194
4484
3624
-4695
481
5722
1966
-3864
-736
-8933
8716
9417
5779
4779
-3955
-3167
3935
8963
-136
9264
-2228
-7759
-5531
-7965
3510
-4208
-4614
2285
9341
915
-2058
2227
9858
2011
-245
-1586
-9278
-6646
-7931
-3391
2480
2417
-8190
371
-7933
-3562
7989
9221
-301
-2991
-1560
2178
-5796
5544
-2969
-4683
6117
-4917
7180
-9897
-3150
-6079
6072
-9883
-7949
-2118
-6427
7993
9750
-4025
-5850
2745
9872
7713
2299
-7287
2818
1758
132
-8990
-2191
-9395
-6711
6088
3589
1099
-9849
-958
8817
-348
8358
-865
9932
-7631
684
2110
-1564
7470
1222
6821
426
-6425
2710
-9961
5753
-6697
-3424
2524
-428
2705
-1263
-4477
652
-1181
4701
-2649
-7939
7128
2280
6209
-1195
-744
6615
6936
-7422
-5422
9690
-7868
3196
-810
-4207
8349
-6603
-6254
3500
4924
-9415
-1761
8201
-3928
6566
1345
-5749
-9511
7188
-5514
5423
-8527
-4952
133
3780
-9780
-4096
3417
-6727
-8170
-208
6542
9239
2982
6708
5882
-7864
2409
-1505
9634
-1475
-4909
-2297
7537
-1308
-8735
9977
4753
8376
9224
-7791
-3184
8745
4396
-6001
-5314
-2281
8381
-315
-1734
-4770
229
-4032
-7724
5082
3580
6663
-4995
2493
-2218
340
-8220
8242
-38
4136
451
246
7757
5204
2349
9587
-5717
2822
-4020
9
2131
5865
4272
5509
5011
-4135
-7692
-9775
-188
-5267
-842
4234
3979
2761
3491
9808
5999
276
7011
-2349
5291
5417
2961
-7530
7535
8163
-5959
3665
-1923
3551
-1447
-1524
-9151
-2224
6242
4600
4496
2879
-2161
-6075
1549
2867
3693
-7943
-1855
-6324
-95
6518
7267
-8029
-7775
-6497
-1627
-767
3557
109
7160
2874
-8844
-4394
-7981
-4017
3591
7550
-5637
8084
-34
321
-1688
-7760
5933
-6383
-2826
-8229
-708
-1570
-1088
9183
-2617
-5279
-6160
-3866
-4182
5201
-4880
-9807
2671
8801
-154
3134
-3782
-710
-3340
-5941
3506
-1470
-232
-1201
1393
9945
-7678
-6611
-5362
-1196
-9377
9723
-5490
8629
5518
4669
4189
6998
-9338
-74
-4944
-4348
-6401
-8657
-7073
8952
-9872
-6564
-8534
-6926
9599
-9323
-3104
-7592
-6704
3111
1078
-1675
8882
-5641
6533
2873
-9187
8837
8662
5252
-1250
-4686
3079
6586
-9313
-3034
-4570
3853
-7187
-9982
212
-6684
-8216
-5105
-7900
9841
8303
-4462
9795
8277
4174
8661
-8510
4838
9190
8900
-7004
2964
-9047
-8160
2491
-8834
9615
656
4229
7412
-3228
5162
-509
7675
5000
-4989
-8383
-6438
5782
-713
-8254
-8546
8714
5144
1336
-4497
3189
-2733
7043
3930
8529
3220
-6513
-174
7236
-7911
3214
7967
5351
-4898
2157
5413
3366
2124
6077
4791
2511
-9319
-2374
4492
6482
8539
-5010
-2297
7732
-8160
-6113
7912
-1886
8911
9633
-5778
-5253
-3278
2217
-5571
-4961
6729
-4901
-3033
-2349
8552
-3933
2942
8310
9871
9311
-7846
1970
310
6867
2708
-6539
1668
-9717
-4771
-1279
-2667
1551
-7692
6229
-6374
8367
-5190
-6110
-1954
-1384
-4932
-4571
-6866
-4911
9599
-5922
5007
-6327
-5609
-1836
-3952
688
3558
-3214
1288
-117
8014
9954
-5114
9848
1223
-9344
1153
5135
3487
-8473
2575
718
-2750
3517
-7502
6175
8164
6124
7378
-2359
7411
-1434
-5078
-1708
5491
8508
-4525
-8035
4437
-7003
7623
4137
-8554
8968
532
2783
9615
-8098
5436
7860
4173
-7192
-8507
4509
2360
281
-7715
-2549
1940
990
-5760
8495
1516
-4732
2872
184
2802
-396
8024
4491
-4843
-6978
8986
5606
345
7520
-4672
-8248
-8058
-7829
-4956
1024
4908
-9307
7953
-5935
-1655
3275
8925
7866
6508
-408
5755
-8338
-5583
6093
-530
-6325
9199
-9293
3969
2566
-9418
-4504
3979
-1151
7559
-5880
-5188
8550
-6135
-1438
-8647
1468
7648
-8994
3558
-2425
3186
-1949
7782
9859
-1473
6697
4725
7645
-4297
5851
5052
962
1201
-9720
-1706
4526
-3741
2951
-2806
-4375
562
3210
-9455
-9224
-6591
-3936
3966
-9363
-5914
-2060
-674
-3562
-7078
-577
54
31
9503
-9922
-7429
6080
-4289
-7896
-7279
9981
3802
8744
-1019
3764
2161
-3548
-3481
6350
3512
3375
-107
940
-7386
1975
-6539
3317
3604
-7331
-3594
-595
-2221
-1605
4732
-6213
1242
-639
-7610
-2594
7148
7150
-4058
-7465
1047
-9253
-5266
-3387
-9040
7509
3150
3852
8499
-1352
-2307
-3744
-3253
3505
22
-3924
3568
2221
9991
6238
7667
-6318
-711
3296
6584
-2323
9962
6075
5467
-9009
-4026
-7579
-3355
8223
5473
-2710
9114
5540
-4438
4505
5682
964
9857
8228
8255
3598
-7344
5801
-5070
-7667
-2011
5612
9635
-6611
3358
-8950
-3982
9221
4665
186
7511
4736
7539
-8091
-6234
7734
18
6942
9161
-4139
-3564
9462
3569
-6102
-3905
1266
5567
2594
-7420
-4216
-2476
4134
3599
-3129
9421
-7222
-3132
-844
-2376
-5589
7556
-5930
2301
1475
-8836
-6972
-3074
5092
-1024
-1038
2593
9988
-5484
-9250
-5818
-4122
2412
-4641
-1207
-202
-801
-8651
8396
-937
8794
-7253
2017
9422
-3375
-2843
-4006
9468
2798
-3441
-5057
5544
-8421
3961
4885
1123
4651
-8889
542
7101
2074
-2308
2414
6151
7197
3897
-1483
-881
2826
-2545
1365
3977
-6259
-3642
-7758
-8975
9854
5717
1218
-5828
-2839
9926
306
1655
-8847
3124
-3101
2521
-804
842
9221
472
-3886
-7515
-5140
6497
-2923
3933
-9494
-7055
-2360
7599
8396
3013
36
1797
8466
-9969
-531
4290
-5817
-7648
6154
-8035
6408
-6446
-8030
2688
2674
4907
-7859
7375
8996
3378
-548
2730
-3865
8045
5463
3485
-3753
6179
2864
5706
-7860
7250
-1968
247
-9578
-5464
-2502
-7227
1791
-2738
2571
-751
2517
-1583
1780
-4044
-7293
-8992
2135
-1573
2008
5768
1682
5647
-7628
5300
-7164
6785
6909
-4303
1743
-4062
5196
-5089
-8785
1751
-4118
9618
131
-9256
-282
6190
218
7937
8780
-5692
-7328
9336
-4383
3986
3177
-1560
4357
-6843
6179
-8560
-5922
9127
-1352
3549
7469
3308
-3348
5826
-6839
-7338
-3439
4727
-8154
9028
-3177
-4581
-6603
7172
-7531
-950
-8064
-3924
3013
-972
-2492
-1914
6254
-3355
5021
2340
6593
-9534
3086
-3638
-7909
3553
-2041
-3383
3302
3100
-3991
3064
9648
-6624
7470
5503
1408
6988
5467
4839
-2431
-1556
-4848
8784
-1924
-2065
-9102
-4123
-7643
6061
-9489
3346
-6426
-8486
9164
-8247
-5484
-827
2373
1358
3008
-1396
4824
-9854
2725
-9957
9076
2792
-8101
-504
-2693
4151
126
3601
7074
-5861
6725
-7130
-9026
-8542
6051
8188
-6166
6682
7236
3178
-8123
7520
3753
9664
2524
4165
-4507
6168
-4303
-5523
1348
90
-7981
7936
4943
-2506
8282
-7919
-2059
6620
4023
-952
5592
-4321
3450
9430
-544
2840
-4675
8695
-5292
-9819
3479
2765
3293
9216
-123
6883
-6737
8529
4206
9959
6148
-5060
5032
9091
-9302
-67
3667
4238
5635
8517
419
7625
-2690
-2237
6601
-6930
5906
9495
-1925
-7434
4883
2191
5966
-5866
-2584
8521
7889
-8820
8720
7760
-1894
-5787
9620
8887
-8334
-5075
-2126
1076
6334
4334
-3278
-2927
-6632
2904
-9612
-3251
3032
1711
-7619
-4337
-2473
-5708
-6399
8627
-27
-5699
8309
1197
-4921
-4310
-6123
-4348
5391
-4604
5833
-8565
-2413
177
5308
5240
3435
-625
7490
-6167
-7624
2554
4646
-514
1554
-995
-6464
4211
4835
5124
3257
-6522
8029
9231
-373
-4029
143
4147
-1644
-6872
-3834
-4157
-909
1226
3580
-6768
1295
-4315
-4497
6656
-6545
-3536
-5348
-9085
-6340
5533
4008
-451
9666
-495
-3080
-8710
-5775
-7874
8929
-8748
-7141
3772
7004
-4071
-309
618
-8293
2636
9527
617
7827
-1675
-8986
-5492
-4480
-9601
1527
2743
3864
-857
323
6169
591
7140
9662
2188
6979
7526
-708
2376
-4534
-4483
-3951
-3500
-6510
-8505
-4251
6627
3731
-1729
-2206
-5005
1608
5661
-2419
-7022
-9890
1827
6936
-8868
-1666
6402
-2850
1389
9033
2507
4465
-9121
-879
-2952
-3987
-5713
-1063
4081
8086
-4447
8900
-1499
-6053
598
1095
1263
-9686
-9516
-5231
-7631
8261
-4400
6334
-864
-8536
-6558
-4067
-9762
-1160
4207
3275
5395
5714
9381
5088
5039
-7145
-2314
7012
-8043
8510
-2608
-2172
-7740
7552
4283
-6577
-6549
6196
8060
-7252
-3081
4536
6406
4352
-5166
4163
-7036
4683
-1281
-9852
5636
284
-4549
4774
-5824
-8725
-9659
7015
-1856
-8968
-9521
5364
2860
8062
-8790
2308
125
4530
3163
8720
8370
-8368
-9382
-9929
9974
-5300
3012
3231
1
-4246
9679
2648
2885
3019
9823
7941
8578
3886
-5511
9410
-446
-5688
1273
-6119
4490
5936
2480
-1368
1993
-8526
-5633
-4622
-7721
2045
4536
6557
7803
4414
-1585
-1953
-9957
6680
3750
7279
1697
5890
6013
-1564
-4591
2743
-7910
-4349
5527
9792
-5653
-6047
-4366
4455
3010
2226
7314
2696
8251
7529
-5627
-8169
2674
-4615
-5875
-3645
7912
-531
9414
843
8621
-6871
963
3997
7036
8752
-2639
-2948
7623
5425
-3789
-6274
3655
-9639
-1360
3380
3695
5154
1676
8928
-7636
4411
-7945
-5626
-5437
2966
-4314
2272
-7748
2584
1039
-3535
-9346
-5856
8699
-8058
-8807
-4482
-8861
7377
3659
-8340
-3341
-6781
2444
-9396
-7308
7584
-8381
-5171
6058
8788
-6073
6497
-9582
-2800
5422
6527
6923
-4586
-4023
8572
-818
5969
-5113
2518
3203
-6277
-926
-4921
8331
-1752
-4987
7476
4378
440
2017
6613
-7540
-376
-9633
7650
-7948
-6325
-4476
-8853
-4226
5803
-9981
2622
-2003
4118
-1942
6819
8503
9466
554
7019
-4774
-9562
744
-1289
6382
-3490
4066
5751
-7596
52
2986
6177
9694
938
-2218
9854
2173
1144
4008
8223
6265
-4777
1341
2847
-9281
-8030
-7083
-2320
-6705
-7855
-8192
7519
-4131
-1858
6364
2708
2413
8305
-8015
-1782
-4196
-9882
666
-1668
1582
9062
2481
-2484
-701
287
3612
4608
2455
-6170
2924
8830
-8893
-4522
-5260
8932
-8515
-3428
4099
2151
848
2018
523
1605
5883
-1674
6930
-7187
-4193
715
-9394
2031
-344
-1783
-7264
7557
622
4387
-1872
-4914
2753
-8772
-4820
-7925
7306
-7977
6562
-6812
1193
-7950
-675
-5056
-1085
7205
-8538
-2065
-23
476
539
6964
-6878
-6080
4358
-3113
-21
-8492
3620
-5845
9073
-6640
6406
8778
4624
-7847
3265
-8490
2344
-6079
7157
4391
-1591
-4050
-5067
-3565
8324
-2890
6963
-3939
3449
-5205
-3474
-1679
9184
9093
7104
-4027
-2131
8413
-1616
640
4942
-491
6069
-4839
-3124
9696
3032
-7134
7962
-9114
-1469
-4940
4135
354
-1778
-4888
5524
6166
-4684
1264
9698
7124
-4875
6886
4494
-367
5477
3252
-2174
5387
8600
-8
-4606
4113
-1614
7300
-6335
-8398
5996
8569
2055
-4793
-3948
-3007
-4671
-4882
5796
-2516
-7092
-8509
-7492
-9444
782
7833
4363
74
3901
8319
4730
2899
2416
-5884
9695
-4210
2648
8672
-8663
-2911
8663
-2548
4477
905
4590
-308
3327
-6772
1182
-1454
5584
8727
-610
5940
3369
-4916
5545
8721
4850
-5762
-238
6075
-4399
7269
9676
-4356
9458
8100
217
1222
5568
-370
-9825
1040
4108
5952
-338
-3230
5317
-7515
441
8543
-1701
7858
-5790
-1436
-7794
4856
3445
1955
-304
-4968
4434
1379
7204
-8260
-5250
2383
8994
4478
-6739
-7815
-657
9101
4187
9391
7379
-5324
2663
-4823
-4128
-3877
7532
432
8992
572
2429
411
-2623
-4504
9517
-5012
7990
-6690
4209
-4456
6822
-3
882
1812
6712
-1056
-5984
-1669
7802
-2676
2788
-3656
2502
-7375
-186
-7692
-4463
9150
-4150
9224
-5952
7045
-2086
8341
-3709
3809
6930
4833
-8060
-1498
1035
-1139
9917
-7241
-2819
5530
-3224
3130
-5129
2557
-9098
4410
1368
-1322
662
2706
4150
-6795
-7415
9416
-6293
5932
962
-497
-1925
1565
4649
5436
6862
182
2175
-2096
8048
9005
2994
9912
-2012
7074
-7162
-5519
-9401
-8441
-3885
-3986
-2361
-507
7637
2005
6269
8286
-5782
-2383
-3505
8529
4551
-4765
7695
198
-7570
6824
6128
3943
4005
9251
-7799
-8409
-9135
5167
5345
8076
3008
3331
7143
4987
918
8051
1518
-2816
8930
-516
-3682
5961
1676
-7525
-1473
-2077
6538
4581
861
-2752
9945
3405
-8167
-6859
1398
-5837
-3469
7275
-7589
-8753
-3299
-3747
7932
-1575
7946
8730
-414
-8833
3995
-9978
1595
-4816
7705
8843
-7182
-6109
1799
-6859
-3706
-2029
-8047
-4407
7834
-4366
-6705
1062
9103
-6701
-3704
-7888
-1862
414
-5853
8771
-3233
8592
-7860
-6333
7868
-8304
8021
-8112
681
1421
1318
9492
7346
-6396
-6374
-4834
2305
1745
-2699
5783
-2772
-2855
8346
5701
-9254
-5856
7903
8586
-6081
6515
-9634
-6528
6446
-6913
2033
9798
-3454
-40
2150
-4222
-9469
3390
4180
-3985
-2686
3959
618
-113
3459
-9985
5941
6143
2475
-5487
-2023
-5208
-2855
8090
-2249
-1070
-1637
-2343
7240
1117
5728
-2980
2205
853
-1493
-2262
6646
-175
-3345
9006
-9528
-2856
5006
-359
-3662
-915
5115
-3835
-7173
2006
3518
1098
-9466
3385
7500
1321
3090
5035
9291
9601
-8358
-4151
-9876
6961
-236
3694
2535
-7857
7438
-9577
-5312
9434
-7752
853
-3855
-8250
2591
-9959
-9986
-5586
416
-6860
7780
-2470
1772
8510
183
-3687
9118
6698
6897
1199
5019
2854
-8793
-8759
-5284
-355
368
5107
2133
-6719
6274
-7929
-5277
-7679
7593
-1279
3533
2130
-4879
6804
7590
4550
254
-7449
4853
4317
-2354
1803
4211
-6659
8900
-6297
154
-8905
-3684
7548
-2808
7853
-7656
-9549
4681
6053
-1242
-6003
2861
-9961
-1651
-2511
-7691
4157
-1513
474
-9586
-3715
-3111
-840
-3405
-499
1994
7669
-9064
9160
-8225
1700
-8081
8365
-7107
-1853
-4288
-2139
7814
9688
-5717
-5752
-2659
4081
-312
-9381
-9117
7819
-2467
9340
-9854
102
6587
-5867
-277
9288
3930
-5877
8291
9520
3284
4727
-7381
4789
7378
4482
-4812
-6580
5220
-1111
-9076
8767
-716
8167
1853
-8876
-8431
-5605
2787
775
-2497
-5482
6360
5919
-9135
-385
3110
4768
9330
-5949
3398
3340
-4747
-1072
-8591
5284
-4911
8199
-9149
3913
-8995
-8086
5341
5491
3617
-6299
102
-298
4755
3140
2424
-8783
-3867
288
5847
-4194
9558
1311
-5314
-9162
-1241
5831
-5589
-8993
-1444
