3057
5615
5717
5943
4075
8693
1940
3406
6956
3502
8588
3270
6619
7472
2151
6005
5514
4481
2451
8650
2267
841
8880
2552
2689
9531
27
8922
3799
4031
1497
7121
9081
496
5269
3701
1562
665
5361
2293
1016
2607
6535
8871
7033
7942
2929
1221
6504
9986
4538
4174
5144
5761
8129
1341
1342
475
9567
531
2696
760
6108
4807
4988
1958
4153
2405
49
393
7099
2393
9488
3540
4578
5300
3448
811
5151
6238
7603
5358
4280
927
4256
3058
9657
3990
7160
2114
4131
9332
5098
1263
7113
5177
8678
6554
2145
3276
4753
4642
3526
1273
8103
308
5121
6708
1195
1504
2016
4364
5026
4199
5629
5222
7961
4999
5055
8875
3241
4196
6176
9675
3212
1981
1817
3463
9023
8986
7145
8763
8936
4467
4281
8898
2298
7306
3115
1992
2662
3548
4854
8438
2287
1588
117
1743
9700
7522
6033
3740
5483
8972
6628
5332
1973
3888
1897
362
5134
3134
4095
7045
5102
3731
7057
1752
6166
7785
119
3749
4597
4792
4548
8042
1092
8452
2420
7546
218
1811
4197
292
4953
4541
9800
8929
1766
5843
6277
7335
7517
9765
7989
3583
2406
8827
468
2334
4800
3944
4854
2873
4621
737
4871
3729
6589
411
5553
706
7975
4577
7763
1077
6829
1716
8010
5910
1948
1021
273
6110
8583
5729
4407
3577
2284
8499
1175
99
850
1799
4293
9334
1636
4139
7224
7032
1321
9038
7883
8322
2834
4686
6610
3399
6013
9436
6411
3125
310
2331
1032
3654
635
4510
3241
3951
7811
4072
9536
6462
1480
8960
1290
9295
1643
9572
9964
6299
8765
4794
4701
1154
8081
6123
2734
3988
7162
8822
8550
3072
4221
9288
2591
5415
5000
1684
4346
1485
3733
8957
2928
9627
6616
7664
9005
9025
7643
2221
7274
7175
9770
8643
253
2807
5057
5569
5115
9581
565
9393
7667
2812
526
6420
6531
5860
7052
9030
1665
9522
1711
7285
2511
9411
3852
1307
3082
7577
2167
2037
9004
3522
752
6211
2141
1880
1904
1786
475
6665
6920
5405
9927
6637
5448
8325
162
8188
6101
1561
699
2229
7650
6460
8380
8017
159
6476
3670
8550
7468
4618
9300
489
880
9632
9264
7464
4040
6730
5706
4501
670
1519
4328
7771
6392
7982
3936
3728
6946
6333
2535
5322
839
3441
2530
566
5628
978
4545
1509
447
7470
1489
1099
2914
8882
9869
989
6164
2846
6865
7644
962
14
8182
5547
3928
3178
5950
3462
8140
1471
5724
642
4395
6834
8543
7616
6353
3448
8145
5941
3890
8981
3030
5113
5486
5867
8179
416
4829
7118
1315
3933
3052
1326
939
8900
4241
9735
6161
8455
7996
5560
2142
6141
2276
6061
1769
6718
7421
812
7790
4522
8397
479
3682
6549
8563
4198
7688
4224
7092
423
1614
9124
7129
1395
1865
3273
1162
7435
1474
3504
9279
7288
4098
1440
388
6100
7868
5578
228
9733
4738
6533
3757
3102
4844
3251
3806
1514
2247
4279
9678
8746
4108
6507
4976
4140
8283
3442
3738
5415
5784
8771
6902
6466
7770
8353
4418
4187
3170
5328
671
7244
9572
2824
1861
8909
3662
1855
701
6972
1390
8048
1531
3688
617
1442
1720
6546
3367
7769
8729
7102
4808
4012
7224
6043
9875
7875
3373
3630
6042
7029
3348
974
4417
4915
2088
1053
1312
3198
8857
4080
3043
592
6366
2134
5015
5046
4125
5503
7614
5764
9907
1107
1373
7575
7535
5531
5899
6855
2001
3931
2394
6231
4306
4973
69
3080
9751
5254
8644
1167
5452
5162
7035
5320
7609
2047
8381
6376
6286
4500
2133
7116
452
3545
2295
2094
3923
3538
9439
123
5375
8937
5983
6037
7537
4913
2161
3899
4679
6468
3234
8488
5745
8760
2234
7448
6895
6265
2279
4804
839
3239
3085
8271
9789
2042
6044
8516
9751
3905
741
7161
401
490
1118
7550
533
1764
9199
1558
5333
7048
1840
8026
3306
2102
8182
3363
7997
9509
527
4618
4293
7340
2430
54
6424
5579
8945
8220
3226
1965
4114
1900
9530
2477
6587
3098
3522
6457
97
8560
5977
2282
9581
9211
5178
8261
9251
7892
1652
8910
1250
3958
466
1847
6384
8990
1898
7562
4841
3065
2703
7437
7413
7103
6838
4447
8846
8540
2357
9680
1813
7047
7663
8314
7971
3913
6031
3205
2737
1456
3728
6263
7280
6120
154
9201
3321
1614
7658
6118
1583
6111
9633
9411
2422
6728
1758
3155
5130
4140
4710
4957
9176
6986
7932
9906
9072
8627
3606
1977
9803
869
3274
1980
488
6737
8134
4007
1083
4096
4334
2574
9230
4704
2824
4504
2980
9099
7816
612
1012
9628
5198
7196
9712
5974
905
6801
1190
4624
5234
7650
4185
4986
6310
6761
3701
8808
1865
453
1438
5733
2829
8974
2730
4339
4076
3944
6581
642
6941
6492
7899
6643
1069
3373
1495
5388
3561
3304
1213
7301
3078
1130
866
9914
5935
6946
7705
73
9289
721
358
3898
4014
3855
9518
8437
8164
1804
9761
1054
8068
8897
7866
5147
5259
4947
3800
1359
7430
2600
2019
8885
1350
4632
6954
1655
8755
5789
140
7881
9638
7860
5139
2332
9506
9325
617
8392
3424
1526
7734
1148
860
9236
1605
5516
3993
6178
4507
3257
8786
9517
4176
3985
1628
1904
6121
9369
1785
3270
4446
4863
776
9289
7225
6855
8730
1976
7510
2574
6817
945
4218
7670
576
6505
4411
7088
3578
6225
7797
6063
6481
99
8560
1542
8035
6320
2434
5227
8143
282
7685
4694
1044
7172
215
1916
8966
4299
5592
5045
3484
1874
7002
4509
6394
6718
5254
889
1600
6024
6090
2311
2832
1150
6979
9294
4123
3004
4651
7099
492
837
8630
8264
8972
6502
8435
3910
1702
9828
1228
5874
5704
3073
4773
7400
4473
537
1458
1329
477
8889
7918
9266
4078
5422
2554
1042
2816
375
2399
8116
4567
6657
2129
8671
8923
9526
8856
9846
1883
2595
4375
166
154
1843
1011
7389
8852
5056
7241
9883
6909
5767
8124
679
8117
7629
4979
3036
5140
1107
4546
136
4499
2889
1172
2898
4311
6422
9391
6092
6564
4196
3155
6936
9991
6855
5066
8153
4773
5871
3299
8523
7470
3948
333
3735
6670
9546
5325
1356
6581
2908
7274
6196
2909
3094
196
8536
1337
3140
5645
6694
3952
7878
6782
26
2994
4687
2232
9668
7464
4
3330
9552
9357
8394
9512
7013
137
1167
413
2525
7391
3783
8604
2354
2570
5192
9913
8426
7635
9497
1201
5254
1215
2251
879
2270
2184
5580
625
1112
7243
6187
1969
7427
6144
6667
5007
9524
6413
5426
2084
4555
4200
6922
9876
9624
2548
1936
8261
3652
4060
2570
9830
526
1317
5804
8274
4563
5320
6294
2579
3541
72
9674
9423
2495
9040
9287
3427
3650
6336
6659
5498
9910
1508
1338
4874
4883
7999
9501
8427
6149
6922
5067
9376
6076
5804
5787
9778
9634
8215
6580
6602
7723
8938
391
7224
3537
3023
8720
9229
3770
7340
9857
9115
5605
7630
7616
6756
1155
641
6976
8725
5859
3784
2539
5678
3222
1526
9229
4053
9448
1714
6456
9822
506
4866
476
2316
1412
3429
379
9180
5119
3713
7124
376
3180
1197
325
2565
8217
7095
3789
8995
3457
2340
447
9540
9987
1602
2982
4838
9430
1100
8738
7071
884
9528
5055
202
4272
3888
1804
8804
8193
5432
2450
6935
772
2148
159
133
8248
4939
2451
2567
6040
583
3457
4332
9100
2584
7988
8511
5884
1811
8099
5068
8045
3213
2779
7198
1413
5057
355
8409
6804
9142
7453
4205
4037
1293
1879
9256
3455
4934
9255
3703
560
5095
3284
323
2131
228
3760
260
3055
6934
8737
2460
7158
9603
9171
8078
9443
6965
7188
8629
6963
1227
4537
4921
3000
4180
6801
301
8161
4186
5337
3069
8758
617
5455
1415
5650
8121
5440
3799
9653
1374
7708
8435
254
6816
9341
8148
1800
9100
4468
2335
4476
478
8113
7728
2865
6545
3538
1670
6708
3637
8755
8231
6862
2125
4509
9529
2560
9358
4084
9717
3889
9067
6244
6193
9345
6779
3327
2265
9830
1956
8470
3322
9779
6180
9554
8812
3321
5840
3385
1407
754
7250
4889
7138
4761
6179
3979
6226
3594
1125
6762
1975
8564
699
5425
1463
9081
8913
4585
2176
5761
6884
4585
4432
4873
2406
8680
6724
2306
2513
6428
9788
4179
6396
5699
5443
2471
927
3339
6328
6445
9298
2855
2486
918
2133
7330
8881
2703
2142
5134
7713
4215
4043
5462
9664
9551
9255
6807
9288
9653
6777
1966
5154
1881
8754
6960
2358
7820
4902
1847
9763
5536
9665
4378
1447
193
7756
1889
8578
1291
7640
9785
306
3404
3749
2790
6197
8307
5307
167
7304
8516
5133
4032
308
2609
1526
4403
9686
5845
3323
5819
8830
6965
2185
9930
6116
1937
8942
5514
4140
3533
2001
422
6875
2145
6209
6436
4852
2335
4411
1949
9166
1108
4092
2162
6143
6871
9559
7063
1856
6035
9872
4576
3659
4302
7509
5581
3892
90
7281
958
348
4811
7303
689
6210
9005
9366
998
334
9685
2794
7601
2804
5908
9821
9721
7376
8162
932
9797
2736
5507
8283
4965
259
4429
5986
4988
9994
8373
608
5034
5902
46
4836
2410
2134
5716
205
1330
6224
8010
7276
6368
1228
1340
2151
3025
9296
3368
1724
5726
9329
1066
487
7426
5064
283
3225
7238
6708
8591
341
8609
1505
973
5076
9016
1563
653
6739
4971
9759
9500
8806
6297
4990
4571
5962
2570
2089
4788
6387
8543
1964
1782
9111
4837
1653
9826
7987
6951
4065
5928
2772
8521
7625
630
4002
6450
3377
1298
1157
6483
6477
4214
6115
1406
1346
8196
2000
9949
2837
1832
8364
551
5314
280
2858
460
2245
143
4361
6499
8650
1724
7092
5484
5323
9107
7877
2705
5055
3780
6313
2564
9942
7020
2083
3802
8877
3471
7908
1388
4710
2614
6006
3471
3761
4713
6740
2899
7903
2215
4198
6825
8287
5214
7834
3660
9449
3653
9741
178
4307
5752
7597
3844
3308
2682
1345
5944
1247
1965
1656
8005
8923
3185
4990
6546
3346
7708
3711
2169
2616
1813
867
6722
5775
2884
8401
2805
1313
9308
5217
6367
4511
3959
3510
3562
9668
3871
4503
8631
8950
2552
1184
1834
9208
7552
5900
4741
5671
9490
1310
1068
546
7185
8908
6071
346
4024
7250
5672
9655
3330
6798
1383
6989
7106
8417
3162
9006
951
341
6998
47
5342
4486
341
284
5128
9136
1895
7758
1640
2465
2049
3011
8771
2903
8700
3454
9846
248
3651
2971
597
6043
8051
5941
4736
7272
6212
3569
837
6290
2644
2737
1064
8926
9414
5379
4683
2216
4831
5379
6183
803
2848
3495
5095
9562
7035
1084
2222
8398
5289
5681
3238
1571
175
1232
3351
7379
9594
8785
6362
8606
1675
7464
6456
5001
6941
9768
1792
9415
310
788
9655
5637
9191
4301
3443
9394
4975
147
6881
3195
3878
9703
6620
9771
2282
3274
9058
6654
9876
6579
9378
3617
2464
8057
6406
3611
1940
7060
5471
8425
8948
8928
4017
6570
4687
6721
9348
3178
669
9773
5787
4223
1180
6287
1888
2390
8885
1397
7399
5886
7963
6306
2926
2759
1194
3917
5239
2171
6557
6485
3240
6757
6606
2065
2209
7600
9865
6221
7988
6338
5285
2835
6341
1310
4154
3025
6949
7285
937
5308
9341
847
8261
5833
9339
1867
6046
3962
4951
3661
8061
5151
5436
9130
7994
1841
119
8766
3153
6596
6432
5045
3393
3857
3953
9098
5969
1394
6698
7003
7360
1634
1638
1195
4042
3621
54
6308
4517
2973
7938
2280
7618
4617
8146
3729
9956
7718
8962
7467
276
3282
5795
2240
7215
4547
2864
6709
6023
2315
1367
9356
8763
3782
9587
1153
1474
7846
127
733
6880
5517
4986
298
3459
8964
2471
7934
6616
701
5640
3921
15
3626
6378
6627
7018
2275
2463
9943
6933
1638
7173
5726
3711
3771
7707
9867
5650
6313
6342
4669
5527
8754
101
3986
2901
4554
8126
5318
5342
7722
9043
7054
1338
7984
7740
8121
9949
5630
9640
4919
468
3393
8447
7821
1910
649
1499
8177
5035
5865
4245
1171
9742
6919
545
5552
4536
8993
3706
2343
6515
5588
6077
8557
8012
1988
117
10000
7624
2694
4230
6565
9435
8039
5357
4981
2499
8652
3195
7141
7345
6970
5209
3514
21
521
2623
2965
7491
9843
2607
3068
9311
3209
4922
4902
8204
4855
7755
3961
5635
1889
1614
8727
199
8971
8183
1886
6187
733
9201
9567
2043
2624
5093
6086
9693
527
4431
6892
5847
5334
9212
5246
39
8119
5137
154
3848
9296
7752
7534
1812
3721
4786
2893
2145
1666
2166
308
416
444
8210
588
6257
3050
7047
362
7797
6457
2868
8029
6024
5036
6231
2831
274
5232
445
5933
8491
8714
595
1973
4731
8270
5327
7135
1964
4411
7508
5892
9859
58
4205
6698
5252
8554
1542
8826
6895
393
25
7359
1627
557
2977
9666
2573
3383
8355
6837
4399
1663
4451
9103
5736
626
8065
993
531
3756
5342
8528
9254
4347
8297
8060
2282
7354
4598
7759
8508
146
8170
5732
7234
1493
9724
1762
1328
4024
9243
5099
210
6428
2993
1997
2323
8537
6692
4772
2918
4087
1828
8377
1744
1868
1571
6529
1293
6007
6968
9355
7784
410
8996
3605
5115
4512
4443
9243
2771
6341
4986
7860
6833
9982
8565
7044
1515
8019
2406
757
8125
9584
2588
5803
8268
2891
7358
8419
3449
7644
0
139
7628
9178
7204
672
6198
4094
5968
2858
8901
6963
6257
6786
1832
8461
761
4124
6640
7502
7771
4801
5235
3882
265
3879
6436
8355
1033
8414
6572
4846
4803
6688
8106
5249
1576
7971
9660
1474
5440
4405
5310
3951
420
5455
4357
5658
3678
8726
7526
6168
8355
9942
6445
8106
5399
173
2850
7882
4992
7378
2383
8842
1389
5914
2471
3949
3506
7536
911
6059
1632
754
6661
8166
7578
800
233
6768
6033
1916
5020
2223
9632
3519
7368
8392
9133
9564
8015
5911
1693
5997
8220
6043
3035
6422
4074
2767
5466
6621
7635
771
9010
3958
8075
9562
5174
2045
9324
8094
7109
4191
6242
2026
6889
5687
9651
5409
8146
7875
9275
1214
8533
1800
9876
8869
4788
5825
4210
9709
5932
8400
3032
7150
8318
3782
4234
7864
2389
2259
1011
3276
9662
3322
1421
4970
3116
6528
559
3384
971
4976
523
5230
3726
626
4074
3617
9175
2862
6401
4633
2970
5126
8737
8575
3481
1203
623
2317
4738
629
4627
3677
8437
3229
5660
422
5842
9571
9302
7359
4418
4163
8271
8039
5824
5360
5183
9078
6440
2457
1048
2808
825
9289
6656
5434
4729
6099
9821
9963
4748
4153
6224
3996
6855
4039
6395
6567
2514
9488
4555
216
4629
5623
4653
5521
9376
6215
4497
5801
917
4560
3159
123
6716
738
3652
2252
6149
4227
7594
9700
3150
5185
5812
9976
5741
7937
4792
3005
7014
113
7615
245
1123
4570
4216
4390
5784
3810
3390
6323
1567
9826
9151
7973
5986
8772
7994
6085
4469
6321
631
5611
9472
5473
2298
6044
6276
1988
561
9746
8094
6359
2947
5185
6608
736
5409
1289
5088
6514
657
8026
4122
6498
5930
5958
4542
5029
1648
262
4020
4994
9095
2803
5134
2316
4621
6885
9181
8601
3052
2818
5127
5937
8228
2184
3563
1941
1126
1750
3820
8980
9343
1687
6570
3785
7572
7894
414
1551
8617
1705
1504
4436
336
9019
481
6120
75
9349
5525
3266
3575
3974
1239
1514
1968
8762
4578
9138
5632
6077
8890
8933
6953
5172
7568
7226
2108
5467
397
4607
4021
2037
6014
1168
4207
5859
8787
8415
4338
7533
3847
3547
184
824
6433
2402
3665
7694
4177
5445
7258
3983
7619
2079
9432
4054
1495
1385
4347
7702
3230
6118
8329
3613
5432
6553
9138
8562
2066
6953
1075
6861
8617
2030
7588
376
8237
6478
1892
8959
8169
2707
8620
7828
1289
6236
2283
4988
5976
5418
3427
3792
440
657
4677
5925
8423
5805
8843
7267
2201
3479
6159
353
2967
3689
9668
4753
6266
6163
6126
5528
6685
2039
9254
2192
2839
3319
8419
5936
9798
7647
8199
3469
447
6563
3696
8740
8632
193
6228
6715
7693
1817
630
429
8681
791
1285
8735
5266
3077
8314
6362
838
6610
2980
2196
413
2189
3035
3103
1650
7842
5092
4712
4691
8445
8901
3342
6968
6104
5357
3824
172
8022
2068
4840
8815
7738
3683
1789
2601
9697
9691
6916
2489
1754
8410
1575
669
3321
28
9564
3888
9011
3656
9595
263
1905
9080
5164
5896
4912
392
9269
143
5835
8290
8136
7285
2792
5
3908
7648
1195
665
2162
5908
6936
4744
6901
9617
3499
6769
1019
4546
6645
9603
8502
9355
92
4045
6235
6766
4660
5593
1235
4564
5637
5066
5379
6343
4404
925
1945
6907
4560
6646
6759
5333
7973
9347
2532
1939
697
6050
1893
5144
2189
6837
1498
9559
4769
3672
2517
4490
3338
6829
5331
8799
4492
807
6668
4515
5552
9546
6673
406
6079
4610
2892
1240
6626
97
4789
1394
676
231
2908
7165
8126
6323
8527
9902
3145
1732
3376
3582
1083
515
591
3982
4616
6914
3661
3221
2087
4155
9434
5024
4898
75
3791
8472
5033
5441
8857
6806
5105
8684
2669
863
3699
1641
503
1873
7290
5083
3986
8082
4350
1101
6014
9508
2349
5068
2683
1935
3932
8919
2572
4243
963
5351
9362
981
270
2751
1296
9681
4250
5382
7723
9371
5790
477
8801
211
8330
6022
8958
9089
5745
8573
474
8402
2424
516
3410
6997
4451
2624
9439
4156
1642
6516
4020
9081
4098
1122
3186
8929
9098
8830
7563
3467
8528
1726
1983
2855
6402
7946
6699
9654
717
9293
8953
9923
5397
4790
9103
9742
9531
7094
3391
1266
6055
9714
3005
1445
8495
3334
5473
4079
357
5737
8381
5255
2182
5389
1361
3549
1208
3280
2414
5588
6426
5934
3397
200
2021
7753
4314
2460
491
9764
8956
8114
1827
8323
2905
4040
8910
1706
4961
9711
1013
1411
4684
1462
763
8405
2629
2920
3005
4799
1328
455
7040
9471
5894
3191
260
1770
7036
4741
6600
9295
701
1817
450
4320
6511
6668
3460
1877
6025
6635
7813
3032
655
1268
6647
2761
2611
6037
8237
3227
4925
9985
4943
7320
702
4535
5136
6424
2956
5071
691
528
3316
5592
2940
5698
1292
1715
2458
5642
3968
8028
4091
7446
7200
149
8872
156
5473
9564
8920
3558
9294
7951
2103
8953
5600
9347
6432
7116
3380
1071
3475
4988
5817
1878
2396
9752
9376
9047
2536
7398
135
4661
8790
9794
5852
4702
8108
2047
6977
5195
4907
5061
2611
8652
1657
4766
5282
8230
9340
2659
958
3023
4754
2097
6950
8938
190
4745
8450
3073
7702
5596
2104
7974
590
4280
9021
9934
6761
5871
6659
9780
4253
74
8641
2688
6674
4078
7032
7382
7955
7343
4420
4796
7719
2058
1762
3551
4224
9273
1493
5094
2023
4204
1254
4777
8153
7697
3569
7680
8211
3061
5133
3732
1341
4731
9435
2707
83
2
7677
1728
3669
1497
5021
7793
4485
1143
268
8686
3740
8439
2037
2788
4143
9884
1506
16
8290
2997
670
6308
7994
7114
7709
2081
7768
1696
5742
5996
7657
9948
5162
7662
5988
4241
7986
8539
2167
3541
1248
9163
5980
4470
3274
898
5914
4280
7893
6902
6887
8704
8717
1553
5982
4274
4801
5424
2290
9605
6156
3929
987
935
1317
6258
2707
4739
6445
6641
294
3992
5547
4360
7949
1935
1135
4912
3493
6788
6205
2130
9294
1824
4213
1506
9512
6782
1856
8188
2717
3122
1908
1190
1432
8379
6013
377
9492
7967
9373
2222
2730
6890
8301
4978
3009
3666
9080
8644
5987
8354
1430
4488
6702
7312
4487
1066
6395
1462
8816
275
6950
434
5804
530
4876
1098
5518
6353
7949
3696
4005
6571
8299
577
3185
2366
2650
1075
4774
3121
1005
3706
6601
744
4441
9341
3609
5726
4730
5808
296
7920
5363
3603
9854
4931
5756
5379
8617
1422
7392
8059
4458
7593
26
4233
7110
5067
1947
326
5807
2828
9569
9190
1131
8982
191
9933
6475
6808
1179
5133
6532
7365
9850
6456
7542
366
9442
2803
2389
1997
6156
5927
4911
7986
1998
7653
8808
1313
6193
4206
4065
7080
6935
7846
6889
7764
4502
2154
8072
3559
6191
4935
1322
1294
9880
6149
6008
6364
9068
2205
970
6307
6878
6735
5671
6773
4461
5798
9231
8614
2154
8880
2965
5043
4798
7910
6520
9590
7808
3043
3923
6575
8833
5082
9056
3924
9559
9496
8392
1320
50
3122
7542
4422
7903
8250
5858
1858
3412
843
7959
9424
9540
5277
4724
2558
3855
2334
7196
4444
1605
3527
9503
1834
8111
4040
9055
6461
6049
7109
7786
8291
6802
7155
999
8485
1735
3476
8368
3579
2245
2256
3868
5910
7328
1249
6714
7005
581
8715
1624
5019
4160
907
817
3148
9929
6761
4953
9251
8283
947
2687
6272
2717
5426
1101
7793
3827
7837
4763
9100
8191
269
6247
6631
1461
2653
859
327
9005
7299
7058
3730
8240
7005
5923
3037
563
9979
2973
7877
6470
9033
1469
4023
845
7691
240
8539
6491
2444
6243
6038
6735
6636
393
5708
5229
1323
4806
5276
5293
4504
474
5735
5378
2053
4637
1730
7905
17
7235
5578
6736
288
9128
2964
6493
6742
1871
6155
487
6720
416
404
9795
8630
3951
6122
4427
5321
8423
9130
4576
8739
9143
2066
2895
6804
6160
511
3893
9587
4242
5870
2722
4942
8517
4907
7117
7878
3586
1529
5256
6512
6192
4753
5753
3957
4901
9063
9840
2693
2071
499
4890
6833
1665
8380
1319
1961
4071
5644
1429
9166
3031
7902
6769
7838
8495
1795
5457
6849
3625
8565
8960
3377
109
6507
8643
4512
2364
8870
8840
7378
8521
9382
4926
542
6579
23
6535
7568
3092
8096
5831
4746
6901
8013
6415
7205
908
6559
7123
8774
7256
5492
84
5501
2627
3196
1417
6040
491
8834
7815
861
5596
7144
977
420
1640
6747
8193
8972
9380
1672
9908
3643
5494
5326
1465
775
2676
8957
9148
5850
1524
3522
9940
83
2762
6075
7256
2521
8975
275
2108
7747
2222
9053
682
6897
9878
3488
4890
6497
9162
5109
4895
3478
7733
2422
8182
7598
3859
9072
6949
3257
3055
3277
7096
9536
8604
9920
2472
7788
614
2644
4644
2920
6862
539
1511
9645
7061
4716
9261
7566
7742
5553
7143
2746
4426
732
4453
8104
5264
9850
8957
8846
5400
3389
2995
561
4039
4068
9292
6914
7433
9925
5440
2817
1104
8467
5591
3757
7797
8980
8744
9518
5147
3302
1626
5910
2631
8476
6220
8015
926
829
9212
1998
1021
6243
9194
5061
5281
663
2899
857
3213
8863
5734
9306
8283
4776
6600
953
4011
5615
5291
6745
5806
9704
565
7907
8239
1347
6013
7383
8079
7309
4487
1732
3651
1764
7140
921
9947
8097
1674
7811
2337
5989
5541
9404
287
487
7266
3178
4784
1047
101
9385
5461
2138
8170
4159
8641
5444
9182
1613
8382
6092
7334
901
7542
2741
6006
5305
6479
9135
7686
6723
2900
2240
4141
3388
3421
6179
609
1468
2018
2039
5289
284
3997
2628
1922
3894
967
6271
2140
2901
8889
8263
3671
9183
5431
6211
5704
2910
736
9041
7435
7435
8940
0
5840
7906
1635
5607
607
6215
1222
8584
3565
2684
5282
4143
3496
4580
9807
4016
6199
3195
8962
8766
9329
6789
1354
8642
7308
4588
1674
2856
613
2110
7057
5483
3515
6475
6261
9186
8264
9746
5397
228
6142
2236
2764
4982
272
3631
2407
8571
7689
4350
9773
3947
3953
4778
8390
5214
4484
4006
6659
3721
7720
2166
6117
4578
5039
4587
7069
5827
5955
7889
8377
6824
9953
6526
2520
405
9570
1687
9943
7646
7892
896
9348
6285
6810
7561
2952
1965
6319
5547
948
8751
1708
4197
6014
9759
494
1136
5856
4656
7662
7436
8851
4043
6367
1021
64
2832
6407
7856
3891
7234
858
2592
5651
8061
3379
1752
7952
8415
3574
533
7487
1902
6971
3143
9921
7987
3673
5113
3617
9720
9626
333
1897
1733
2984
507
5406
6193
2393
4378
1666
8406
3188
7594
2635
4358
2602
2030
470
3293
1616
3417
3652
3197
4887
4701
9817
1772
7487
807
957
412
2377
4684
5948
5937
6947
1447
1082
287
2042
4832
3332
4445
6726
7388
9167
4484
1144
9473
3643
590
1114
3729
7823
7449
8941
2501
9124
9276
269
523
4198
1429
29
8398
9534
8302
4415
7617
977
3386
9196
6603
5284
6613
9944
321
9061
674
8499
5711
5085
1601
4035
9515
364
9293
9502
1199
9428
8223
3284
8102
713
5734
5267
9105
3866
8078
3512
6753
123
8533
4676
8686
7935
5892
5022
839
2484
9842
1003
5582
7719
1814
8260
6916
1006
325
5175
5224
9339
4436
1616
4240
7256
5307
8795
6889
752
8558
4664
4479
1123
1772
653
652
9771
1155
3985
150
6062
881
773
243
3368
9685
4411
4344
7326
8699
3505
2502
3007
7153
594
1944
2133
5455
5306
3756
1697
904
9989
2454
3074
2682
4951
9136
7759
86
394
4627
3927
2314
9450
6052
8886
9885
8443
6878
6719
5281
4811
3449
8088
3814
5825
6152
9076
734
5399
2932
5339
1942
7093
7625
2053
2160
1289
4021
9694
952
3102
5287
6871
9807
7286
2206
6212
8936
2956
7772
1955
3853
3887
4100
5413
6433
20
9225
7928
6545
5379
1615
4110
2366
8123
3225
35
8539
3662
5205
8868
5402
8810
7928
9935
6997
8022
8346
1711
4600
1848
8767
6861
3247
4126
2059
1349
7810
2960
904
7353
9621
2954
5111
7337
1343
4519
4898
3469
8782
9142
906
7761
6544
5263
5783
4104
4580
6391
134
6551
5927
1890
1020
7464
7011
8577
9076
8504
8970
5548
8649
1654
8505
2747
1287
4948
2145
1978
8313
8882
9167
7619
7611
8313
8780
1685
8424
4268
6865
1972
8589
1047
3689
6494
9034
2200
3126
1135
4928
7961
8268
3114
5168
5010
2901
5718
4902
1790
2202
1036
7028
5386
9268
439
3521
99
9364
2578
9085
7107
9463
404
7641
2328
4838
7405
3089
880
594
9710
998
1346
3188
6805
9340
7253
723
4086
4726
3214
4896
6092
5551
7989
2420
9442
3898
6593
1628
6741
2595
1008
7209
3893
1664
4791
6843
5824
6900
703
7739
7585
556
4575
860
2454
4202
7506
9902
4902
2809
3897
9606
5393
728
652
570
8802
166
7094
7220
7937
2314
606
9815
3630
8060
4468
1131
6918
8950
2246
6024
5868
8908
7494
3984
654
3963
5148
6760
9141
2128
1998
8043
8036
8641
4214
8783
3367
490
6543
4164
4735
4517
3330
5114
3623
1510
3341
3021
7054
4462
834
6559
164
1288
137
8414
5737
1392
2547
9532
8294
4954
9284
9251
1126
876
6939
801
6837
5454
5167
9628
7081
7369
3966
8950
5684
192
9702
8855
8881
9723
5139
9020
2702
9290
5023
8828
7447
573
2448
1890
4442
4848
7600
8971
5830
1889
8687
1706
242
9087
3252
9248
1843
6651
3738
8290
9906
1854
8264
8358
859
1470
1863
4460
3125
1090
6568
2844
8189
8363
5042
2391
6145
1417
7352
301
5335
5955
9422
6888
3169
3028
26
2188
8710
6002
6305
4277
7106
5711
7910
3916
571
1900
5854
4820
6108
1296
6530
6417
9533
8394
2942
1216
1171
724
4227
6703
4856
4535
4527
3627
3303
819
8956
6901
9973
3302
2079
3255
30
5820
9108
9695
9634
3695
469
4164
3602
7573
8223
3971
8939
6444
3548
6079
2634
594
7873
2557
2668
6866
5049
9431
8135
3651
3053
4495
8873
396
5210
4033
6013
6915
2004
3808
8370
3192
9489
21
5359
3414
8136
9406
9735
7858
5983
9235
2249
1589
7226
5868
948
4144
2162
8862
2377
1161
1055
4082
810
6588
6087
6300
6984
4389
1750
4969
4434
1329
2037
6404
2878
2488
1164
3550
1117
2262
70
4166
7082
1237
1745
8472
7817
1082
8320
5085
5051
476
361
7961
435
3525
5098
2166
5002
7024
3927
7705
5578
3691
8510
5128
2691
4548
9073
6710
5875
1557
6068
1791
9804
9308
6833
6129
7225
7032
3994
729
3827
523
7953
7641
8814
3328
1698
8104
4333
5187
8005
4513
8937
374
1003
5566
9176
4742
1726
3370
8050
1261
6063
1645
2358
3309
4498
6159
4890
2334
7100
4455
1518
953
6973
468
227
2665
1928
4288
3828
5306
2530
5520
1555
1025
2432
1508
6253
4001
2203
7362
1426
8623
4258
8276
4304
2858
6113
643
910
2250
4249
1913
6318
1809
777
6368
6677
4884
5510
7867
4813
2215
252
7470
3032
523
5348
4756
72
9466
7566
6759
9869
7795
2565
3870
8409
1798
5522
1715
3748
8747
7113
2155
4394
9040
5210
3290
7874
2246
2850
6363
9112
7281
3066
551
1461
1550
6317
9376
9709
8664
9737
2293
662
3958
5511
3796
5559
4906
8143
107
9727
7398
1958
8035
7891
3317
2842
5232
2066
8551
8818
2067
4407
8722
8139
3551
6008
9598
133
8574
9680
3978
6882
333
3161
6478
7105
57
984
7963
618
5067
6822
2738
5143
2570
4837
9061
5017
2132
1732
9130
5730
9164
9137
139
6472
7900
2468
1328
7967
9812
2740
9133
2434
7465
5174
5062
3299
7022
2048
3071
4771
2553
6456
8150
3566
4735
9052
1747
5104
5527
4192
2891
2423
8404
3496
6134
2256
3132
1201
112
7835
1548
5916
3216
8985
3485
2698
9558
1589
3169
7456
9711
4472
7411
3304
7310
8313
3772
7405
1880
9832
4688
1789
5254
6836
1081
8562
5682
2990
540
658
8316
4179
5983
2768
3796
2191
5108
34
5061
1354
9222
8972
5321
2516
5988
7011
6536
2853
1687
8874
7787
3429
3030
2052
9586
2207
7689
3107
4613
2818
3519
665
7301
897
5007
3599
2596
2107
1426
5988
3432
7908
4375
6423
2872
4887
5153
7785
5006
5091
8267
6781
2722
809
710
5446
6456
3211
1896
269
8279
2582
2675
7738
1077
5315
9889
2316
2551
1742
2539
8454
7359
2484
6284
8914
9008
9850
4326
6047
9331
1328
4041
5826
7171
6605
7623
9732
7433
8455
7226
7768
2798
1541
9807
6285
339
7891
5667
1738
8642
1456
2738
480
9355
7895
1625
973
958
3068
7971
123
6382
5043
2907
2405
970
1738
5991
1992
638
8421
6761
6743
1266
3531
6407
8592
7655
8901
9
6514
261
2113
5087
7248
8688
9297
9944
2362
4084
6022
5995
6175
9134
2877
783
4375
8676
4527
1493
633
3320
2362
6851
8603
7220
6190
7431
1419
6564
3437
5983
964
7793
3688
2080
7447
1095
9042
8283
2996
157
986
7367
9158
2739
429
4148
2498
6114
7836
3155
9255
2031
659
2732
8250
5632
8848
1055
3709
7387
6543
8352
6292
202
8976
397
3653
912
8407
280
6913
799
7959
3476
3724
2911
7981
4666
3991
9663
3328
4500
6762
9807
7731
6866
1739
8228
9171
9006
418
6569
1149
591
4019
332
8430
8409
9005
6444
7289
7772
5988
6933
6148
3305
9866
1632
3764
9899
7295
5038
7636
2107
2794
8242
6212
2297
7964
7699
3332
1988
3546
7603
3712
6720
7981
2781
2200
9162
5265
7613
9885
5731
3160
6773
2794
1210
5910
4425
1198
9433
2790
2975
9890
4455
3511
2262
4057
9856
2927
39
7522
9648
4815
9050
1740
4535
1416
6744
3435
2582
3249
4474
1471
6352
8387
6289
9077
2652
4483
5867
7407
3716
4365
7116
1018
2839
6898
1607
1072
2466
6826
2813
4308
8225
900
7172
7135
2633
5784
6823
9500
420
4881
3538
2028
7787
1955
3538
2326
5794
6896
8632
5261
4711
1817
4999
3600
8791
2478
3839
9921
5584
3535
4803
6352
5313
6637
6790
3772
4132
2854
3212
4712
4371
4426
4639
1895
693
9813
1858
4159
7614
6008
7921
5684
4830
1255
2365
2391
1801
6255
181
6615
5747
4095
1256
9014
7053
9750
8767
3483
6194
1662
4620
1057
3551
3851
7577
2251
1472
467
2534
3805
535
8610
3672
6181
105
7565
5056
3692
5291
9653
4899
7758
6434
2094
3198
4477
1256
1284
9458
5771
7527
3877
3937
7048
1678
3482
2550
5399
4010
2474
3948
6556
1616
4239
9551
2682
6374
8848
5219
7582
4231
6794
6361
8131
373
8949
7922
2799
107
7847
1956
5164
8513
6045
9684
6157
212
5212
7578
4231
1375
7304
6844
6296
6227
2122
2976
3921
9691
6639
2320
1385
6184
7422
2828
3152
1865
8357
4737
7069
5016
775
7064
5351
5909
558
4207
653
1489
8860
9794
2729
2673
6021
9946
1662
6711
3802
8999
5675
1799
6942
9793
9439
2061
4293
6188
6425
3700
6209
68
2838
1353
355
150
610
777
7191
3281
9612
4259
4480
6035
1738
5977
3285
2195
5871
526
2149
5672
9766
8482
3043
2779
9375
197
8005
5521
7669
1868
1969
5728
6680
6381
8754
6489
5506
139
8789
9697
3632
4784
5476
4133
5716
1814
3380
7566
1589
36
7248
2343
3757
4635
5236
3883
6309
2449
4461
3138
2816
2689
5204
6050
8760
6511
1198
2809
8674
2040
3687
2558
3574
161
8030
5149
1274
5770
5378
4622
9729
5707
5287
7375
892
747
6797
2262
9709
895
9505
6059
840
6852
1813
4742
1055
9693
7502
1985
7735
8998
8811
1230
6936
8451
6904
3546
8693
7317
4267
8024
5105
2335
2135
5790
5632
6829
3373
1458
9386
1221
2366
9805
7680
7386
3171
2780
9212
9533
2169
9806
1466
7334
9949
3957
3184
8181
4080
3779
3213
5888
8223
6214
3894
203
8082
6882
8969
5150
6038
5182
4733
741
4244
4313
5699
7271
4361
9618
109
274
6201
3158
2993
9776
1802
1825
2719
4929
6253
4181
9434
2534
5769
9363
6513
9734
8497
5905
3594
5942
1167
7935
5919
1122
4170
6889
6887
7109
9024
3381
7338
5429
1098
2021
1967
5729
8614
1047
6805
2498
8238
8544
1561
7396
2764
3567
2370
1215
2125
6105
815
6184
4103
8172
624
8569
3488
1490
8833
329
8378
6274
3355
8324
5201
8486
5459
2363
4587
365
1344
5767
7233
924
7859
4682
5268
5398
2839
1366
963
8777
9567
2140
3447
9494
2692
9704
5600
5267
1069
4611
432
9823
2948
7798
8343
6884
904
1373
3835
8105
3407
6794
4162
902
2602
7806
4918
8792
3575
1687
5627
9451
8642
9669
5660
90
4109
5156
4625
7031
1182
1316
2851
6343
294
8258
4283
3361
7843
1590
3409
7080
9897
7837
7823
3967
5511
2693
6721
5522
3455
6587
8403
3192
5855
3166
6155
1713
7642
6290
2042
195
2798
7147
5813
1673
4074
498
2602
8926
9559
1073
6353
2548
994
570
1869
5253
4128
3789
3530
9218
6232
3672
8911
3762
5726
7417
8843
341
1437
9973
7370
1908
7145
3759
2143
5749
4099
9509
9520
3860
9306
2116
8302
932
5032
9317
2579
5180
2331
4481
9479
9770
1079
1905
2850
9980
6894
7752
2156
7139
8262
5428
6189
6591
9807
9179
2858
206
6554
6736
3322
4005
4325
3518
1040
7165
721
8155
8736
8427
5011
2977
5778
7522
1927
3699
1454
5833
9212
9523
7478
3240
349
5
7920
2313
2630
3484
7185
8555
5560
2773
4750
5239
6602
4135
8947
3587
6770
2322
2312
8473
1370
241
1845
5709
9092
8105
1290
6092
5221
810
6056
7727
2226
6206
2874
4556
8998
9749
4259
6492
4901
8392
8269
8352
9644
5622
5121
5687
7057
8446
800
8296
3524
6542
4285
3726
1991
5805
954
5571
5852
1471
1785
1994
1128
9023
6005
1472
3759
3792
1662
8170
2483
7787
800
4153
9513
2985
6100
4498
1218
3685
6401
6348
6304
7412
8328
7894
3003
3702
8839
2822
3173
8720
5636
750
9292
4638
6406
8398
6319
1305
2141
9451
7391
9825
6980
6050
7504
2769
6102
9768
1550
3378
3491
6278
6094
920
3984
4846
4306
6008
5950
4552
153
5875
9634
8643
4494
1268
5746
9930
1907
2184
2578
2418
2653
9289
7470
3638
5520
5971
8650
1815
3220
9295
2790
4497
8934
1612
1432
6737
8271
8330
4398
9592
9947
9221
2914
4208
635
3995
4733
2563
4675
92
2807
3621
4456
8532
286
744
3671
7513
6430
7131
5029
4818
1566
243
7677
245
1651
8282
4586
7477
8889
2011
4976
8724
369
1357
9458
3405
409
5145
6700
5508
4624
8132
3441
2367
2476
8912
8527
3253
6334
9992
5607
6806
1436
4037
4810
5455
8050
3865
6483
5272
3087
3343
417
6400
8918
3047
2645
8666
4666
1758
3483
9506
2385
7201
3650
6497
966
1686
8760
9078
5179
4974
9394
8958
6531
7697
2214
8592
7401
7139
2189
3361
1746
4257
2207
3616
1865
7114
9126
2103
6219
1821
3576
3361
3746
2886
1702
6887
236
7296
3423
6186
5217
2925
4783
7252
436
9744
9626
9972
7276
2895
4188
2250
1128
9033
9279
6864
5658
1785
8532
7473
8439
997
7210
108
6612
2123
2580
8312
26
927
1624
1249
5221
6659
8133
6811
7009
5912
8818
8642
871
2577
9924
8898
4251
1834
1198
6339
8547
7836
3694
5174
8709
4417
641
7955
8361
9338
8749
3468
6763
5258
3537
8329
4262
564
6478
9701
5751
1357
2496
5380
4506
9133
3124
4513
3137
8114
2949
4414
9176
3994
1738
6506
4936
7201
104
7900
3831
6267
3800
838
3992
403
4368
9727
9916
8044
4570
712
5436
4781
6717
8818
6323
1769
7462
4050
3524
1190
2463
2667
1351
3238
4781
6082
5006
275
1821
2574
6534
954
4526
1697
734
4142
5514
7456
8959
890
7484
7392
358
6765
1979
8263
6469
8728
7336
6917
8695
6752
3556
222
5039
5647
355
3213
2358
2209
3620
18
6410
7862
2338
2123
7165
4139
765
344
3013
8902
9583
2182
2180
9011
2978
1300
3484
3741
3034
3083
4543
3259
4688
1787
3226
9164
518
4672
3811
1550
6695
280
2559
2411
3795
5552
160
8040
3773
9498
8780
8667
5804
5832
2754
7326
5255
3301
4107
6797
6240
8292
1829
1152
4708
4214
610
1773
4825
2370
9622
8585
4904
7680
4711
4410
1117
8627
3658
1796
9750
3505
8368
9758
6543
4590
7957
9204
5355
1522
1336
3988
3731
2305
9500
178
6208
2103
6809
2408
1333
862
6112
3722
3017
9147
4497
7691
4345
7511
5992
6533
2612
5855
1273
2209
9856
9168
42
3886
9124
5044
9989
4730
385
7002
843
5081
4859
2000
7843
219
2855
8663
7908
6135
837
4558
2112
8412
4583
1357
7041
9497
1307
9144
9807
4415
479
7696
325
6828
1801
8238
2539
4300
353
2681
4824
8090
6002
709
5565
5313
500
4817
3589
1692
2661
5838
2883
2221
2037
9576
3236
4914
5795
6095
3695
8858
5764
1496
7201
5967
7058
9826
2678
9180
598
3196
2766
2408
5334
4971
7592
4374
8053
2584
2637
5424
7987
7010
3758
4170
1315
9741
8992
7384
862
7250
4649
1660
4052
7469
7155
7202
4479
6050
7626
5892
613
1632
4320
7803
7927
2026
2394
5653
7713
2043
2471
7824
7137
1136
5703
1337
6521
8343
6414
6565
6109
3361
6627
2744
6631
6078
5559
5497
2160
6083
5913
1134
1359
6928
3944
3616
6333
5450
6040
4945
5583
7650
2846
5629
8724
4597
1574
4702
6547
329
1983
3330
4978
5608
7889
4063
8406
4804
4607
5655
8204
7451
7921
6508
4885
2446
6595
3979
7838
8861
1181
4189
5765
6193
1937
9252
1173
5155
9668
5388
2915
3467
7992
8875
6722
4082
2833
7756
6315
4698
423
4500
733
7555
7860
2578
2013
1781
35
809
5208
8660
2417
4059
7012
5551
3054
6902
8525
3528
5472
9334
1169
1689
3402
1320
9316
1344
6056
6448
4065
3900
7517
3933
9964
7725
7640
7140
8045
4070
5496
6267
6348
7076
7803
7455
5157
9933
2383
1887
1274
2496
886
9768
3142
5083
1943
1357
6086
7708
5173
7774
8738
4961
5855
6760
6458
346
896
6240
3339
1316
4334
5684
1074
6795
1356
7509
8154
3938
2466
9015
4386
1585
6086
8199
4187
1360
6722
4697
1914
8374
1740
3327
1920
459
4142
9966
4711
5239
7917
1139
1677
1790
6207
2813
2215
9283
469
2392
1432
3502
4174
2110
3652
7179
5930
6874
1513
7714
970
5387
430
1738
3164
1512
4970
8712
7904
7674
2234
9072
5892
7500
3942
7488
2729
9229
4899
7733
1783
5527
6705
9149
5738
8321
4670
248
8529
8031
4012
9873
1429
5864
6301
7236
3717
2068
4243
7112
1920
260
8034
4299
6486
4448
6115
9836
6804
124
504
5147
6690
7824
6236
2344
2993
8479
688
4756
1696
9204
4
374
7206
6683
3249
7842
1369
2480
3027
9910
1911
3760
9480
197
6115
793
7975
8862
8132
9053
6054
3706
3178
4995
3639
3686
761
5328
5955
7837
969
7656
9806
2189
4692
6138
7827
1097
6933
795
3284
7360
7120
9573
6261
9701
9048
1259
2298
6172
167
5740
5276
2380
2482
1260
7221
6748
1424
815
2035
8355
653
3468
6794
9603
8461
2262
1600
3398
3679
8244
5998
2835
3498
8146
1998
9728
1246
5099
6985
7913
6240
1125
2950
1739
2072
1239
3295
3195
3380
333
425
875
3606
1614
5422
5902
5721
3296
3566
9285
3308
9054
825
6750
1536
88
7433
724
5175
8458
2928
1366
8645
767
9045
9642
4018
8345
1487
1819
1662
8470
8099
8514
9395
2505
4115
8877
3535
2356
2839
6906
8755
9448
7158
8323
6270
5807
3650
7031
9400
4721
9006
1128
9993
9656
377
8175
4598
1005
8521
8128
4320
2306
3047
2328
6728
3139
9736
8151
6191
8223
4259
2342
988
4414
436
6754
8337
4497
4909
2344
8610
5350
6309
1456
4973
5882
3401
7955
2424
369
542
1808
9606
8950
5317
7881
7500
7327
3604
4119
1875
7678
9632
3191
825
65
8972
479
8846
8833
690
8241
8163
9747
5032
1632
4073
9900
7203
5737
5900
6268
9418
7002
1146
5953
6810
3493
7785
1973
2595
4759
2780
8640
4893
602
2301
9800
6346
8636
4964
9923
9609
6222
3260
8673
9027
7728
8215
5288
4729
6331
1546
3830
2800
9567
2925
3296
9664
2104
9677
5294
249
1079
2234
3057
5905
2451
9785
2791
7414
9500
8074
3136
1665
3955
205
1694
9267
651
8688
3542
9544
2173
7051
970
1633
4519
805
9916
4969
6597
7181
9601
4002
3783
7778
8876
9098
2269
987
5005
1060
8486
2723
8559
7175
1071
2446
4004
8621
3682
616
2417
9151
9625
5395
91
561
6860
4112
5294
3556
4075
2762
3552
7328
8453
282
5837
285
3101
3062
8827
7504
7202
9030
9696
6861
504
593
8595
1472
6963
3374
6502
861
1325
6678
6791
7999
2910
5415
7741
5907
1051
8703
4335
1068
6760
4176
4713
1165
8866
8482
9352
8465
8641
202
4323
737
8333
4657
2217
36
1147
677
3031
1083
8141
8403
609
4093
3071
2189
4367
8600
6437
9081
8195
3872
5058
7552
898
1462
9345
7681
3457
4974
9240
6015
4604
7024
4334
2171
5804
7948
2582
9842
3507
1831
4816
6878
3754
1385
1899
5558
1895
6051
9675
765
4428
2998
7706
2145
3996
1788
9272
5103
3459
99
2797
9595
2438
3583
2793
5813
5987
5097
9517
5753
2302
8715
1247
7737
3920
5583
5966
8333
1453
1919
363
7820
4598
9422
58
673
4175
5867
5546
6257
5718
7620
3257
6889
8354
1026
6067
219
2133
3745
3419
1908
1964
2056
4617
2828
8496
582
4817
515
267
5604
1513
1801
3616
7227
5880
6613
6495
9191
8763
1030
6338
6500
8949
2270
5869
5480
8641
3538
8021
5986
5154
1769
6575
2785
7464
9819
3096
7596
5250
6916
3969
81
2349
7056
7493
851
8487
7800
5366
6375
833
5720
2291
4151
1153
6187
9608
1568
5906
355
1637
9854
678
6001
5326
5349
7525
7431
753
6035
960
3763
2105
7865
9564
4385
3539
3750
8679
3029
9666
3537
1383
2273
4573
7049
4948
4719
5808
4768
1633
6871
3190
2880
1780
9328
931
9018
72
7419
8818
9932
6458
7179
275
1444
7736
529
1601
2138
7738
2296
2405
8973
6068
7738
7569
4333
5882
7557
1958
8724
6780
9660
2378
2225
5042
4159
3752
973
390
5937
6098
6932
6831
6645
330
6736
1807
9367
4721
6748
5966
465
4492
5433
5115
5514
8426
2209
3015
8580
6696
8443
7177
9947
1146
5509
6317
2138
2473
6726
2864
1478
6993
2709
4020
435
6484
3802
3639
1862
7577
9640
2953
3080
659
2162
2577
4848
3826
8157
779
6025
1771
1732
1194
7904
1965
4027
3062
9389
5059
6817
2774
9862
3087
1408
4582
3998
9747
8385
4757
2943
1302
9508
6445
207
9449
1609
5573
5112
9489
7145
7675
4701
8897
6381
2624
5617
817
5170
12
421
1734
7092
2472
1772
376
6979
5712
8695
1279
775
5796
7694
8046
772
9296
4316
148
6235
4898
3330
1071
1998
4862
2292
2740
2139
9049
7703
836
4006
4885
3024
4218
9078
7852
1480
8908
9847
5466
8176
3621
4810
4698
6857
1061
472
7700
5464
9132
7961
5068
2408
1732
6857
8325
1648
4967
9479
8531
3983
4997
8853
8159
1405
2999
5185
9198
4902
892
8577
3025
9988
351
4492
1798
5932
5071
7790
633
3494
8912
631
6563
8016
7253
9890
6727
3405
3260
7353
6855
457
7950
2589
1054
4835
9669
8750
5715
4270
7582
695
5289
2379
4907
6248
6170
4860
9596
3363
8261
970
2979
1815
7529
7004
2965
9097
1864
3917
7524
7235
6908
1787
6176
4962
2307
2613
8560
5090
4287
8409
1366
624
9834
3753
3179
8688
1274
5626
8035
1756
4274
4697
8556
4773
6317
2432
4411
719
8684
6798
5596
3376
7
855
8177
8296
4064
2377
7804
5099
7463
1879
2707
5178
6265
2437
7683
8092
816
5430
2207
1342
4854
7694
1203
606
1938
6526
6748
4023
7628
7896
9508
3009
1903
4442
2619
2467
4501
1616
8523
5133
6772
465
2329
8658
4182
8822
8329
3430
2097
9850
5127
227
1390
4791
8344
8626
9022
1705
5150
4994
8017
3489
5918
6233
3097
5886
1334
9782
445
5307
8421
2149
6047
5393
9099
3101
4365
9752
7077
7148
8492
2022
9489
7861
46
1131
984
3070
9698
1759
8037
1385
9600
4323
9077
3263
4898
777
8754
3556
3954
3015
9587
304
115
6027
9596
2479
2269
1630
7017
8595
7692
7767
1315
9068
4572
9095
8971
9791
4036
8711
9478
3693
178
7901
3045
7597
8713
5231
7646
8986
2179
1815
9758
8551
4430
5700
8310
841
5902
5269
4437
2729
2036
8760
5752
9991
6321
758
9618
8900
3328
493
434
7346
9854
5539
5704
33
1640
7737
6258
5485
1631
8907
8129
7486
6962
5507
6902
6918
2003
9194
6559
5186
9512
7124
8292
3611
8742
1571
4174
2899
2572
9120
4253
1014
9642
9626
7121
9707
4871
6480
8393
9535
1022
6825
1705
5526
8099
7007
7628
2212
2945
5811
4316
2615
9626
8784
3153
7840
4809
8369
471
2878
34
9669
227
6905
4101
7100
3119
4800
731
3618
3192
8200
1715
405
778
1498
4277
128
46
781
7221
4840
2682
4265
9661
953
8974
2757
2074
4303
5171
6368
7609
7836
5802
6426
3801
6778
4667
2144
4904
6360
244
6437
6132
1218
7413
7543
6736
3219
5168
8019
3172
8571
5946
8690
8125
269
4878
6900
9438
9704
239
8131
4669
4026
2165
18
286
6974
6520
84
3301
3969
6281
5242
6758
1268
9118
9337
8020
6317
4733
1026
5358
7670
1936
5969
9509
2519
5725
7399
998
2632
5245
6894
9422
8156
2625
7266
5992
1881
4639
9220
4782
4089
9887
1937
2746
6135
3203
1884
6723
931
4041
1067
6710
5902
6888
7097
8028
720
971
3946
4611
5363
8497
8985
2909
5458
2276
6701
2721
3137
4078
455
6037
4451
9272
4329
4414
2968
865
6134
4566
1215
1046
9089
1844
1106
3885
6360
4177
67
744
1458
9997
813
6482
3577
7166
1898
5975
9660
3767
8301
6082
4307
6328
6206
1466
3095
4912
7542
3851
7737
7711
5609
9663
7594
4672
3462
6427
9687
1925
7651
9320
8891
8723
3810
6195
3146
1226
5018
1675
1516
8761
7681
7568
4488
2651
2470
3154
7953
2661
8214
9970
2997
7715
2703
8959
259
3623
3492
4611
9082
9554
901
980
4415
587
4995
5585
9564
6009
4784
9420
3139
1173
6801
7199
4989
7601
9108
9659
4556
2689
545
6738
1990
9823
8741
9412
7940
6935
6676
7590
349
2140
8774
6800
5804
5706
7790
8211
3591
967
267
2386
7535
6772
9250
745
832
9374
9721
8045
7430
8476
1222
8041
5822
8616
6191
4485
2785
6304
2693
5692
7719
3378
6135
8182
4524
6691
1535
2470
86
6859
5928
2251
796
1650
8010
3776
4660
1230
4464
2090
5190
2569
6530
5959
6941
3494
46
8788
9586
6149
732
3851
809
3384
2402
5993
9425
5498
5252
731
7818
1801
5538
6852
8930
415
900
2404
5348
4819
1704
9462
5382
5470
6740
9391
5159
4582
304
1407
130
758
9045
9791
5228
9520
557
8452
8575
1206
8153
1842
235
4065
7737
3570
4835
7168
302
999
6728
7544
8527
2378
8009
9020
6174
9302
1174
2167
1920
2657
2256
3339
874
1679
3493
8061
6894
717
909
5591
4558
5528
940
1323
9722
7863
9469
1309
8794
5137
8483
6234
1554
2574
2450
1001
7981
3046
1718
3236
7401
9081
1091
6049
4608
2870
1214
1414
3546
5588
4604
6025
3696
8017
3674
2854
3794
3696
5378
6206
3789
5133
4556
3061
1133
9755
6291
4142
6879
5143
7903
4718
3402
8337
84
9399
4268
7052
527
2189
5273
5899
2584
4524
1558
4590
7922
472
5060
7093
5023
1093
2208
1579
8882
198
8753
235
9664
6012
2473
6692
8585
3714
1934
2191
6107
1832
6868
5000
783
9363
9935
377
2606
5927
10001
3553
4582
3938
9386
999
5470
4187
8227
5898
5237
6941
694
7281
845
9210
9232
4658
3741
3294
1039
4028
8137
5128
9346
6565
7962
424
3368
3016
8751
742
4375
5051
6484
8682
1870
6407
9953
9583
8815
2626
4557
9666
7082
4928
103
7968
7574
6296
9456
8276
2034
5135
6024
2416
9451
6662
395
6126
1617
9012
7780
3211
3687
6460
1574
8009
3653
611
1033
1260
5768
7282
2823
5552
9559
6747
9413
3776
3017
6462
2525
8670
5670
353
2572
9981
3696
8955
1685
4560
1558
9225
2109
8998
6887
5134
4130
397
4499
293
6497
3027
3190
4940
8355
7233
3032
2868
2168
5671
9598
4455
1713
2884
4899
7902
399
7204
442
6055
4730
9528
6462
2186
8179
385
7371
4118
4465
6852
142
3185
8934
8363
2363
8519
1109
7306
4300
9532
3082
5878
465
9090
8454
8712
8538
3616
4557
8269
9036
1621
6670
3501
1054
7314
6648
973
8983
5884
5838
3070
5372
5755
1540
6976
9684
8606
6695
6243
9751
8847
8871
3769
3804
7646
4487
655
4796
6365
4131
2303
4322
1786
8326
7877
2018
5953
978
4961
8368
5069
374
416
3424
1803
8612
427
9838
5033
9418
198
8781
5039
7066
1286
5856
8722
7754
8606
6364
1510
1811
2101
9325
5211
6874
5102
3886
96
6628
9610
6563
9416
2508
7310
2676
4230
310
487
3438
327
2270
5555
8130
5323
5475
4254
3479
8527
3751
5959
4558
9358
9546
9188
9578
666
7159
9770
3678
4871
1348
2417
8497
5716
9188
2767
2131
5365
6791
8401
6484
4097
2769
1473
4907
7117
3865
5387
3845
994
9704
5337
3660
2632
5080
9191
6082
3125
3964
5208
4941
4185
3524
4894
6581
5045
6377
6802
7093
8774
7040
6224
4505
615
5644
2288
29
7311
6654
4576
727
5969
3810
7071
9178
3237
4268
7766
6619
9316
122
1741
4417
2144
2865
8030
5261
9558
6138
6661
3733
656
6682
525
7594
5363
7359
1303
5621
7439
9800
740
1009
2039
8912
3901
3003
1457
7415
5753
286
2897
7300
6630
1336
2525
5186
7858
6560
6634
5351
8760
2502
3336
6099
1525
1902
725
8476
6453
9658
8333
6763
5436
2046
4837
6317
2535
7155
8941
4792
3428
4488
8583
7231
1956
9617
1406
4142
7192
5026
2470
3951
8371
3076
1496
2278
3837
8866
3329
3459
9918
8050
2499
9248
2376
4595
7714
2165
6555
4813
1910
9109
1913
7501
7395
4488
6577
8431
2462
6716
9257
5016
9964
342
5490
3519
709
488
9776
4020
835
6117
6285
5016
5090
4355
5138
3478
4817
9890
1205
5405
9093
9178
7936
315
2218
3054
8926
8874
8062
7960
4035
6666
3374
3907
4275
2864
4712
2631
5991
7313
9040
5294
6558
1038
9371
6638
7920
6870
9958
2094
3087
6482
4676
8854
5190
6696
422
7329
3631
9529
3751
7217
4199
4742
8274
563
5201
6370
2068
1828
5307
3970
2010
9502
5183
5363
8412
3640
6510
9497
3909
2924
9955
2300
4262
8650
2031
795
4636
4778
2558
6908
7602
103
4853
8669
1274
9571
1796
9644
2915
6132
1777
6907
6383
1337
6538
1361
3361
1914
2749
6249
9576
8866
8707
3271
8958
8282
2092
2405
7040
7549
9050
3851
6568
8465
9467
2303
584
863
1276
2190
1178
398
664
1541
6675
9533
4034
4140
453
6584
5247
7762
6601
8731
699
5388
4338
7616
5488
6087
2697
6045
9996
9089
3880
3600
8797
9684
975
3898
5720
8809
8611
7938
9076
7103
5226
1195
6991
5647
3835
4003
5558
1366
2075
5691
542
559
5262
9666
2168
1343
7297
7462
293
1666
3015
7858
3218
9607
1417
709
4312
3286
2877
5559
8332
1089
1322
2910
572
9329
3777
4439
9652
7365
4013
4815
6523
749
3037
3515
9074
7235
7274
6615
5793
3872
7638
5979
2261
4399
5829
2667
3923
7507
2091
8085
9189
650
6541
5148
6215
5313
923
1572
8508
2248
7780
115
5830
6505
860
2417
5726
3138
861
6006
8480
5807
8794
4655
511
8665
4318
7117
9948
1319
7508
2430
2409
5657
9760
5393
749
6450
3174
7085
7597
1313
8283
4633
4070
5341
6677
6817
7120
461
6887
5965
1854
1613
2923
6636
160
7925
8666
3226
6823
891
1907
9502
1414
7310
8807
4185
1842
6139
1859
8184
4488
5764
6529
8358
3795
1962
4462
1997
4737
4921
2821
8558
7064
9324
7840
6782
4669
7176
8574
5718
9046
4627
4711
6177
9001
1641
4759
5867
1670
5253
7751
2245
8068
2389
4771
6326
3523
8443
3304
9962
3827
9716
9766
7415
6948
7473
2748
1748
2821
6785
9889
6540
7868
9791
4512
5044
7472
6113
5722
4270
157
3200
2980
5114
9078
9225
5585
1889
5384
8452
6575
4826
7931
6162
8831
8652
5558
51
1884
5212
8495
9441
7323
9847
1798
3535
8258
7185
9599
7612
8533
3146
5156
1332
3066
1416
101
1522
1513
2173
5409
8540
9080
9988
1264
5159
1293
450
3604
4244
2100
1887
2335
2396
5888
2989
5711
3253
2949
8780
9739
5443
2384
2847
107
2156
4509
7206
465
4330
4606
4929
2376
9198
4832
4070
8285
2625
1834
7561
9051
3918
9652
1080
5333
2319
7046
2933
4243
8208
1618
3985
38
3316
4668
587
5259
6778
4815
5876
5017
1372
40
4979
4508
7977
7077
5735
1739
6231
6684
7755
2998
4258
7061
9398
19
7277
254
6890
4736
1273
7329
7924
5759
2609
4302
254
2970
665
4885
8468
8471
5356
581
9289
4824
4113
5303
7732
3650
3176
3017
2066
9061
4460
1426
4950
352
1705
7559
5708
412
6591
3425
2401
9577
1706
8062
4939
7507
9759
901
6273
1525
8637
8855
9613
5621
9830
8174
4179
470
713
6180
36
646
2517
1877
2400
2211
1591
5673
5829
2156
7256
2375
3448
240
1987
4785
6004
7803
7255
8377
2253
9701
3657
8347
8154
6799
6185
3393
6855
2928
3503
5523
561
2097
5412
7147
7394
1425
4262
5398
1798
4935
9170
2095
5284
5747
2447
8818
5466
4756
6047
6961
6518
4828
8282
244
4274
1853
3944
3967
228
4157
1136
2308
277
3084
6026
6094
5771
2669
2537
9560
2295
1359
3872
3946
1339
425
7841
1508
192
717
744
3457
182
4742
3794
577
9387
1502
8954
5464
5519
9838
2879
6130
7338
6490
5274
2584
3667
4855
1320
3730
3655
6189
3270
3335
182
4423
574
6791
8469
9447
7258
462
9579
3674
8884
2052
5135
5331
5621
7941
8364
4102
6996
9817
2025
9240
3152
453
1462
3687
8925
4216
9592
5697
106
9062
8307
7659
5924
8795
3807
1631
3910
2160
2708
2062
7680
1353
6321
2722
7565
2376
9183
6728
7062
1603
1226
7493
1505
5169
7672
7905
5606
2168
2950
9389
8180
2800
7259
9277
7323
2025
5849
2156
166
6619
3466
5758
3732
438
3731
4159
3202
7629
3359
867
1038
3978
4783
1451
4159
1844
3296
8379
3606
7535
9137
2155
6006
6116
2490
3402
127
9218
3344
802
863
9309
1595
2862
5375
9620
4526
1387
9738
7850
6703
3811
8057
207
8141
4620
6934
2158
1385
4256
3724
201
5920
165
9244
9646
9252
8167
8237
7317
4377
7847
9956
2096
236
422
1301
8301
5044
9327
8890
6429
8580
2437
5066
1173
8367
4203
2773
5266
9790
7880
9671
6103
8135
9862
8291
4129
1392
2111
883
2348
2963
6563
1620
4617
7930
4737
6874
5096
4071
2637
8422
5850
1193
2973
3708
9844
7779
4102
3234
3355
982
6712
9188
497
2059
1641
7125
5061
5204
3498
4459
4889
5897
2747
884
9370
8500
8290
2706
2914
6894
1138
279
6885
6373
6347
9745
1887
299
3634
2940
3671
4291
6555
6036
5618
77
4157
5860
8070
7922
948
2691
2022
1108
7810
8293
144
1859
6162
6844
8651
5527
2345
7094
4423
3272
2950
782
2043
1569
2263
8734
5693
4733
3583
5066
1626
3359
9403
9011
9668
9863
9116
3349
8125
3801
4255
9791
6571
4446
8840
2564
2187
2704
1007
230
6454
6114
8791
2457
4112
255
6044
2578
8577
7740
2324
2867
2625
8468
6556
3135
8543
6909
8575
8031
5489
4749
3876
2762
7314
3690
2144
5966
6530
6470
1076
1717
7958
5565
6321
9041
4849
7641
5007
4724
1972
7141
2560
1105
6335
7536
5710
4069
8362
9634
8406
5582
2001
4266
7894
8604
2391
9489
7666
6667
2663
3969
7454
7444
626
903
6945
7347
3789
3922
2872
7104
6612
5479
2199
9571
3495
6867
7132
5716
7009
5174
3059
1546
375
3491
2138
4742
1934
7910
4025
7796
7428
9468
9659
3316
9092
5913
4743
8674
231
6495
1506
9989
6015
1183
6216
3846
2517
3448
6017
2736
3248
9658
9267
8983
1497
3604
650
2282
2606
5989
8717
4946
3221
9646
2816
2220
8324
7077
2477
9600
5369
9700
3583
9536
6235
5869
4571
9915
949
6395
453
5746
3812
6467
7995
3841
8044
4189
1684
3422
2038
8791
2417
8298
8199
8341
117
7644
1105
2231
8433
6911
910
5261
2362
79
6584
6625
1288
521
2676
6426
3046
7524
9225
9441
9839
576
4560
4669
7293
7913
2980
5008
3920
5895
6546
5413
7538
6293
4172
7881
4907
4776
3380
5468
6769
1055
297
9018
3046
7783
2269
7296
3316
4734
2471
8295
9019
5451
1597
3280
698
604
8401
1880
6922
2544
8249
1836
2146
2381
5020
1933
3681
6079
9014
2448
4685
7574
8226
3785
9871
740
2217
8486
8981
1476
7163
9763
2044
8179
4974
5544
215
3983
4631
8485
301
8506
4026
6273
6002
3244
7628
8593
5400
5816
5009
520
2834
9851
9903
6191
4215
8011
6950
1356
574
869
9623
7426
6742
6225
9857
2338
8433
1905
2637
8930
2222
1960
761
5246
1936
2203
88
3657
1994
5448
4452
5418
1312
1469
464
8120
5377
7021
1978
361
3133
8099
3512
3623
6075
3969
8749
792
8196
7950
680
6033
1012
8765
6751
8532
946
4363
4022
5744
7687
123
7555
83
4536
1975
2203
3506
6378
3967
9478
3398
6488
3480
5344
1610
6411
205
752
1118
735
7876
7358
5629
4352
5972
469
1056
9095
1752
2333
5134