2727
4778
4499
2184
2826
4264
4173
1200
5460
2255
3712
1440
1290
765
5674
6182
5275
8360
7429
9047
2999
4848
4256
4265
8362
8458
2054
7762
756
2763
7177
6804
8368
4895
9108
6228
2329
2859
5580
5777
3003
1806
8907
8270
4408
4716
8322
5046
2311
585
5770
540
4969
3328
2219
6818
1743
6776
4637
5020
6933
9775
1155
9223
8210
4840
900
6934
8460
2280
2829
8205
951
1480
4997
6522
8507
8336
1817
6413
8398
4899
6831
2576
8610
8202
4591
3520
7373
9872
781
3651
9906
3611
5273
8064
3240
3746
3950
738
8865
7113
6830
7594
9880
4437
7260
5024
1797
5508
2644
9132
6721
9728
5628
6403
9650
3420
9920
4166
549
8680
3754
4259
1704
3736
513
7160
1450
6820
5805
5777
4521
1235
9473
6345
4574
9163
2608
9042
8186
6672
7349
1060
1482
6522
4953
4543
2514
9585
6067
7372
4264
5802
2240
4679
2301
3306
6698
9919
9290
6256
4540
8284
1066
2889
6780
9616
5439
7560
9456
1681
5015
2193
575
7050
7455
3934
8704
7759
1702
5790
3615
4121
2727
4269
1526
7000
8991
7684
8233
7880
5132
6352
2087
1545
3504
7902
9320
652
8789
9734
6818
2218
6708
9448
7244
8307
7447
9980
6741
4161
4240
8289
4682
8010
3516
5152
6120
3398
5514
9336
6808
3696
2720
5802
8871
2800
4267
2726
9660
7315
2274
1154
2514
9015
7938
1808
8874
3754
2593
2000
7835
5184
7644
1238
8880
4120
4635
8794
9104
5368
3640
958
6781
817
1058
6463
5150
7656
1181
4584
8897
7462
7738
4862
4914
3100
1749
9997
4524
5213
7769
5078
7315
586
4422
781
1706
2730
1818
3980
6120
5199
4257
4778
4362
8874
2218
4262
3718
6555
1399
5220
2343
4389
3657
970
5882
9628
9580
7629
3264
3873
4111
1836
6818
2734
954
3040
2181
6347
2819
1656
1035
5335
6538
8981
3042
9750
9386
6822
8728
3024
9308
8406
3912
3580
5823
8320
9345
8002
6819
2729
1824
7992
1954
1755
1491
7539
6375
3907
2947
3766
9282
5340
4943
7215
6408
8152
4268
6570
8872
9520
5285
6209
2322
1680
3103
3632
5034
6829
4176
8632
2870
9299
5644
3881
2728
7850
9896
1569
6841
7152
3432
9661
2891
5964
7944
3913
2055
8503
5802
6820
1402
3872
2232
2262
8558
8936
1157
8504
8523
9460
2025
5721
1784
2054
5659
1670
4623
3964
2259
3528
2006
684
1399
1160
6006
6083
2399
5795
2898
777
1445
7599
9932
1882
1476
3792
9662
3496
8090
3629
2099
5863
918
1263
2784
7940
3951
8409
2474
6058
4496
8478
532
3703
4797
3888
8902
3300
8624
5532
1992
9749
6444
8226
1846
6783
7023
4278
4010
2724
6650
4011
9240
4630
3146
4687
5795
9070
5440
4671
5940
6352
6900
1462
1320
3036
5035
3050
4788
7081
771
5944
6823
8874
2756
3163
5940
3025
8973
975
8280
2447
6098
4335
4126
4790
9666
3028
5525
6429
3825
4755
6823
4270
2187
3590
3640
6280
9720
1852
5867
2850
660
1474
9624
9295
9230
1924
9483
9204
8748
5199
8469
8969
3648
9128
2811
3438
8240
8914
7293
5674
816
9394
9384
5472
7106
6346
8706
4260
2514
7560
8207
9930
4322
1820
7082
6058
3018
2730
8821
5850
6822
4257
9527
2457
3762
7155
5093
4344
5546
6831
8579
4532
2347
7168
5841
1600
8490
6604
4104
3506
2618
2425
9207
1032
2470
4448
8148
5128
9833
8532
4268
7850
3451
8137
4260
6793
4370
6354
7194
7164
3063
8875
5697
512
2392
780
3114
1911
6829
6820
714
7619
4173
2984
2747
986
1526
512
3163
780
8362
3619
8264
1340
682
2722
2200
3664
8587
9564
8022
1778
8028
9868
7002
8360
9170
4184
8970
6300
3616
2102
8458
4260
3429
9368
5700
3011
9156
6145
6780
6345
5880
6943
3375
1660
7557
3266
3403
8940
593
2720
944
8815
1960
9582
3585
1086
9148
9660
7482
1380
4060
4618
4182
3870
1906
3216
7254
9072
510
8975
7249
5819
6682
1628
4998
6002
2968
4288
4106
992
3348
9006
5844
8867
9012
775
2732
4464
7082
4266
8481
4598
4267
3498
4822
3172
1185
5356
9761
2190
1848
2611
2474
2733
9130
1962
4703
5421
5352
7128
9828
8910
8866
9581
4148
6954
9150
2559
7310
5113
4112
9936
2263
6320
2729
6823
9786
594
3696
8010
8115
7567
2724
8458
3900
9427
592
2781
5963
8827
9924
4120
3420
7481
2257
8130
4258
2218
4778
2723
4163
4710
1851
7888
1706
2727
9283
8320
1829
3584
2648
533
866
7476
5772
3927
6804
4277
9178
3233
3807
1171
1575
737
9545
2487
1366
3600
9876
8552
2866
3332
7929
9101
6375
665
5339
9564
2310
1254
6464
1440
9640
4126
6157
1287
620
4232
7876
9944
7239
7537
8696
8256
8192
7466
1984
1410
1346
9873
8426
9072
7850
2218
2048
3929
9635
7004
7392
4729
8656
8844
2560
5182
2676
7313
732
4741
4682
8934
847
9363
9529
8848
5290
2532
3458
9751
1632
9838
4189
7830
7722
3588
8506
9435
7679
3108
7082
1024
2028
3141
9414
845
5633
5885
9469
3440
7870
3496
2839
3690
1668
9924
3092
552
5073
936
2531
8550
6384
2322
7123
9698
5458
4404
1040
3452
3965
2208
2464
7477
7984
512
5736
3092
3672
5883
6938
6015
7338
6826
1706
4112
4016
6246
4617
569
1882
2665
5340
6327
5196
4032
8504
1037
3713
8660
2171
6488
974
6015
6650
710
7050
5955
2535
5258
573
3705
9386
4270
2796
8217
4266
6831
7248
5966
2822
4413
4266
1450
7531
9642
9217
4934
877
2560
6620
1179
6298
3876
3336
6142
7484
9064
5712
9476
6829
4257
2340
8332
918
7942
3540
2500
8976
9601
3090
9960
928
9482
6058
2723
832
2772
3240
6788
6067
3230
1040
7307
7550
4650
5748
2693
6170
3570
9708
6298
8160
7366
1309
6787
584
2445
2698
6800
1171
9702
4264
2726
5532
8335
576
6516
6190
4632
9780
605
4666
693
902
6080
9963
1094
6198
4115
4979
6166
9361
9552
1049
9030
4722
1091
4268
9642
2776
2696
9319
9632
9029
9555
4724
1024
1088
7539
2482
6513
5808
9105
3095
8384
2378
4344
4180
5360
2136
9931
4522
1706
4857
6994
1830
2906
9982
4634
9936
6242
8821
3945
5882
1632
4797
5592
8129
5282
8712
8984
8240
3709
3916
5270
4114
2035
8970
1543
8318
3808
6967
2323
630
7371
8764
4113
9344
9498
7212
9294
2652
9360
8608
863
2848
4594
4350
9112
6945
1920
4162
8284
6800
1557
2568
6906
7631
9169
1477
4096
6050
2692
7828
648
1096
6640
1596
6529
9310
8900
684
6592
6826
4778
7850
682
2073
5560
4464
9627
9344
1896
5018
1189
9158
9376
7700
5523
5268
4324
6824
6828
1504
7722
4379
9141
8618
4010
2322
512
9045
6165
8369
1815
858
6733
8362
6314
4261
9180
3638
6935
7713
8853
7208
9082
2506
1435
5191
5379
2244
3405
6181
8624
8091
5520
2934
769
5286
6465
6688
736
9435
2080
4944
4765
4232
5004
9882
4920
5132
6208
9436
4095
8136
1170
3816
7466
3858
8535
9025
558
5576
5519
5715
1198
9919
7762
2115
7246
2576
1194
6102
2468
5403
1742
7980
8960
2664
2277
646
8775
4169
4684
7393
4995
5000
6093
8458
4267
1540
556
9792
4660
7700
4749
2829
9900
969
5700
7163
9813
2437
1980
5388
4136
8155
8281
8990
3280
7701
3335
5187
8238
3252
2052
9160
5640
7712
1913
1673
6195
3585
523
7100
7521
3924
803
5216
4304
6688
9741
9540
3078
1594
5844
1361
6340
5275
544
2388
2945
4171
3630
7106
2854
8625
4965
8258
8110
4296
5328
8794
720
6927
7434
9396
8560
620
6730
3479
945
6029
1808
6036
1952
5837
3367
4010
5802
4924
9690
713
7980
5112
3288
9832
8591
3870
9955
5301
6792
2436
4851
2800
3017
2732
4271
4101
5120
8212
5112
5227
3108
2466
8290
5753
1243
6374
9396
1529
8516
6514
5724
517
7392
5104
5125
6872
7128
3471
4740
1200
3417
7059
5049
9571
6880
6966
1560
7007
5457
3610
8368
9345
6223
4721
970
6989
4335
1296
1692
7744
5581
5080
4243
584
4458
9879
3184
6821
3400
7788
1056
2721
2727
2880
1283
6580
763
2682
2753
9230
8914
8952
1244
7280
7070
8645
1595
5272
6896
5538
5956
4961
5660
6780
6112
1809
8320
7082
2986
756
720
6128
6197
7173
2928
9516
1944
5709
9284
526
2368
5034
5546
4968
6871
4256
8362
3537
6496
682
6058
4304
630
9697
7072
1248
4161
6749
2229
2445
7312
9770
5436
5312
6528
670
6576
2079
1372
6831
8106
532
5563
8256
5259
1950
7830
7224
9736
4763
9770
9600
925
988
6159
5998
8660
5882
6304
5733
5168
9110
5792
5792
9081
6204
8523
8874
6870
7040
3156
8840
3475
6369
2054
2300
1518
8550
6952
5762
4656
6817
7850
5768
5825
4640
8912
7478
5842
6090
1415
5633
7450
2729
2730
4517
3568
2793
5045
5689
4296
4168
5258
607
6072
7728
1127
2635
1610
6001
6065
5802
5546
4004
3668
3245
662
4019
4026
9202
4230
4590
7865
6228
5268
4112
4257
4343
9044
4256
4362
6823
6831
8737
4992
1609
9210
2472
3435
4258
5034
5032
1248
1601
5300
8494
3638
2130
8210
8608
8880
6981
9323
5238
3469
7050
6714
6285
5734
6612
3312
7140
6202
3750
7600
2608
8500
6617
5340
720
7240
8470
4674
7638
4044
7480
5968
2116
9783
7054
1767
3432
8401
6160
7835
4152
3136
6579
6443
635
3360
672
8777
5468
1200
6146
6972
8874
6818
9909
4692
9777
6168
6800
9850
4880
6204
4256
1706
6570
6314
4015
8575
4592
4711
2353
735
8369
5566
1950
5708
4899
4316
2780
5501
638
8292
6364
9210
1669
4410
7641
2130
6212
5128
8032
652
1680
3334
6984
6722
8410
4050
4512
9770
6848
3908
2832
9777
5253
2540
7630
619
5706
4748
4755
6245
5329
9783
4192
654
8573
8759
1250
9020
5456
7970
2412
4384
4910
4556
7356
6298
7085
5018
732
4994
5796
4753
2729
3498
2704
519
2983
2222
4779
9025
6401
6150
9820
8711
7925
7238
2183
3939
6081
2184
5712
9907
4758
3084
3348
9920
721
2345
4279
4267
1336
1541
8196
2352
2106
1784
3108
5717
4607
3872
2554
3320
9350
4536
9825
9325
729
8731
4845
9825
8513
3000
4522
5802
3242
2728
1053
9746
4600
8466
6780
3011
7290
4573
4261
2731
3289
9552
1837
1156
3155
6792
1824
596
983
8194
5239
3905
8652
3092
849
2709
4099
9032
4901
9778
3926
1686
800
8084
6979
6748
3197
1983
7694
1305
2626
4008
9255
2731
7932
4312
2536
5376
4870
4740
1872
9539
3480
8928
2535
9640
4193
4662
7799
5408
7854
3777
9755
4576
4500
1903
9966
7486
1445
1581
5640
3802
8828
3765
1950
4071
3480
577
6922
6314
9483
2352
9388
9195
7836
2259
7038
3909
9738
9853
8832
6784
2619
5145
8932
5058
7055
5183
4940
1186
2944
7612
4128
7265
8736
4520
3221
9270
4280
9745
8594
7020
5490
5230
7532
2611
9525
918
5147
567
4906
6084
5283
6432
8410
5760
2326
8864
5584
5973
8046
6936
4256
7594
2625
3518
4130
3031
3576
7280
5820
7260
4752
9923
8566
1539
4992
4961
3825
5559
5035
8020
9776
2729
1727
2622
2712
8490
4467
2415
3520
6008
7137
3849
634
6743
9254
4403
1899
1520
624
4536
6678
8227
4645
2739
5277
4381
8540
6446
1820
5753
5322
8658
2334
608
4657
6012
5278
3597
7338
2729
2271
7259
9348
9161
4563
1570
1932
5193
1677
5247
4901
1588
8944
6780
8850
9451
2272
2633
2733
6817
2375
3743
3735
9256
5706
4376
9551
3349
9061
3275
6562
5032
4845
2906
4744
6505
1776
3929
6516
5933
8487
5273
3747
1120
4270
2986
6829
4261
1706
5034
7719
6897
9980
2603
5546
2730
4086
2782
8984
6190
3960
6420
4229
9624
3315
504
4112
682
4662
998
2703
6541
8518
962
8213
4383
4262
2728
1152
2685
3689
2044
1445
5899
8897
6741
2274
5018
4932
2595
6528
4640
4261
2733
7684
3846
4491
6380
5420
3024
3510
1415
7648
3402
6828
6058
7226
6592
8906
7749
740
8686
1623
8008
1562
4384
9254
4711
8199
1332
9038
4755
7514
9449
5120
877
9016
3509
8334
8525
4357
7270
8127
9534
5117
6863
9060
2070
9330
8422
6851
6758
3855
5811
2922
1217
3214
8430
4893
5187
581
9723
8204
7161
7712
9641
9527
1540
5272
7544
2482
7857
5441
6606
3640
2066
510
4245
6822
7082
6586
7560
7272
1542
9232
9894
3072
2208
7082
5290
3528
1237
977
6996
1051
8744
6817
6818
4250
9232
2004
5388
5967
5414
2436
4193
3686
9063
3114
3476
4164
4854
1640
2432
4149
1800
9522
2864
1526
9632
4696
1058
2832
7634
1049
5856
4269
2725
6843
6444
1696
4768
4740
5613
4675
4449
6534
3497
6450
5680
8521
2619
8521
5076
8024
3248
1959
4800
9048
6802
2754
4990
1094
6066
6826
2727
1968
4170
7202
5081
3498
6827
4697
7312
1094
4160
3914
9959
7593
1197
790
1552
2320
6688
5058
8551
2752
4944
5962
6396
1968
5643
7480
6366
1152
5248
1631
2254
2047
2208
1930
969
9819
1692
2723
5802
4140
9659
4637
500
3332
8253
5688
1636
1057
9807
689
4332
1305
4098
8931
7488
4875
2250
4572
8894
8239
3402
9088
2207
7682
2330
2115
9832
2952
6744
4884
4331
8592
9610
4344
8063
4428
5378
3792
3306
6995
8209
9247
3108
4878
4682
1291
3500
1661
9377
3717
8353
2641
2970
6853
3332
1630
1352
3936
2826
3162
3615
3794
9541
730
8844
2729
6818
5530
4623
4227
8700
2077
3924
1082
9328
3750
8124
1248
8577
1089
7836
8033
9630
705
3940
6219
6155
6828
2474
3754
7338
6678
3201
5610
766
9196
7099
7191
6211
1504
2561
9635
7242
6482
9065
9386
9178
5696
6554
570
4586
9440
2306
3553
5742
774
814
5110
6912
5250
2738
7764
3218
7747
8844
1633
3132
7519
4048
9877
1004
1755
6155
1830
8522
5253
7451
8321
7920
2591
9450
5976
9979
8303
6886
907
8514
8210
4776
3524
1836
8985
1090
8820
9846
5275
5577
3609
7062
7860
4632
2420
2925
756
7263
4048
6267
8721
5604
4875
1191
1426
6768
1995
516
4012
4924
9216
9140
4086
1716
6219
4307
4980
4288
9709
3318
8868
2587
9673
9383
9716
4113
6149
2530
6203
6930
2647
4695
5546
4778
2922
7004
9180
5904
8210
7662
2159
1487
6862
2640
9534
6230
1666
6009
9245
2076
5260
8321
9539
9456
8653
8697
1101
9234
1417
2360
5103
5985
654
6210
2177
7091
1887
521
2732
6570
6143
2775
4962
8151
5928
2155
8352
8572
3338
5239
5216
6477
3448
9792
6890
1361
4527
3990
4362
7338
5168
8194
4268
6825
2508
5605
2801
5790
1633
5994
4264
4271
7748
1222
3942
5196
4616
8388
8106
6314
9117
7531
1340
9432
3850
8117
3014
7368
1132
6480
9931
1944
5257
6440
1027
5825
7850
1194
3560
4635
2733
7082
5643
1704
3630
3510
1559
8952
4682
4068
2006
3881
5746
9558
3371
8046
6176
3384
6744
9080
6540
7632
2784
524
9864
3080
2244
9216
9601
7678
5248
3747
3445
1721
9113
4576
3710
3594
7338
7338
1992
7486
6930
8033
1427
7670
4602
5788
2003
3225
7860
2189
4262
2729
8389
5140
2790
3739
2970
4101
4686
3319
2514
9195
8395
3879
4268
3242
6314
4258
7194
4204
3856
9039
2730
6816
927
1564
3468
7920
728
4225
4733
7875
7137
5166
5092
7054
9181
9720
6384
3074
3246
9253
3762
9594
3754
720
2622
657
9764
2704
3132
6235
8993
6372
6817
3242
3659
2244
6058
4263
718
1738
2911
9820
4765
4608
6630
5633
9950
7297
5933
5624
9237
5478
4176
6354
2731
6831
9540
9929
4103
9872
7605
4852
5522
7526
3944
2894
5579
6734
3080
4428
2714
1692
8688
6872
2960
5769
6457
6297
5565
2437
7101
6337
3073
1743
4800
2048
8786
3368
7881
5343
4100
8284
7194
1968
1071
779
4258
4112
6960
7380
7082
7338
6750
2123
4264
8618
2734
3754
4539
6037
6611
765
4412
2288
9647
7760
500
3179
8328
5975
6826
6824
3225
6432
3969
6384
2185
6974
4700
4480
4266
8618
8853
8798
8580
7876
972
4828
5508
2379
640
4909
5428
6613
8432
3222
707
9177
2724
8874
7429
2222
1224
2992
2474
6672
6120
6512
4581
544
1458
8514
8523
9405
3360
2668
4699
6507
6831
4266
523
8090
1946
2009
864
5189
5478
9983
6058
6828
1274
5508
3462
8448
4267
4257
7764
6802
2827
6799
707
6055
4728
1360
1734
6541
640
2658
5841
4482
1194
6922
3410
6795
1786
7485
845
6072
5236
9741
3585
3102
2131
3030
3334
3312
1450
2723
9559
3060
1285
6292
847
9170
8764
8827
9704
2115
5141
5030
6587
9639
3480
1193
1335
7715
1930
8904
2722
6825
8840
5540
9140
1473
8381
9572
6987
7703
2592
6280
6819
2720
8235
3790
9448
5016
6214
5292
8380
8396
3080
4026
9128
8365
6251
5500
4059
4792
3024
5579
5705
4998
540
3408
2612
9840
9210
6329
3569
5640
8240
4920
4695
9132
5189
1062
4096
8960
8264
3768
6640
3376
8056
6161
9688
4736
8029
3948
5392
7169
1601
3135
4470
8310
786
8523
4835
3012
7420
9096
4792
4635
8845
5203
9100
4899
2729
682
3820
7980
6818
6824
4163
1195
2727
2732
6579
9649
3456
3408
9111
4932
2689
1120
2088
8685
6969
7902
5290
9192
3043
7493
2928
5857
9579
7956
8977
1050
6512
568
3435
3473
8256
640
8592
2616
2000
1388
5296
1948
1580
1008
8766
4582
2746
8224
1230
7456
4820
5258
7884
7137
7280
4240
4265
6823
4112
1194
3091
837
6983
1278
607
2748
6480
3952
2727
2726
3633
3829
2677
2737
1362
8668
4297
5184
1028
1932
2730
4268
4442
3894
9872
6291
7594
9130
8526
8253
6516
6960
6916
6823
9733
4810
5328
7280
6932
8912
825
869
6626
8118
1056
7394
2222
1122
7385
4641
5703
7368
6523
6420
1032
6873
9510
2885
4260
4264
4157
7969
8660
2865
5976
1932
5546
9130
2613
7536
5292
558
2722
8458
6472
5132
4914
6167
958
4100
5378
1989
7340
4308
1117
4037
906
1990
2871
8754
1380
9292
5808
7476
9642
9860
8661
9392
9200
4280
3381
5110
7338
4264
1545
6917
4422
513
1131
5417
4700
9820
1472
9977
6900
5841
3493
4627
4720
7132
3606
4689
3860
9407
4265
6237
7206
1581
792
9749
3960
1463
4062
7912
5528
2436
8376
638
2891
7980
2088
6521
6195
5306
1716
8432
5839
9630
5714
4113
6606
674
7410
6184
1676
4950
6492
2006
5529
8160
3850
1249
9080
2600
4730
1179
3406
8622
3711
6798
1187
5423
6580
9401
4477
9414
7821
5016
3824
2608
7315
4246
1312
5595
7344
6611
9555
6468
5648
9678
6712
2587
9636
1534
7978
7999
892
748
8176
2401
4491
2255
6827
1450
9016
8799
6283
5511
6688
8830
2190
6188
1585
7770
5769
4377
5088
9095
3670
688
2000
5379
4949
2506
1609
2028
2000
8984
6570
6058
2474
6819
1275
4395
4269
5577
8618
4271
840
7939
2598
6675
6556
9811
4097
4280
8752
9745
9194
7531
1681
1464
4224
613
2724
9898
9303
8631
4823
5074
2727
2697
9205
7287
9057
637
1636
2004
7392
5467
3608
9811
4160
1063
5863
6241
5878
5453
943
7144
8772
4821
5592
8039
9760
6840
7750
6630
6081
9492
2731
6823
3549
7811
8160
8542
5860
8713
7348
4365
7082
4778
6831
4260
531
4377
1400
4280
833
3045
3411
2880
3528
2564
2049
2540
2729
6817
2904
8212
7557
6724
5948
5263
5472
4799
697
6415
9996
8881
5665
5724
4596
1044
7830
723
2826
9524
8847
1651
2560
4618
1064
9630
6820
6824
2920
4695
5804
6180
682
4010
9803
1920
4272
3740
9294
8520
7000
5383
6375
627
1450
1249
2983
5302
7139
8579
3318
8176
5522
7761
3840
8109
3894
8600
7942
6948
5445
2829
2328
2310
4185
4332
7594
9898
2229
8262
9001
1716
4667
2772
3828
9740
8556
2656
4267
2721
5420
710
9751
1428
3649
3114
8358
4608
1501
4913
2397
3434
4215
5090
9745
8888
6068
760
9206
9372
3995
5610
9796
6110
5530
2513
4738
3600
4720
4086
4266
6817
9261
9394
1644
9448
657
6354
1910
9866
5924
816
5235
2743
2048
2564
5061
8043
5442
4710
5940
2388
4255
1781
2720
6823
8982
4307
513
4852
4416
7243
3920
2779
667
3591
4096
4562
4947
6960
5356
2575
4257
2734
8525
7046
6850
6853
5569
9779
7347
4122
9740
2510
4472
9106
5163
6633
6982
4250
4270
2730
5066
2988
2066
2184
4169
1220
3750
8317
5472
2858
6366
850
2721
5802
7467
3974
1706
9130
1557
1410
5034
2726
2948
3039
5364
5385
1705
2560
3184
3367
5460
8155
9610
936
2727
6820
962
6160
5274
4224
4731
2021
6824
4259
2618
5173
3360
9997
5735
8880
3247
5180
2721
4778
1026
1775
6827
2722
8180
2295
8454
900
9488
2780
9828
4305
3768
2113
8064
4677
4004
4592
4949
6202
1615
3547
2725
2726
6243
1560
8902
7200
1166
6637
6831
2720
8685
5538
3850
4344
4008
7698
9431
4112
6120
9974
9645
6056
2850
3932
6039
9293
5785
3480
7965
4782
4046
4319
1995
994
2122
2528
7302
1672
8924
4736
2725
6817
6912
1576
6024
663
8728
4418
5352
8279
4522
8106
3766
8785
660
733
7384
5907
1971
6066
2552
8639
827
4170
8532
7371
2646
5807
5645
7820
7448
3316
1457
9060
4271
8618
2251
3542
2472
4187
4161
2349
9216
2633
8705
9464
1248
6904
8697
4402
832
6407
4771
2127
8517
2110
8428
5761
6066
2880
5287
8000
7080
5379
4821
2076
7475
9001
2587
1122
6996
4641
6977
4704
3088
6352
4837
6153
2723
8458
6140
1613
2218
7850
5736
3904
3097
7642
8224
6302
8937
8832
9585
2576
9841
6985
4464
4672
6045
6660
3034
9605
8429
2010
1569
776
864
4480
7412
2684
7171
1310
1660
6840
2260
2808
4953
1413
4112
6824
9024
2633
2036
5460
9325
5235
5604
9954
2628
9424
1450
4362
6290
3230
4623
9510
3118
7412
4281
6160
8558
6959
3747
6336
6768
1290
6740
1973
5113
7769
6817
2723
2533
9691
5602
8544
5712
7885
9832
7502
8112
790
4290
4698
6880
4232
4263
2726
7594
9060
1444
2624
7764
5416
7548
3363
7700
9905
737
2088
3179
3188
2317
1400
9248
3433
2398
3348
2723
682
844
5115
8193
2907
575
3070
8032
5160
5646
4015
5047
3738
7367
8534
6826
6825
2565
3656
4259
2732
8025
9633
7684
2736
3851
8115
8324
8304
9758
9565
6838
1119
7984
5699
3540
9236
7487
675
650
816
3825
9668
9243
5354
9633
9462
5921
2925
5317
803
2400
3085
1960
4613
8888
7631
9640
2760
1140
4016
7278
3458
2935
586
5176
6890
5929
9702
5700
5584
6479
2825
1182
3419
926
6016
1579
5324
1373
3465
6830
5802
3183
7714
5933
6318
6165
7288
5134
9960
6189
7050
3138
1546
1334
3446
5130
948
4835
1932
6028
7290
540
2536
6152
1662
6702
8392
4043
1336
8437
9673
3250
9520
1944
4232
6827
4263
3252
4320
954
8928
8800
745
8128
3200
5096
4885
4921
1694
7849
1328
8769
2140
3972
850
9891
1512
3146
1131
9996
1174
955
4131
7197
2940
4329
3820
1041
965
5925
935
6654
1609
1570
1067
8788
9660
7668
8558
9993
7106
9060
1513
7007
3618
9713
1296
5491
5045
1706
4269
6270
8083
9018
3184
1365
6299
8210
5330
4630
5450
3464
6665
8086
880
4476
677
9386
7850
8172
5252
3198
5158
4563
2587
9896
6665
5869
2329
6405
5531
1316
7945
2986
4257
7476
1862
4788
4241
6098
6525
5850
4906
4907
3626
2732
9386
7839
4098
2896
1380
5380
9299
8199
8290
9614
6936
5567
1461
6629
3780
1335
1608
9898
6823
7296
4392
7728
4730
2954
9317
4172
6118
8349
4680
5076
7634
5414
8976
4095
3249
7136
2059
2727
8618
4608
4429
9450
2067
4522
5034
6821
3754
4035
5237
1631
7252
6036
6128
1706
9386
2624
1744
6022
4352
1079
5310
8505
4998
6930
5839
2899
6060
1349
2924
5704
2431
4454
6051
4142
4982
7360
6943
8880
6621
4262
4264
3654
4039
3090
4710
5290
8618
9583
8463
9808
4952
7580
5886
3617
2820
4096
2899
668
5410
6816
2731
640
6963
2304
5259
2722
6818
9264
3337
6195
7812
8281
5018
6828
8458
4101
1830
6352
6568
4856
3408
1472
3124
4209
7479
4284
8085
2729
6830
9503
7104
4268
6831
686
3619
1872
6242
3864
2689
3970
8781
1882
7020
9531
4616
4592
2830
5700
3090
6800
5840
5131
882
4938
1210
6823
1962
6435
1052
7217
1862
9645
584
6118
5556
6650
1186
9980
7867
4744
5150
2758
6797
8041
1140
2544
5769
2882
9272
6194
5382
3839
2112
1188
1684
1416
4297
3348
1792
4272
5382
6165
593
2952
2241
6830
6058
5439
5229
4048
9280
3304
1617
9682
4620
7810
4995
1935
7183
9748
7403
1404
4962
1365
7147
2049
4505
3242
6829
5840
8647
9506
8379
1865
8180
864
8170
6901
1540
938
6831
1667
5120
5270
2446
4602
8228
8474
7397
1361
5440
2040
1653
1500
2911
7634
8262
9097
1144
3656
5544
8273
7860
8540
2534
8576
8008
706
2628
618
7416
5056
2347
5993
8295
4131
2616
4719
2385
6256
2487
4747
1336
4823
4732
7208
9159
4261
8458
7338
1962
9516
7048
6191
6035
9383
4631
4215
8002
4898
5556
1225
7581
6576
5508
6509
5980
684
3812
1173
9670
7044
5241
2112
9715
5571
7748
7775
3173
2364
5719
9095
8321
9920
7916
8685
2049
3632
4187
5707
8560
1501
3050
4875
5986
2040
7687
2369
9630
679
1862
1974
514
1519
3549
8627
2533
9865
711
808
6620
1070
7358
9386
2731
6150
8732
6829
7560
3507
8256
1805
3421
5900
8272
5202
3377
5829
7788
9414
9312
3768
8349
3792
8251
9100
3878
6372
8943
2566
8602
6831
9386
3587
1640
7405
2600
1156
1896
5696
8580
650
4549
6340
3528
9525
8493
4290
5853
7463
2464
8517
7092
1575
5846
6477
3312
5814
9628
4432
5528
4878
1689
721
8519
2746
7856
5688
6948
4549
1430
709
5229
2006
1788
4131
6947
840
9659
2032
3568
1557
6600
9910
8094
9826
3741
6984
5460
2041
3170
3876
7374
5411
798
1328
7092
9009
9099
9409
2656
3159
9473
7223
5340
3113
9356
1986
5964
3953
7752
1002
4995
1650
9486
4098
2883
6865
6540
7795
642
5249
5094
3958
7968
6283
5753
4782
8833
4362
3498
8170
1122
8019
3888
7990
8746
2240
836
8218
1024
9139
887
7301
6076
7338
2727
10000
4117
9345
827
4180
8201
9425
2990
4060
2049
7183
4335
2523
3162
2325
3210
1421
8876
4344
5059
5004
7109
7082
2723
5082
6752
2574
4001
6492
7599
2952
9434
2576
2730
8400
5545
8853
4161
2732
3498
3631
7923
6903
4255
1410
9733
2030
4144
8616
8790
2472
4617
4454
2080
6606
1472
5280
5456
2706
7974
712
8360
8893
7259
525
8477
2290
9299
3754
2734
8082
8777
5241
4356
9348
4178
1740
7150
8030
5503
7104
858
2003
3060
2366
6754
8344
1974
2742
2508
2494
1794
1956
6473
5661
6132
9420
2698
9244
9647
6828
2730
1377
6254
3014
8474
6660
7858
6363
660
5952
9193
4295
6622
5504
9846
4403
7528
575
8706
938
5290
4512
6589
544
2236
6830
4268
1360
3986
1645
9289
8618
6817
1002
9705
2312
6777
7701
7584
917
7098
8188
3952
3649
8172
812
5159
6318
5697
6060
9318
4682
8202
2735
6828
3807
8465
3846
5831
7338
4010
2643
7678
4204
1100
2106
4930
8778
8404
4957
960
2735
9642
2870
3143
9189
9310
1932
2317
8239
7574
3491
7942
6820
8458
7584
5514
8312
3060
8590
5865
4879
4858
3029
9953
5494
2340
823
2682
2268
2958
1137
8390
7918
7348
7358
2771
9049
4380
5129
8960
8811
3480
6827
9386
2148
507
4270
4260
1379
9366
9728
6125
5034
2724
1501
1462
4549
5057
7349
5900
9400
8772
9309
8704
2240
4952
8099
2499
3296
8827
3657
1750
4266
9930
2857
2130
5335
844
1592
9540
9896
5388
9234
8126
3217
4708
6829
6830
7480
8384
9834
6696
3280
6345
8659
8876
9525
7442
984
4614
1956
2584
6632
1768
900
2843
5568
7060
8739
8030
2370
7302
1940
2370
1611
8736
3926
8399
5355
9471
7536
4436
8503
4995
2337
9700
6048
2751
902
9300
6375
5365
1247
6465
7875
8687
686
6797
2572
1430
6316
8480
4266
8106
8275
6360
7887
8369
8554
8490
8068
2268
4271
6824
2721
5532
8189
4096
4860
1123
7648
9543
4258
3498
6295
9936
1989
786
5064
2600
9846
8136
8370
6994
9263
4048
7275
5936
9548
1813
7455
7778
2736
2032
1424
7268
2730
4263
9609
5256
6559
6321
1430
5690
8806
5526
3099
6252
8992
2101
4068
4132
1710
2847
6074
5833
742
4235
2366
4934
5384
3080
2067
1770
5448
7776
5014
8038
9844
2879
5335
9433
4845
1608
6559
9030
4685
5760
8281
6706
6060
4744
5776
7065
4905
653
7327
6716
577
3639
3204
8721
2204
3813
5228
1352
1617
9688
6889
6915
2256
2630
5466
4297
8217
4836
4632
8237
1491
2842
5313
5467
4565
6390
5633
5575
4696
6720
1360
8567
693
5322
8249
1980
2081
9792
4736
2232
989
544
6370
8270
3935
5082
6828
6314
5841
2314
843
9940
3586
6579
2470
8788
8874
6831
3641
3930
938
2986
2728
2752
4428
1950
6409
8701
4269
3242
9680
1984
4289
2545
8235
7428
9507
9705
9775
782
5945
530
5630
8901
8523
1364
9734
9218
3296
8486
5278
1868
7568
1985
2160
1958
6831
2721
4869
2690
1900
8970
6582
4808
8827
9758
8535
9456
5261
5203
3828
627
8225
3514
9148
940
2733
2724
1147
871
2735
5034
1650
1344
4679
5020
916
6565
6570
2722
5005
9797
8960
8781
2904
8198
956
5616
5317
4928
9410
2054
8890
3713
6828
2733
7887
577
7060
5064
3480
3844
4870
2656
8483
9555
7720
530
7425
9675
8244
8811
5533
2104
4481
7392
532
7651
8002
8790
5219
7416
2867
6768
3915
2087
8707
1506
3120
3499
2844
6720
8905
8368
4161
2781
9984
881
5793
6798
9196
7484
7618
7048
2341
8449
1618
8936
6794
5258
6075
1443
8835
7467
7490
9289
2731
4522
7111
3180
977
3773
9496
6672
4697
2328
3120
4032
4335
1040
9405
8908
9622
9414
4696
8952
9972
5514
3498
6830
6819
4266
3658
5786
5805
7617
5290
3242
7322
1197
4430
8347
8916
8112
3722
2616
3115
8216
9261
5922
5412
4689
7431
8352
5410
4177
6508
9462
3928
6405
3242
1194
8631
2079
1031
6273
2484
9447
900
3896
5902
4890
4432
7058
5225
1006
2604
7021
3713
6150
6615
9129
931
8559
6821
5101
6765
9899
3242
4260
6694
9440
7124
7239
4741
7236
6141
6026
3070
5785
5510
7500
616
9661
5739
5863
6859
9438
6028
1096
3348
4310
7014
2996
4104
7380
2383
4556
2160
4185
2726
4522
2080
2858
9488
2375
6440
1228
4410
9093
9690
1217
6822
6672
8874
7594
571
9548
1342
6192
9592
1607
7425
5712
513
5014
4488
7829
9669
5317
2091
6191
7453
8018
4572
1635
9540
2329
7236
8175
9050
8272
8196
8022
2080
8709
9554
9711
9840
6908
6305
6048
1536
5699
3762
6570
2573
7865
6211
5364
4973
1020
6552
595
3650
6190
4068
3736
3857
4032
1100
5360
3640
5915
1556
3474
9231
1501
5691
6678
7517
4880
2003
9000
4249
679
7690
4608
9905
8064
512
5236
8237
8436
6290
6933
5106
9945
4766
7046
8958
7353
3969
1981
6922
2727
4352
9621
2726
4264
8473
2890
8027
4123
3050
4097
6219
2123
1989
6675
8008
6280
9386
2723
9890
8384
2262
2834
5654
7172
9090
7858
8701
2657
3380
3320
5323
5700
6279
3668
2160
2458
4297
4860
4067
8225
8056
7943
4914
9524
568
2144
3010
5873
6990
5232
6940
6137
4928
4995
7406
9107
5290
4263
2214
3984
713
2982
1296
1467
6484
4400
7931
2730
5244
4604
1364
3039
3015
5504
5446
3892
6816
4271
6730
4020
1564
4510
3296
6383
6825
2734
5216
9488
3845
8209
4044
1559
1541
5480
6633
1422
9312
2558
7902
3637
3216
3958
7030
3064
6829
1194
2422
4879
3312
9441
5239
7242
7752
3834
2727
4362
2300
5162
6450
1205
3510
2293
1449
1577
6247
2992
1919
4488
774
8670
1490
576
8349
1684
972
4640
5840
4623
8478
6090
2576
4257
8313
1501
6452
7030
6102
9083
1249
9550
8882
8580
3477
5423
3289
2561
5988
8712
612
1396
9642
1706
7599
9831
2511
3145
7650
6429
2385
5644
5290
7989
1161
8736
2109
9552
3674
7813
7754
8964
6300
2223
7432
1200
6640
9474
3113
9660
4572
4629
6371
6345
6160
4080
7984
7272
2232
8464
9819
849
6819
6819
3568
1107
9027
3264
6589
2069
5934
4027
9603
4386
990
1664
8599
7650
938
4262
6373
1819
8174
8294
2034
9180
7982
7552
3120
2703
2381
945
3186
2445
9152
3711
4957
9165
8223
8004
6867
3416
7240
7299
8306
5478
7712
7452
4249
1295
920
585
8009
6345
5011
3900
5346
3616
5137
2280
3887
2415
4778
4267
4960
8535
1306
7029
2727
6824
8776
4720
4240
6205
4010
7850
6752
3080
860
4504
4329
9080
5899
2664
643
9132
9061
692
9312
6003
8339
4500
2893
1168
6471
8206
6464
9857
2720
6310
4259
2734
4096
9177
8645
6978
4257
4268
5570
1692
2339
8460
1956
8196
5513
8888
9506
5383
2950
7151
2256
5255
2731
2729
4286
2224
7880
6296
7527
2435
5804
4225
7488
2599
7172
9031
3502
6279
2608
7800
2721
4362
1434
1553
8834
8106
1450
4258
5604
3085
756
7620
4558
1755
8294
8642
7280
3585
6145
2118
8109
9446
4260
5290
1836
2644
2115
5461
9869
9828
10000
1773
5530
4630
3344
9244
4345
8649
7522
9954
4403
4508
7850
7082
4650
5335
3380
8396
624
5028
9882
5200
6513
9505
8578
9290
6830
2728
7653
8717
1404
6761
8493
4288
5889
1882
5776
1710
8528
7137
9982
4585
3754
6825
7203
4900
7020
9129
6672
1962
3315
5183
9917
3876
4480
4938
1710
3945
7719
4256
4672
7932
2725
4270
4642
7080
7284
8594
9444
2945
4416
2896
7494
6858
6980
768
5664
9346
643
3024
6931
8280
769
7872
7123
2838
4269
2576
7620
8641
1954
7440
3492
7431
7850
6672
4455
7412
3230
1669
8618
4522
9440
4280
5544
1049
1386
1656
6810
7043
6084
3169
7824
636
8244
4108
8828
9960
2771
6030
9581
734
8362
6826
2576
7856
5377
4376
2298
4832
5728
9346
7512
2430
2782
2673
3559
4680
6672
2720
2445
8506
5054
3505
3410
9376
2587
9966
3728
7656
8250
1135
3248
3278
8362
2986
7452
1699
6348
817
6984
6136
6820
6314
9260
1795
2442
640
1665
7057
1161
1738
5968
9636
8664
7705
6148
810
4010
4270
3510
4762
6560
9459
8935
4165
5028
1615
2474
6822
5457
9166
2693
840
9116
1408
6391
6888
1843
3834
6723
1100
3645
7277
2448
9347
4362
1706
6770
1245
1530
7302
7391
2540
5421
6477
7474
1482
7875
4545
6657
1820
9737
2337
8646
4638
1872
7038
6278
2886
9183
4060
4465
9022
8272
676
792
9531
8417
9854
1857
7830
9337
9061
3232
4250
3450
3186
5523
4326
4122
5808
7515
7330
6720
9382
2345
8442
5945
5296
1984
1670
1115
666
3378
8442
515
2100
6046
4503
6830
2726
1858
5920
4556
8018
9660
2822
1920
1709
897
6796
2049
6955
5695
3027
9804
1531
7460
3800
7566
5585
5379
9960
780
8305
9576
5769
5454
7207
5433
2970
1118
6026
8569
9147
1296
6264
2755
1837
5392
9171
9180
1772
9156
4571
5037
4356
8967
7539
9727
4925
8800
8679
7050
4365
1292
4608
5888
6813
8617
1148
911
5580
4264
4268
9667
910
3830
4182
8779
7176
4867
8577
4291
3269
920
3051
4259
4259
1152
7892
9460
3991
8831
3546
892
3893
2138
1680
9742
3672
4482
5598
4624
5589
4197
561
2234
3045
2729
9898
595
8764
767
2848
953
7545
6010
8788
3965
6992
1776
2129
4025
8729
2350
4756
2131
4240
6112
1465
4186
3107
3530
1543
9174
9552
1180
7359
1191
6090
3755
2159
4910
1139
3033
3424
4137
2954
6355
4069
6112
3691
6699
577
6621
3080
1884
9987
8480
8793
3961
8320
4274
6380
9564
8240
4674
6805
2734
2723
4792
1485
2330
4756
3445
6089
2084
2376
557
4279
6624
8164
6271
1560
3839
2146
608
8388
6001
8256
1080
4031
4425
6434
4842
2832
6570
6829
2970
6063
7062
1677
9015
5034
4560
7425
8913
7362
9204
6840
3300
7256
1194
1450
551
3477
5972
3915
8745
3116
555
558
7345
8609
8600
1424
1010
5267
592
8654
8334
4139
6820
6817
6826
2735
7224
7917
988
4965
4181
1215
6830
938
8106
9386
6858
7236
821
2784
3195
4165
8874
6672
1586
1254
1366
7005
7203
2065
2937
2736
8060
7202
8874
2576
8296
7216
826
2695
8229
8553
9141
1760
6700
6285
6217
4200
9709
3080
2476
9025
2707
6564
7044
6025
1622
5976
2720
6821
9852
5150
7208
1963
2270
1680
7297
7430
7744
1161
9856
1829
7876
9426
9741
7045
8292
9736
7224
3503
9904
2122
2474
4271
2288
9860
5411
539
9099
3458
2731
4267
2241
6072
7098
2589
4611
5950
4268
6058
7470
7939
8654
1264
6828
6827
2953
6851
4739
4466
2875
4083
5093
6534
4778
6821
8574
2320
2320
7972
3672
2596
9923
8514
2628
4657
800
6085
4219
2772
5898
8184
3700
3664
2720
6827
6139
7266
9884
2870
6816
5073
5284
8606
1695
7830
9933
2769
6550
8368
630
583
8835
4512
4705
9856
1786
8146
7995
839
7748
9827
5373
9108
2632
6391
5622
6952
9061
9547
4978
2235
2733
9642
8970
9486
561
5784
1460
6948
9064
2755
9438
1448
1360
9745
5161
6873
2724
2726
3487
4950
6314
4256
5802
1194
3808
536
1399
4420
8911
9658
1194
4362
2880
1872
2755
7942
2393
8697
9537
7759
6337
8334
1020
6697
4631
1257
3465
2730
5152
1437
3735
4293
2616
673
7850
4270
4294
9399
7943
4654
5073
7775
1417
9001
801
2564
2648
7515
512
7736
5976
6424
2483
6243
4164
9266
5465
2292
1203
9321
1656
2248
7994
1358
5561
4505
515
6944
8762
6000
4815
5954
8304
985
3818
1139
8300
1606
576
3298
2713
4477
7462
2148
6678
8721
9310
2817
8699
4389
8770
9282
923
4901
3280
9262
9639
1956
3517
2256
9386
9898
6665
7048
6816
5034
9945
8375
8409
2178
4012
7836
5117
6699
6708
1824
3211
8420
1638
9372
4604
9842
9403
5232
2248
3928
7444
4046
1612
3654
4608
7516
7615
4618
4185
6054
3618
676
9168
9300
3940
7120
7069
4560
8912
9620
2839
6768
1211
2408
2249
6852
6835
5633
544
3867
840
1328
4362
6820
8410
8870
9430
7110
9421
4485
3552
8066
7926
1028
1245
2458
6936
4612
4317
1272
7783
7240
589
8312
2560
6270
7623
6017
5702
8921
7101
4321
1452
6647
9418
5071
6922
4257
7224
4096
2556
5877
4455
1178
609
1659
5034
6830
3242
2986
1072
4840
4929
8008
8775
4930
624
1875
1986
8200
2762
2002
5523
8414
5696
4005
6726
1157
3945
8244
4608
4114
4849
8434
8337
9457
5248
7282
4843
5330
8304
3684
2677
1054
2734
4270
5327
3822
2020
8021
4938
4672
4059
9314
3113
8481
9743
9438
2081
4041
2394
5873
9030
3032
8436
2784
670
3852
1890
4101
1969
4752
7256
3080
5663
1113
3247
7906
9495
4296
1044
8424
2838
4122
933
9824
4625
7455
836
8292
7040
7404
7951
5020
7370
1014
3867
5389
582
9472
3796
7670
4308
4720
9808
3250
2827
5382
7560
8075
538
2064
4155
8745
1734
7458
6672
7338
4543
4267
5850
5892
4128
5182
8160
3225
3875
5850
8990
7264
3385
5238
6117
600
984
8193
1269
2976
4515
3620
7112
6846
8760
3608
6453
6640
6193
4044
4600
2029
7452
3490
6335
8967
9988
8782
2730
5802
7797
1800
5760
4853
1058
5584
6821
8106
3466
7050
5770
3537
9156
1463
6802
4836
8140
7461
4811
1359
5582
544
3705
5090
912
6844
9023
1890
7082
8106
9135
2682
8553
9880
6950
8400
3591
7021
5802
4259
9986
1353
4931
5040
1728
5434
5878
4940
8910
8733
8311
4576
648
2727
6821
938
9285
9374
3532
3042
5750
5288
1701
5495
5112
1278
3766
7042
3168
5650
1058
5264
2211
7930
8878
5600
5640
6551
7969
7939
6640
2939
2735
9130
6973
6431
976
6880
2010
1249
4458
6032
6597
4258
9386
4263
6631
8441
8486
7408
6596
1456
2290
9870
3076
4490
5587
4020
1056
8023
3714
9581
8540
6523
4275
1548
7521
9758
3056
3159
6456
8016
7813
9113
1287
3147
7220
3111
1197
8540
6932
5280
1866
6710
6818
1211
6738
8525
3375
7708
1920
3172
5017
8340
656
4176
7602
5929
5510
3615
7420
7356
1040
4679
7640
8648
9818
4411
5696
6770
3798
4633
8094
2944
1312
6904
4823
8134
8458
2826
938
5355
6588
6788
1615
3183
4808
2652
5101
4560
8857
855
5456
1548
5825
3624
8077
1100
1899
3744
2255
5660
9324
720
3712
6894
6154
7388
6935
4744
2882
3098
9163
885
2930
1858
9376
1555
6232
9966
9273
4056
1254
9189
5139
7488
6249
5292
5740
3892
4965
1408
1198
7950
7605
4680
3150
8833
4237
8667
7154
6286
1320
8320
3072
8442
5819
8832
3549
4347
1368
4224
3072
3630
4390
4100
5028
8833
9411
9370
2141
6838
7531
6716
1984
4124
2733
6831
8082
9242
6816
8106
6039
1348
7206
4360
9817
1390
6830
3754
1728
9231
8634
8322
9905
5096
9728
910
4266
4267
7590
2199
9696
1258
5034
2721
1117
7590
4633
3468
5225
6976
3727
816
512
7651
775
1272
9696
9833
7006
660
850
5687
8754
9856
7084
6399
6403
9600
4300
9250
8250
7766
6420
4196
2940
6170
8172
6840
8192
1392
2891
1274
6812
4409
4866
7360
4270
6830
8874
2218
9928
5598
3982
4813
1248
3438
8910
1564
1390
1026
1687
6874
3575
1714
2729
6314
4258
6820
7185
4572
1962
6820
8880
3768
9296
2928
4830
4515
2685
4800
2680
3083
1570
8460
9335
8258
5867
6600
2720
2720
2274
1677
3405
7190
1085
4632
8321
3865
3927
6877
6354
6570
575
4365
3519
2803
6156
3500
6336
9578
1408
9016
4549
923
5346
1467
8032
6778
6643
6468
1568
3423
7037
4301
4285
4125
1360
1704
5353
4176
9176
2028
8993
5029
2564
9090
3890
4128
4263
5546
5157
8496
9715
6880
8668
8156
4010
9642
9409
5864
3057
6593
584
2610
5514
8628
9130
9386
5277
3627
6523
4554
4926
4608
3939
4672
712
904
7029
2594
7040
7576
8256
8085
5418
8495
848
8152
6821
6827
5312
2154
8510
9362
5156
7381
3924
6122
8356
1600
6446
9560
7192
9050
5499
6120
6800
1037
8021
1567
7338
1706
8367
2784
4672
9414
2568
2245
4010
6817
7953
945
4269
4262
7010
5066
9368
5188
5705
812
1608
1420
6876
8412
6816
1706
4464
6739
4878
7781
4114
3181
9846
8628
561
8016
6194
1417
7449
8945
1808
4356
6922
2723
1836
7403
3256
3225
6734
805
1620
2098
3788
6240
4875
6868
9455
7961
4441
1850
6585
6517
8921
8845
7265
572
4552
5013
9559
1712
3720
5379
3178
2387
5197
4730
8154
9858
617
2960
2474
4261
7800
4071
1753
9300
7140
1585
4260
938
9558
4607
5025
2730
9907
5072
2470
1763
720
2131
1900
4318
3404
7152
2064
8238
9863
5222
4362
7850
4265
4256
8025
8065
4847
1156
4869
3102
4191
1292
8734
1061
2520
4187
8040
8768
7041
1032
4492
6696
4275
8863
6463
7646
6810
1683
1637
3198
5872
4573
7356
8340
4259
5034
2370
3498
9253
7566
7902
6395
2465
1260
8506
8445
1083
6756
1662
4063
1793
4760
5833
864
9476
3828
2681
9646
7264
722
2567
3111
9200
7352
735
8384
9360
869
8892
1192
3973
5886
2035
8852
5546
1194
5256
5584
9684
1156
4864
9137
2106
4174
7922
3818
9923
5786
3936
7792
2735
6830
4289
7325
6591
3289
2434
828
7392
5019
6584
8100
1309
8830
3601
1100
9945
1490
3020
4162
2420
6462
4208
5312
6820
2726
3498
4260
2195
9020
4906
2795
2900
2080
6864
8423
2593
890
3156
1349
5620
9285
7371
6978
2183
2184
3461
7072
1010
6338
4110
5169
3227
5474
2218
6823
6672
9642
540
3443
828
971
2673
2171
1408
9627
8620
1858
2680
3809
7594
5034
8940
4500
4140
7949
7179
4565
4140
4329
3205
7787
1063
2028
2051
3619
9010
5456
1331
3405
8389
2650
5606
9100
2430
2838
1125
6060
1807
6320
3831
3841
6440
633
4211
814
7830
949
711
4139
8788
8469
2708
5317
3261
9780
3825
8384
4608
8924
8221
7730
2494
7820
7538
8000
7152
8233
6570
6822
628
1476
760
8153
8194
4232
4977
8932
4014
501
521
5319
5258
4750
7106
7477
2744
2563
9118
990
7228
797
1609
8550
8874
9335
2098
1452
2646
4463
9367
7050
5918
6661
1097
4260
6213
2490
3488
9297
8600
7412
3520
6525
8165
8592
4885
2392
6623
1584
7057
1875
4260
6824
7338
2726
5847
4208
9976
4905
8362
4522
6785
2431
8624
9429
9555
2268
4962
7995
5326
5070
4624
8820
5285
6482
2438
3600
1529
2202
3705
7047
4512
5966
1928
2070
8106
6822
645
9720
2115
9600
3949
2288
770
5828
5940
9824
2624
2185
2641
7290
2205
8528
7060
794
7296
6085
8737
8144
2555
7140
6922
6922
6289
6641
7538
3720
8307
7056
2232
4762
5698
5842
1208
6050
7454
5780
1226
8600
8490
7254
8330
9660
7910
2723
1280
3376
4158
2846
3908
6176
3220
5330
5876
881
3033
1568
6760
7762
5321
7824
2154
7212
6140
2656
2904
900
2220
6214
2400
2484
2865
7057
5021
5440
9487
8400
2833
7080
2826
4362
5175
4609
3242
1450
8280
7687
1309
1810
2180
8028
7839
9036
6830
6828
9108
3053
3560
1089
2706
1112
5346
6828
4175
6850
7884
5892
7594
2726
9507
1155
7470
3160
2067
1329
784
1850
2248
2368
5440
1681
3014
2594
9132
4288
9443
4004
6819
9898
3150
4553
576
2548
9640
4152
4259
2986
2678
923
9417
6849
8190
6663
7805
7665
1199
3760
1845
2242
6892
4410
4608
2184
4692
1655
4616
5637
6664
1774
7480
5337
7839
3200
1665
5400
5760
9053
3616
9277
6682
5746
6413
5156
2728
6672
2204
611
5168
6113
3504
6715
3760
3247
6820
2732
7707
1025
1510
1520
7348
3534
7660
6187
5381
6336
4769
7956
4235
1764
3250
6691
6892
4626
2649
9920
8106
6831
2724
6822
3770
3650
4855
4464
4752
1976
5874
5256
5753
5828
2972
4698
6591
5445
610
1186
6908
6480
1560
4208
7891
1371
7462
875
6830
682
2460
1412
4473
8701
9001
8164
4259
4010
9542
5410
7522
3744
7429
3442
938
2729
3259
9000
1959
7420
1051
9840
7114
4128
2695
8285
9284
3991
9348
4499
8968
9959
1795
9980
3662
3495
5214
1362
8016
8647
3850
4151
1408
7864
1844
6936
2815
3146
3799
4047
8483
1482
7600
578
2986
2734
8908
3615
3060
2497
5039
7740
5616
3360
4732
7181
729
712
5863
4654
3408
8770
7850
6825
7560
3264
7310
8284
5064
690
4266
4263
1962
2986
9649
5865
6515
5529
8447
4921
587
7950
9576
2909
1450
3498
8325
4181
8264
2284
2590
9411
5332
5712
9300
761
4260
9130
4522
4264
3276
5745
7075
1178
1143
5456
3083
1500
8340
3830
5880
3596
2727
9386
2912
1252
1706
1962
9774
7424
5784
4485
6149
3602
765
1632
5516
5481
4764
9315
6922
1962
1346
1701
2727
2720
5040
4979
1450
1706
916
8879
1425
7089
6408
1556
2130
2257
5792
6092
3099
3360
9576
6263
2220
8426
9593
9214
6480
2244
4642
5156
9029
4173
3614
9498
9600
3669
2460
5274
4004
5362
7994
3794
6308
2745
5682
2050
6314
2728
9009
2919
1608
570
6393
5168
8370
1457
3936
9735
3484
615
7935
4025
7209
632
6126
6820
5929
721
4400
7370
4166
2888
1647
4489
1434
1404
9583
9093
2733
4362
6824
4263
9557
3813
1692
9928
1128
7990
765
2661
9639
4552
9759
4860
5679
1184
2892
5123
8470
2104
4258
6570
2990
3005
3660
1086
1280
8623
3970
6330
3120
7337
9796
6600
5034
4258
6205
7990
5890
3030
6880
6876
3556
2177
7727
6580
9130
550
7695
6035
1426
6216
5306
3066
5467
5404
4269
2723
6821
2732
6486
5598
3827
6992
2167
9797
896
9543
4563
9323
2096
9216
7440
4336
8002
3825
8220
1104
9486
7067
2099
2158
661
4970
8279
2052
9976
7545
5699
4184
7742
4949
3721
4774
6307
1862
6672
2723
5299
7420
5317
9274
8028
6155
4260
4263
4920
8983
774
7501
8272
1131
2880
2551
6525
5867
6831
6826
1300
7159
4010
2726
6166
3653
5715
5136
9790
9661
3565
4370
3471
5780
9139
7496
9480
1160
6108
8902
1985
6699
3270
563
6177
7220
1010
619
5184
8635
3132
3995
1540
550
9960
1720
7850
4256
2187
6330
2448
7695
5300
5337
6660
4905
7946
1860
1884
7455
4267
6822
7810
8529
4972
3456
1035
7530
7514
2446
7061
6403
5925
2199
5328
544
5685
3466
8616
5209
6672
740
2737
6132
1018
6188
1814
3225
6669
3477
4912
1156
4616
533
3817
3936
4416
5016
4277
9435
9165
1440
6331
3681
5083
8004
9121
2800
8654
4304
9345
9947
7417
6228
1764
7851
1084
6916
3293
4879
8430
1042
4240
1081
720
3341
8236
5918
8874
7976
7774
3439
8210
9990
3156
3445
3405
2843
3323
2603
7010
5155
3660
8713
4146
819
3272
9300
4263
2728
2265
5475
9886
7232
9130
2826
9920
9659
2013
9370
2180
2257
8977
950
4824
7326
4293
5147
657
5346
3211
9505
2100
1933
8118
3926
5700
7434
4362
3754
3864
1631
4107
6140
7916
1400
7755
6383
2986
4267
4195
5742
8047
2008
4980
2955
9841
4459
8027
2641
9495
2654
6450
717
8440
8148
6718
665
1801
8919
7405
4780
4576
3149
3771
4426
5034
6826
2734
7338
4267
4256
6828
6820
2218
4270
2897
3887
7536
6200
4260
3242
6129
7812
5133
5940
5722
7280
7736
3592
8618
2728
2912
7798
9241
640
6824
4522
7794
832
6689
9691
1564
829
4631
4190
5203
7686
8788
540
3244
7412
8983
8416
6147
6464
7566
4843
2826
4496
812
9086
4370
5983
3562
2127
6464
6520
6912
9409
3264
3420
5198
2453
5481
4433
516
3130
682
4268
6149
599
8106
4269
5704
2584
4272
9369
4551
6435
1607
6523
6061
8467
8208
4058
5558
2478
2675
1095
6494
2460
5940
7076
7424
5664
615
2017
641
8332
7560
5057
4492
1656
1803
572
7813
5291
3952
5454
3498
2733
4232
2068
1981
9849
4815
1041
8831
4536
4095
707
4320
9003
1598
3237
5675
2124
7074
3201
9572
8755
7594
6570
5185
6570
1221
2307
9815
1210
9625
4296
6827
2728
9396
4181
7530
5200
4010
1706
9135
8843
3070
2572
7414
3935
1932
7455
6080
4252
9087
4577
7068
8405
3216
7080
5360
5988
8656
8910
2733
9386
9376
4712
4120
969
5512
4731
1938
9670
1242
3072
1640
4610
8130
6322
1037
9789
1755
3288
7125
9010
6633
667
5447
8280
2390
6579
3888
8200
1727
5443
3754
2218
504
5773
7368
4677
9985
593
1045
4959
3835
1920
5440
1830
7146
8960
6120
1556
5161
6588
5104
2949
4326
7735
2904
4408
570
6483
7830
7260
953
9945
1450
4263
4763
1859
1549
7101
5419
6195
2732
1450
6827
4256
1595
5473
5340
976
7425
575
7738
5916
6827
6828
2721
9130
5980
2264
3891
8100
6817
6821
6922
2734
4271
2734
8756
1820
4139
8379
6888
1681
8604
4603
5741
7800
1461
9937
8106
9130
4490
1970
2913
555
8220
6924
2474
4257
7851
3042
1932
8377
2430
5902
7470
2174
2407
3340
897
9792
870
8707
6243
2210
7568
8934
4231
2070
2090
9041
7885
3706
4248
4617
585
4717
4518
1445
9374
9405
7066
4828
1549
4473
1020
8361
5290
4522
807
9568
2970
6401
1003
912
8994
2314
6534
8962
6130
7410
5009
7568
5700
9513
6035
4905
8523
9229
4870
5645
7119
4139
6826
6570
1207
7388
4162
780
4230
1881
5005
1693
1185
4100
2080
2414
2190
9035
3296
1332
3210
1807
9666
1446
4665
2731
5921
1001
4610
8876
1530
2803
7310
1396
2572
8830
6400
4518
7317
5826
8396
8400
3242
3242
9982
5390
8909
1872
2511
2074
4095
4249
9025
6116
5395
2940
6225
2025
1296
5366
7338
6829
7040
2893
5890
6460
504
2105
3765
8060
681
9189
3090
7220
5376
8356
1669
6840
1000
3303
4184
535
4270
6827
3197
8645
6520
2974
7648
3159
2820
8569
9742
7524
5540
2023
9617
2535
1618
5144
9095
5104
3780
4113
9852
1692
9438
8800
1707
1118
4171
3972
1476
4224
5653
1727
8786
5296
6922
3016
7729
6075
5689
4308
6232
1121
9227
5608
6283
3982
2723
2721
3296
8318
8150
4644
9360
8602
7504
8374
2730
2721
2269
2595
8280
6271
4664
3960
5565
2079
4273
8970
2873
8092
9986
6820
1976
9162
3150
4859
6119
6358
581
9163
1128
4646
2729
2724
5720
3552
6480
2466
5694
3401
8028
6410
550
3039
8362
6825
1845
687
6327
9256
9101
3600
8409
512
1095
6120
6489
7161
7673
8250
3355
2480
2400
4460
4655
2483
3784
3081
1541
8600
3560
8832
7872
751
7132
3900
4260
6823
7690
2579
4284
8203
4992
9801
2646
5672
1222
7433
4598
3392
5984
7295
4287
6154
5740
7546
9426
6765
6823
5546
6959
9526
9299
3888
3570
1305
5325
2028
3390
5363
8850
9846
4293
7170
6858
2148
5238
998
6623
4334
9217
7760
2725
2728
568
6272
5624
3435
3680
9740
4823
7489
3636
9336
6070
787
5568
4138
9468
3742
3359
8120
6822
5546
2231
4883
1188
9473
2424
1609
4100
656
3215
9712
6138
5226
1262
3536
1033
1992
4362
6822
5612
4608
8910
8199
2733
5083
1343
3405
1706
6826
4120
3202
5505
8540
8970
3140
6688
1006
6871
5220
4809
8820
4107
9585
2393
9594
506
725
638
6696
762
1183
1319
6341
6821
6314
4255
2782
1824
954
3974
9424
8827
3618
8588
8658
8810
5960
6770
6795
5874
8376
8828
4160
4249
4326
8339
1422
2912
4279
4806
5056
9440
3765
9924
5899
5268
7656
4257
7082
4336
2802
1568
7632
7231
2205
9898
3242
8936
9867
9896
612
3430
4737
7280
9050
7518
6083
1776
1780
4964
3735
8720
2700
8023
4158
7200
7554
7320
4450
3307
1258
3246
9288
6042
5145
6630
3615
6494
5244
5381
8868
2576
1962
4181
8307
4923
1456
1386
1866
1952
4405
2884
4753
6818
6828
3310
5700
3553
3244
4262
6827
5475
2385
8514
8845
2727
2733
9025
9450
2896
1080
5424
7849
8651
845
6926
1955
8602
7618
3598
8351
5201
2849
7200
8482
5334
513
8112
1514
3861
8920
1245
2041
1512
1183
9793
6636
9275
7102
7020
5809
7942
1579
2730
4265
5510
2313
8740
7495
1378
881
1347
4900
9675
7694
4223
3776
2664
1744
1928
8260
7514
6684
8908
5526
4794
2626
2054
6712
7331
2144
4677
4496
3325
7833
9990
4122
8663
2376
1728
5035
7518
5950
9198
5123
3365
7942
1620
2745
8262
7038
1888
5749
1632
1769
7200
5553
1420
845
2034
5796
1164
2664
8020
5035
870
9038
8458
4262
9765
6013
583
5292
4050
7974
7929
5814
8195
7620
4258
2729
8034
1881
5760
9381
8904
6977
9990
3361
2892
2040
1097
5350
1601
9335
5301
8685
4271
2726
8811
9336
599
4169
3330
631
2992
7589
3452
2992
9904
3782
2675
9000
5162
1260
4905
9516
4964
4080
2436
3715
9457
3444
8840
818
2729
6922
3242
682
6008
2066
3218
1464
774
7459
6835
6681
2729
5034
8740
9126
6828
2728
1482
6036
8775
8864
6985
7657
5981
4505
4617
4920
7007
2247
6127
1859
9882
2671
4770
9374
9450
1728
7942
5905
8540
3534
4573
2048
7660
7972
2603
845
8793
8388
5520
5661
5049
9228
4845
8146
1025
5922
3685
8279
8043
987
4732
9372
3390
6889
7056
8657
7666
2068
5634
6225
4262
6823
1990
1472
8874
4265
8444
2960
6185
6358
4808
6816
7644
8405
4268
6821
4148
8965
5005
4556
5715
5400
820
9715
4627
2933
6876
3848
3559
3240
1720
4479
5472
5038
5034
8106
7199
5372
2178
8266
9775
8956
3217
3146
9075
6294
846
2585
8670
7813
500
5644
2369
4900
3992
4128
630
9318
1492
8325
712
5215
2241
5432
6392
904
9540
7508
5688
9053
1850
6432
8278
1771
6759
8604
2013
7690
1166
1386
5455
5328
6400
3621
6380
3091
2691
3457
1962
4267
4884
3444
8768
8164
6800
7052
1725
2276
2661
5970
4085
7061
2816
529
7210
2667
3379
9177
6475
3962
5787
7392
2723
4269
9875
9228
5814
3862
9752
9032
9522
5904
714
7437
8844
5955
4233
4005
6446
1684
6818
2826
8520
4401
6545
3622
5377
6360
9570
7179
6928
1224
9702
9832
4985
3435
3367
560
5336
9857
7367
833
2491
1680
714
3405
4264
9130
3915
2288
4294
5930
5185
6807
8258
5245
7540
566
7810
8817
3796
5264
8754
2145
5455
537
5708
9480
5368
1593
6806
9328
9496
2288
2452
4336
3132
803
5988
1867
2731
4269
2873
5694
503
5900
6474
3887
689
9239
3243
3968
3186
5777
5936
5677
5180
600
2386
4368
7758
3371
7362
9192
5400
4589
6117
7660
5794
3060
5500
7407
984
3443
1326
1168
4263
6819
4265
1194
5546
2722
5096
9731
4100
7435
5454
5947
3637
720
6922
5546
4628
2840
3840
2410
8618
6823
7338
4522
514
3615
4270
4266
1740
2046
521
3369
4444
9477
2288
5733
4692
4140
4564
9611
5600
8134
3146
9309
9040
9730
4146
7857
2112
1161
9856
3728
7722
9284
1285
1474
3498
9642
2130
1172
1927
8784
4769
9252
8364
7962
1341
6858
8654
8320
9387
534
4271
1450
8751
5025
9915
2199
6960
3204
2902
5238
2727
4259
3607
3600
3124
2816
8868
1625
7910
9667
2408
1925
976
2893
2540
6200
1360
8689
6150
8674
5592
5717
1194
2576
9222
6140
2735
2729
675
1910
9816
8559
8455
6799
2720
4263
2178
1964
8280
7632
9524
3870
5836
2388
4095
5104
9509
3876
2125
6424
8598
8840
4980
8670
5761
1134
9647
7458
7584
2235
6156
6311
2313
9260
9706
7989
4268
7668
7441
6076
3907
2925
8225
1869
1181
9672
7956
8820
1083
9900
3523
2575
2728
2723
2720
6818
1313
9267
5508
2245
9251
2541
4548
564
2654
1365
2726
2724
6751
6545
6480
7920
8458
9130
1913
4576
2727
938
2933
8281
4080
9731
9160
5438
1194
6314
7082
2724
5916
3258
8307
3480
3240
3448
4550
8294
7810
4160
5000
4126
8749
9451
8968
2280
3384
7880
1308
6410
9761
3600
5144
3798
4014
4244
5054
2490
8140
7652
1420
8802
8400
5666
4543
4326
3328
2907
1937
5333
3810
1898
4097
7160
5398
4155
7640
785
9027
8144
9963
5896
9812
5028
9808
8544
7864
8513
7955
8832
9600
9907
4898
2724
1206
1682
6786
1100
5086
8514
6007
4224
6216
1539
5464
4110
4182
7857
3811
8721
5631
9408
6496
9472
9150
9178
8030
7519
1302
2793
4988
9324
1450
2152
9912
5229
6570
8362
8144
1666
7320
9091
5249
7764
5512
1329
9328
8349
2280
3753
4041
3216
3205
1950
5679
5632
3444
3857
3206
3052
7040
9508
516
9705
5380
9350
1309
5201
4269
6824
8311
3072
4471
6863
4160
2925
7290
8844
8940
4513
8789
3230
9613
9936
2630
745
3936
8748
6922
2728
3700
2068
5568
7700
5902
9946
4768
1507
2410
4744
5790
7620
6039
6360
1927
3760
2241
9704
