9598
8127
8048
5130
2271
3436
9364
2185
457
8710
5684
7234
9814
9007
656
2311
6362
4955
495
449
6274
8778
8363
4882
8971
5023
8677
2665
9000
9210
5750
1220
3763
6045
44
3113
3472
5453
30
3873
3536
2012
4480
2158
9473
5968
393
4173
7258
4395
8936
252
4844
8530
2007
8121
7321
572
4332
3082
1679
5532
9486
1395
8317
4369
6789
3137
7138
382
7988
3135
7548
880
9670
2465
6205
1009
3765
6189
820
2136
5990
3136
848
7770
2575
9867
7197
5724
3352
5369
7449
4268
7446
7233
367
1392
899
6008
742
8640
5235
5516
3478
6737
6226
1440
140
303
777
8866
3455
5465
6709
3040
5953
2371
316
8219
7612
1789
2446
1597
730
808
8191
5193
872
1601
9591
3712
7973
9224
6250
632
4994
6264
1868
3017
8180
9732
7079
3941
5227
7681
6061
6668
7375
4026
4834
2144
1325
3949
3407
9936
5351
3467
4288
4289
2364
293
6859
9043
8143
700
1520
6261
7232
8307
9983
9488
1400
214
5668
1864
9286
4167
7610
9232
1647
3096
5941
2421
5121
6848
4885
5768
78
3045
5883
4433
7316
3343
3008
3034
9808
4815
4166
6806
5518
4123
4149
9210
7596
3437
5826
5439
4008
5832
4960
294
1306
4154
2165
6830
4237
5759
2814
3718
8838
7883
1650
4702
5458
3807
1240
7109
1937
884
3325
931
1960
4612
1181
171
4876
289
861
1947
3514
1321
4446
5124
630
3307
9536
9768
6756
9819
3771
9512
7067
3284
5019
3828
3264
1156
5515
9927
2760
9115
5172
6961
3263
4851
8255
3459
6783
5249
4583
2775
5085
3271
4556
3840
5901
886
1128
1106
2305
2025
2289
9857
7873
2450
8720
7034
7289
5816
5863
2819
9342
5512
1862
9176
4512
9030
2893
9011
3806
9765
7149
2711
8656
454
2269
8304
5295
2446
618
2125
7066
9547
3220
8637
9188
2124
5102
3024
4455
4323
9222
3574
660
9745
7656
5287
7169
3809
7549
927
9814
2270
2462
3257
7291
7473
459
7365
6552
9859
6334
2800
4560
4407
8531
425
1472
1363
7128
5994
1385
9085
3817
9042
6765
9613
1183
1866
3710
6609
9855
8422
2761
1333
8257
5410
5525
7739
5806
4176
8748
7488
7274
1149
2019
5446
4330
6998
2626
2967
179
2922
3533
2404
2684
4485
4067
3211
9339
347
801
2913
7521
3995
8509
1878
7262
4171
6525
8263
772
1005
3611
4431
4007
2558
1468
4597
4083
6699
4026
3616
2243
4943
6246
7562
6090
5734
592
7596
452
2226
1035
1895
2535
9027
5915
7216
1642
8114
260
5974
5102
9340
5168
33
9631
2444
8870
5252
8089
4942
2298
9395
5401
717
9
7428
5405
4613
6160
116
5456
1796
3322
1227
2185
8994
3737
1227
1058
6749
5212
9693
151
793
7240
8885
231
5256
9700
2299
4637
1929
5746
9530
5382
316
2806
7431
9190
4905
724
7254
8019
8291
2971
284
3198
5119
6575
6491
7680
1018
3044
4718
9022
6835
1874
8186
3434
2195
7715
5314
6903
4934
4465
5894
701
9052
1256
2477
3918
1518
5956
549
4282
7324
1623
7922
3917
7088
6795
1224
4197
4941
9197
5742
3664
4738
8879
8335
2751
8334
6907
8972
1285
314
9699
319
9872
6778
5705
3759
3895
936
7241
349
8187
5519
498
5274
1126
850
4381
1249
9231
1353
8113
2478
7832
6824
8350
7889
5334
3708
5272
5241
4858
89
5865
134
8147
782
6490
3844
7933
9727
3741
8822
8490
9759
3371
9863
4840
5786
9274
9053
4952
1089
9541
4313
6522
925
6778
8963
4819
9068
4239
597
4017
3605
1078
7980
7485
7560
4778
2054
9169
9321
3965
3135
4102
566
6668
3020
1759
4112
6722
6847
384
5816
9976
8094
8039
4834
4251
2637
7968
5973
6924
5686
9539
5955
8968
8879
6208
5931
8640
3852
6814
8606
2604
5379
1933
1649
559
8949
4047
6474
8043
1126
6544
7597
5093
8276
7523
4718
4721
7318
1961
3937
1534
5879
7260
516
4602
7421
1858
7298
2907
9052
8376
812
1600
4446
912
7537
460
2405
9964
2462
2085
3797
3228
5468
2588
4403
4685
4161
7814
9573
1464
8736
9070
1684
7717
3517
288
3082
4820
4000
6375
4649
3756
1949
4436
8167
2511
5102
3217
5176
6295
6255
6485
4110
6392
4264
7706
1351
6042
4663
6060
2244
4678
5864
7287
5035
5452
3052
133
3278
2712
2402
5511
1103
3019
6630
2792
7261
7677
6261
4532
8409
9794
4369
1026
9959
5806
8327
1573
314
2131
1814
1024
629
2498
1556
7101
8932
3081
2466
1975
723
4160
2793
121
2949
1243
2208
6267
6564
1440
8656
2626
9826
7604
1303
3970
5652
2771
9855
7434
9317
3671
256
5899
6818
3508
5710
8601
6880
4360
5983
1921
7512
5166
673
7907
1065
7994
1912
2815
3525
7819
6953
434
2275
6206
4470
5467
7768
6965
1228
7673
234
4478
9457
2896
4833
6338
950
3482
4747
3827
3567
5838
9846
8601
2623
6814
2569
3575
6357
7380
1468
9196
722
160
4620
3150
4549
1966
4432
8852
4207
1060
907
5834
6536
8620
5842
1494
508
1084
7842
5824
2242
9127
969
8810
2468
722
8587
2890
3016
984
645
9880
1278
1567
9620
6909
2327
2682
5928
2663
3525
7883
936
8645
6860
1666
6499
1127
8907
504
5971
7990
6997
6771
5983
6106
4974
3220
8535
8183
1989
5706
6382
6252
7743
4654
5956
6565
2828
5573
369
7436
8091
8471
1214
3233
8082
3327
6710
5192
9329
9301
722
8351
1421
1436
1326
5460
8752
1586
2384
1552
8371
4244
1145
8543
2157
8458
2029
5034
4226
1366
2419
3487
6650
4323
5392
9187
9331
7017
5976
1975
7456
274
7650
9522
5112
74
9582
7188
3665
2923
4771
4023
304
8774
882
17
1647
185
7477
6265
7476
3436
4035
2822
3465
689
4436
3425
3160
9508
3955
4102
4769
5455
5721
5405
8472
4444
6578
173
818
8288
7065
8617
7618
7129
80
822
6140
5373
4068
6031
450
5192
5923
9257
5815
9761
5432
18
4553
7730
9015
2628
2787
6310
2170
6928
3155
7822
2130
3466
5509
9028
6209
744
3607
2382
509
9676
4361
5231
1207
1710
3567
1184
2436
3717
4609
3249
2232
2452
809
429
65
7587
9372
2349
3645
6534
6186
2597
9603
4238
283
6522
7853
8059
8196
9105
6453
9457
5801
2334
7782
2903
4817
9735
2691
6518
9547
7953
1156
3972
6341
9453
686
1423
6253
4579
1519
3863
4206
6169
5741
7934
8535
9402
4286
7274
1237
4851
3431
3436
832
2987
1515
317
3109
6620
4250
1156
5885
614
679
1807
8511
3625
447
6656
2410
8282
7691
667
5060
5430
5599
8857
4575
2855
6712
4807
8554
8906
2780
7819
5716
2919
8330
5198
7520
2230
7907
262
4522
5806
3076
4060
4293
4740
5868
5897
5424
8906
7959
1736
9738
3274
8180
1922
873
8196
8240
8866
6213
4218
5305
3629
1255
6743
4098
6211
6985
1073
7247
3885
5331
8736
9832
1767
9054
7329
7290
9089
9792
5016
9962
619
6894
9835
9232
3001
3140
6825
6445
3198
9671
6608
4376
8799
8968
1611
5614
7696
2716
2114
1904
4569
353
9044
3213
6715
2758
7293
6894
306
3684
6121
7896
7205
8971
1704
4200
1543
3376
8576
7631
4327
3294
8678
2408
4195
3228
7068
2113
291
925
8797
176
3043
8883
7455
6645
1751
7943
2846
8749
924
1215
4662
9174
1809
2900
6415
9239
8708
4750
6434
5668
4045
6646
5267
9382
5414
4479
4322
6988
8239
9623
3389
5661
8696
8297
6034
3014
4461
1263
7315
1015
4998
1390
4006
5164
7516
218
3795
5476
2413
7843
5950
9685
1610
5384
8234
9915
1532
1879
3544
9542
9958
8914
8390
1529
8440
4755
6361
2016
5374
9278
5737
8742
1692
662
4182
2383
1788
2091
8381
2605
1337
8528
8804
5650
149
6025
5039
9827
8778
766
9002
4862
1110
754
4001
688
6536
5876
243
643
6803
328
1358
8673
1487
810
3563
1981
6775
1732
5665
9620
1071
9386
3826
1945
9551
615
103
6849
927
5894
7868
160
4879
2084
2322
8814
8730
4538
1996
5646
7441
5357
4454
9105
7671
7022
848
1015
3218
7233
6071
2607
4687
2756
1786
7212
880
2429
6173
1173
6080
6877
9325
3352
3199
6654
3582
8853
2308
7015
7232
5620
9428
1485
1680
2674
4259
7117
9327
4249
5903
1622
8565
5328
5799
4407
7359
9206
3472
3857
3750
4885
1307
9330
9096
4794
7897
2755
6634
8704
3341
2778
4793
7042
8273
7553
5619
3275
937
4570
2765
7141
9548
5770
8717
5628
125
5792
4642
2284
8332
4067
809
5339
1881
8990
2056
759
6601
9094
490
607
3420
5761
7841
9170
5334
7908
1000
897
9961
4096
5214
2858
9834
8042
3330
4452
9167
9307
6158
9101
3187
7099
5947
9172
6558
1957
6659
4557
5494
6188
647
4164
5939
6375
6060
8339
5083
7633
7801
6848
9113
4984
5160
2630
7303
8502
5479
896
4817
9606
4227
3594
9190
1593
9805
6116
5607
6010
263
419
3879
6205
3574
4885
8631
2116
6909
8782
205
7494
6165
3331
6781
4299
4148
5164
8201
84
5193
536
3257
8498
3268
9969
6987
3431
1986
2778
8994
6487
4779
9035
9288
6764
7449
6058
3359
3186
9948
4134
1729
216
9635
4391
5260
9892
6023
2600
6553
1599
1085
534
6705
294
9988
4377
4436
8405
2428
5070
4882
5704
7837
317
3153
8355
8806
3464
9164
9842
6085
5560
3799
8204
9371
4841
3572
9838
1520
5407
1477
9212
6267
3085
5315
1962
7272
5830
9120
5692
1940
2970
89
4019
8535
6002
2245
5998
5123
7929
2184
8338
5857
5786
3044
7087
7559
7815
9753
978
1639
3323
9847
7721
2621
1380
6729
8948
5762
2384
3657
1436
3855
1123
8548
7063
4471
8463
9569
9563
761
2552
699
9558
1461
1960
2668
6398
9836
3919
5235
5693
8711
8681
1153
8422
4592
5627
1005
8604
8107
4885
6423
9049
6520
3785
5764
6814
9926
2874
4308
5066
2081
4252
6770
9549
8160
1169
5083
2338
9289
8099
2659
9375
7537
4068
7093
4241
880
8011
663
9508
5043
7991
1007
8531
9930
3775
7165
3956
9397
4859
4362
6997
6694
7659
6662
7485
2442
8596
2381
9134
5807
9767
5223
4517
6909
133
9506
8428
6933
3238
5446
5363
6577
8758
6012
2065
1849
8528
8282
5666
9217
4386
8701
6466
1957
8285
5953
3268
7796
1952
7147
168
1368
8959
9055
4206
4297
9770
7699
8542
9875
24
9885
4385
149
6822
496
2102
3492
6540
2957
5499
8223
8050
8216
7501
6798
4103
5126
5164
7244
6931
4785
653
4604
7101
1365
6740
6843
2641
1139
7120
7628
2692
5898
3051
3735
2940
58
5834
4034
7218
4076
9404
1278
4954
1534
9323
5513
285
2118
1916
9426
3456
2320
3333
475
8007
7096
2851
465
2509
8105
5788
5311
2677
1893
4423
7824
2048
316
8709
7123
3701
9830
2498
832
3338
4842
2474
5015
8482
4155
3391
6703
9492
4111
1505
6150
1839
1848
63
2620
9417
7794
2306
8858
6442
9727
7008
5507
5277
1462
2470
425
1542
2497
9916
2391
1979
8786
2048
4142
1927
5946
3275
3889
9281
6695
9146
6130
6123
5717
5887
1613
7994
1897
564
5188
3348
9627
2599
8981
8048
7285
6569
8727
2967
7942
7518
3946
455
4990
6295
2606
2784
4674
9742
6205
9997
7952
7588
8895
5458
5316
7554
9884
7110
601
7858
4370
4407
4336
3114
1949
6326
3808
2914
9380
658
5392
416
149
4103
2317
9125
657
7881
6969
2528
384
4381
1097
4667
3277
428
8718
3275
1653
6912
8284
8055
1146
1567
1819
9349
6351
3090
7738
1420
5636
1104
8721
5743
7693
8558
1706
6148
9103
603
1652
2897
7691
5878
6071
6765
9306
9981
4535
998
6764
8118
4468
8712
3310
8063
2365
4275
7625
8794
983
9127
3580
2068
8912
6263
3126
1172
5026
7157
9151
1136
5733
4456
3082
2604
5604
6516
2150
4588
964
4400
6845
407
4892
408
105
6494
2799
2811
837
680
6093
284
3432
3445
4675
2844
1487
2206
6121
5514
3024
8029
3695
240
998
3311
9389
9453
2246
7648
2768
4375
3086
2094
3108
3691
506
4160
780
6639
5613
9559
845
789
1663
2735
1831
7281
9804
1345
9015
210
3223
1876
5885
2260
542
7553
3991
5833
4868
331
79
8492
5945
6920
9467
2692
9885
5508
3687
2988
5360
3726
124
8454
2001
6061
8845
7201
8641
1861
4495
8225
2315
2993
7801
7426
1635
435
4544
4388
5425
4687
1154
7448
6585
2346
9946
5199
9675
137
2204
7497
9668
1764
3382
3781
2602
9736
4218
4080
6005
9423
9106
9209
6231
6154
7242
4382
9592
4825
3295
822
44
875
4881
1676
4526
4977
1691
6144
2980
763
3679
1400
5581
4599
6542
4008
3410
906
3127
1368
6978
6752
7953
4023
5601
9580
4532
5740
8441
4332
7931
8996
3231
3212
5233
6852
8138
5710
4474
7780
2971
9936
1401
2175
7364
3339
9925
4287
6786
9573
4744
3635
832
9823
8024
426
4066
8622
2572
9142
1614
9976
5206
3592
4322
3305
2339
4984
9916
8636
6873
6410
8792
6170
5406
8627
5329
1782
7632
7384
5483
6298
4428
7261
3610
4793
7040
5947
2044
5736
457
4036
2314
7328
1710
1625
5736
6383
1805
180
4474
7951
7790
6184
6544
4477
2273
6553
5713
5200
4512
4048
7286
5643
3561
7801
1597
1183
8164
336
9432
7593
1364
6057
9464
6373
9661
1474
9400
6282
140
3686
5311
267
4350
7314
6598
7314
7822
3417
8804
8549
3291
3149
4698
842
570
5983
8617
7539
6074
2520
1943
2749
2102
6548
2557
525
163
261
6336
5432
6524
9944
1871
3165
298
8849
7539
5052
8068
9550
4862
6317
2768
5361
4213
4232
9073
4586
568
8733
4696
6336
886
2537
9346
1820
2277
452
7538
8583
7971
4827
2586
9928
4747
9455
772
586
9598
7168
9841
7034
91
2491
9928
1690
2117
8304
3807
9401
1381
369
8038
5583
7954
4975
4480
2310
7289
7639
7443
5383
4212
8359
1564
5675
9332
2280
8748
919
5850
4476
1506
420
4361
2699
2582
9377
6520
1203
7869
4819
1297
4372
837
7980
4992
3031
7114
1687
9644
505
1390
5603
4660
6430
3585
7393
2994
3060
5179
4305
7826
3776
4648
4081
7450
6834
67
8544
7900
3311
7938
2652
7503
678
4681
9959
1602
2904
2653
2965
9109
5070
8062
3193
2783
9308
7690
1021
2482
1214
8578
3052
7078
8883
7012
5296
8269
7095
1747
3281
3334
2623
1065
2240
3529
7396
7537
5591
9196
7356
9249
4522
3115
4003
5187
3289
2162
1352
6463
8531
2930
8887
7549
355
8890
2027
3422
5550
2781
5282
5374
4981
2943
4992
7671
5425
8153
4243
6589
490
7638
9876
4886
4623
9681
6137
4175
3175
2262
7712
7151
8023
2792
8659
7161
6029
9417
5773
3766
1248
8209
5277
6484
7322
7288
9823
3550
9238
1530
3858
7663
484
8709
3348
849
5141
5897
6613
358
993
2163
6588
5603
8853
8905
838
1060
2838
1557
3876
3529
9128
823
7467
479
4068
9953
7946
1582
4406
3866
8717
5838
905
48
2333
8405
8015
9133
5200
9542
2519
3411
5746
2860
6939
1530
6654
8416
5795
4756
2093
6911
5514
8225
5294
5430
6718
146
3254
3982
927
3243
8986
7963
847
501
8410
7620
9531
8800
4852
4636
6569
272
6851
5919
1973
4840
8923
6253
6732
1675
883
4330
68
9693
6190
6647
6925
1572
1182
3381
3514
230
8375
5558
6781
9002
150
170
2316
5534
7398
9089
8938
7298
4813
682
3353
7241
6494
4272
2943
7127
2513
8777
9986
1520
4258
2938
6580
1957
4396
359
7889
811
6915
3830
692
568
8313
8192
9614
167
6713
3285
2131
2436
7312
5757
6107
9961
3565
3795
3924
7417
7579
2903
873
8791
4864
4295
8537
6252
6912
4864
5819
2456
8501
3918
1509
6626
9594
5287
2190
259
2451
2944
9134
8213
9367
234
5221
4211
1806
3065
5173
9042
6944
7321
8367
2062
6678
9842
6018
9707
6073
4860
2150
3345
3933
4761
5990
3383
9120
3424
5982
4296
738
5658
2383
7553
8635
6162
2480
5813
4419
969
2102
3797
9542
3979
2651
1087
6209
9838
1559
3155
1334
8020
9049
276
2589
806
3949
3728
9684
8224
4103
4525
5403
5091
5275
8602
2859
8801
1791
9324
5090
1727
5290
2396
457
7719
8402
422
4679
6207
9159
7967
166
5374
1265
6153
2561
6421
6912
9682
7300
5057
1649
1510
4892
4862
6317
3900
7241
8426
617
7042
3985
7130
1636
6552
3654
1560
662
3340
4665
9451
170
1609
8932
4920
4485
5215
3284
8083
5107
551
3953
1062
3324
3210
6757
45
4180
9058
8203
9453
6802
6679
4598
736
3048
6932
5957
4078
3869
1475
4563
9939
3773
8265
4554
2321
975
5427
2744
1445
1382
6265
9170
7659
5437
4399
5359
1748
6233
4783
9659
574
8909
4191
9282
7231
8417
7945
7802
2621
5011
5582
8029
5995
7486
6680
6323
6195
1889
9424
3908
4889
8905
174
1307
2537
6887
6613
4098
5339
9148
6346
4487
9340
1405
7294
1344
7539
4803
6605
5371
7301
3531
2004
5450
3331
2632
6683
666
5529
6004
7908
683
1235
4785
4848
4058
8355
4694
3650
6848
2171
4801
2015
2517
9858
8728
6308
8418
1135
8687
6204
566
5407
6113
5222
2498
9160
1427
5334
8579
9050
5198
1524
6657
5038
8166
7981
928
687
1354
7189
6446
3192
9164
5508
6803
4749
2976
7855
8997
6843
3744
9995
6221
1238
7499
8007
3081
3377
4619
726
968
5284
1890
885
1033
2735
9760
2874
4786
5427
1767
1285
791
149
1886
7910
9583
9000
6468
3168
917
8521
9306
581
9331
8987
6238
5369
9694
5499
3142
5382
6413
3124
8222
5908
6980
397
8947
2536
7536
6268
709
5392
4736
5907
3208
3507
5898
2932
1654
3065
5474
3303
6457
8593
8152
2361
7473
384
1810
7564
2018
688
9449
2505
8346
890
4293
2021
2712
8951
347
6497
9387
7446
1747
7059
7291
3774
7976
3604
9294
822
5862
7626
1611
2281
9515
6999
8813
8561
8744
7561
4899
1495
8538
2568
5566
7657
7846
1769
953
5690
348
8670
1827
2795
5624
6099
2867
9351
3666
7301
65
6974
6306
6089
2214
3828
5138
7204
9517
5636
4769
7902
6461
6188
7714
4286
5012
3987
5964
5079
5096
143
4033
6672
1162
1714
5704
4123
3892
9498
8114
1035
4492
9327
6934
949
4973
5178
9935
4812
3480
5320
1421
704
3693
5226
2546
9653
6261
3743
7072
9039
5557
3589
8242
3325
4761
2763
9405
3095
7827
68
7049
9927
3509
7981
3118
1263
9481
167
1149
6601
844
6301
1187
4159
3793
9531
9618
7674
601
186
4481
9820
3710
6811
1777
7561
1295
7720
4228
7244
3376
2749
2332
9178
2025
366
2406
1523
4032
7767
7594
4361
5935
2066
8422
6941
7949
3978
8258
7381
7242
315
5704
8680
4899
5325
5485
7003
509
8590
9376
8589
342
1225
6141
8968
8481
9210
9423
8202
5647
4351
7712
6935
7240
9736
4665
2990
9654
3303
9030
9241
9055
2381
9236
3154
6880
6365
9536
8298
37
5248
1710
3596
5962
4741
6861
3320
5276
3278
1977
842
6868
2715
1210
8891
9654
5943
9531
9756
2464
6126
9520
4580
3052
3879
4442
9543
9595
3189
3746
5896
7476
5139
7978
9178
1736
3646
319
8896
205
3950
1091
1559
4958
2874
7294
5785
6097
7764
3267
5190
2973
8854
1230
9678
9271
7135
1294
6747
1097
6294
9193
4511
7461
4420
4151
1871
4658
3056
4094
6367
7426
6622
4728
5552
230
2044
4467
3291
4138
8614
3939
8135
436
8415
9146
1866
6827
9452
1333
905
473
5945
2612
3519
6953
8886
5853
7983
4130
4751
4375
9496
5241
7160
419
8646
5254
2306
5274
3421
1935
6820
6172
8844
4277
204
6275
4355
2015
9326
3790
1539
1333
5311
7076
3701
3229
3271
4026
2646
8001
2052
4135
9469
6538
454
8122
1000
8856
4898
5537
9562
6858
9050
563
6860
5932
7490
8611
3313
567
7960
4683
6081
8103
1360
1459
3545
1428
1654
9188
1113
6649
7206
8180
1828
4688
1402
5893
5169
5446
8425
9742
7565
3794
3786
5307
9956
3147
4199
2956
606
2286
6021
742
8998
7382
1412
4245
6501
3139
4060
3686
4957
284
1619
5394
6858
7860
1480
1988
4450
3439
256
5020
7552
8469
765
5346
2845
3998
6355
3490
8070
3672
3639
9814
1003
6472
2509
9476
2617
7920
8790
4547
1545
1922
6952
9865
8706
4059
3804
9993
4279
3725
8382
9464
412
3048
5767
1641
2597
5122
4408
1583
6279
4866
2775
8127
495
3443
9502
9052
7872
716
3696
6831
4345
5635
3706
697
770
7612
6968
9460
6961
239
5335
5145
719
1203
8836
4703
8349
5588
5982
4431
8668
7520
5372
3285
3057
6288
1322
9619
6453
6072
7643
3491
9762
7780
5946
4559
6785
3030
334
3759
1436
1102
1068
6371
31
1308
470
2109
1500
6209
7181
8192
5865
9247
3660
2977
5842
2835
5350
7685
8881
2818
7590
5705
3571
1727
1306
3977
7774
9098
7592
4140
6760
2104
5714
7874
270
7702
4134
800
5338
767
9181
8321
9475
697
463
2198
3330
7852
9295
6500
5715
1117
1854
8657
6173
8323
1223
7115
1720
3621
1443
1310
8033
5610
631
3459
2397
5750
2910
5111
8477
934
6275
5267
3311
7540
1372
4721
9187
2128
1125
6114
2434
7546
3339
1723
288
5409
5916
7906
4834
3543
8558
7646
29
9955
9448
114
9648
8821
4742
6957
5542
3421
4092
2200
3807
8108
1107
8523
1437
5371
3921
9527
7776
1488
9755
2886
9701
6301
7124
1814
6452
7124
8526
6455
3969
1367
8639
2445
1733
2038
4925
6078
3568
1593
2661
7784
2129
3242
3089
6602
1569
3677
8898
3110
1480
5166
8960
3470
7282
8756
1480
8306
9434
9802
4551
6114
3518
978
6578
299
8060
4735
8260
7373
9960
3629
3235
3888
5209
2681
5471
9121
6109
4803
6135
2569
9750
4295
9363
7889
1098
7216
8955
8278
5821
5820
589
2083
3697
2540
2410
3149
6589
6904
1248
7138
6655
7492
2442
7816
8138
6490
9220
6961
9225
4082
3685
1668
7664
6697
3230
8417
3657
3224
9858
2582
2944
8348
3122
5751
7962
4252
7719
4506
2612
1754
95
2319
4435
2476
5056
8555
136
5655
9256
7724
1333
9619
75
1751
2664
195
3761
5475
4596
3436
9786
1868
1342
8983
1277
3410
1152
8618
4807
3936
9904
9910
1717
8035
909
9868
3282
1662
7289
1348
6828
4527
6593
7702
675
3379
7856
5959
3596
6045
1572
2624
7257
7399
1551
7814
3874
4928
6286
8498
3557
6560
4932
2072
721
2208
1742
2690
3652
4467
8749
1884
3954
6342
2999
2471
6720
3902
3370
9239
5623
2695
2949
581
1046
9954
3898
6671
4396
1654
9714
4715
2130
1400
271
2796
8916
8081
2698
9582
8171
8338
5604
4816
5351
8216
6394
6111
3007
8187
5542
6619
1082
4943
1599
1609
1546
2269
7722
3373
7410
2675
5503
1362
9391
3776
799
6269
3269
4095
8723
6582
4743
2645
9206
6115
7248
3337
953
5703
3749
799
4848
5950
696
1675
2090
4004
5085
2578
8638
5730
1160
7567
4710
8681
2630
4432
62
8103
589
764
7417
6657
6905
3101
848
2928
9625
3126
5790
735
5792
2206
3582
8531
500
4047
7792
9655
8372
3197
7189
8953
340
452
4943
6877
6309
8836
406
1928
9116
2842
4182
2893
8844
4543
4842
7983
7206
3970
6271
6990
3327
3289
665
1077
1038
1311
182
4122
2607
1188
2555
9754
8761
970
6129
2856
7691
3092
790
4289
7414
7956
6924
9159
829
4761
4074
6157
9028
1348
8145
5571
9210
4502
4425
6664
3208
3280
1172
7613
3200
8150
7497
6214
8319
2094
8469
3134
181
7488
98
2664
3204
5099
3453
7678
7388
9170
3200
6620
6110
3319
5187
3005
8023
1435
8548
4131
394
9253
7340
1245
5158
7366
4045
1829
9990
3355
7919
8095
9581
1035
5258
8379
709
3757
9423
7746
9815
5642
9676
7322
2014
7829
1271
1076
8871
7587
427
2191
1868
4848
5602
8456
5335
8806
1128
2841
3634
2010
9236
8634
6133
3723
1414
5641
7004
7511
8294
358
1369
3607
9343
5214
5055
7459
2708
3223
7921
2378
7794
2074
7538
3683
5070
6447
9504
6993
7524
6816
9380
9898
4635
7555
1262
9044
8545
2899
2135
25
1754
5656
3709
7091
8231
9677
8248
3449
637
6306
4971
8043
7991
5367
7583
9378
8056
4726
5946
4883
6233
1567
4234
6082
1047
3990
7067
9582
308
5257
306
4790
9081
9803
2986
8249
1104
9924
6394
5987
5225
1256
8022
3026
2087
7931
736
2003
4745
4720
8448
623
5882
9674
3811
2873
221
93
1015
375
8655
7820
1423
8679
5534
511
2091
8436
455
6102
3605
1451
3193
47
988
8527
9096
5477
3456
6974
8042
8432
8430
1703
7132
5671
4934
9545
9371
287
9828
138
3051
2554
5518
21
9241
4517
1741
9248
1675
2545
7487
616
9576
4173
4384
5726
1145
2091
3018
5657
1514
3133
1531
3071
9272
7650
6136
8924
3735
3580
8801
3453
3702
9493
9207
8286
7059
1344
1153
1458
7613
1947
8175
4137
6135
8060
6802
7152
7330
1752
2865
6177
9759
110
3355
4354
1652
8422
6233
9736
9953
597
6951
3057
7331
4692
2597
1148
8865
1941
4229
150
8544
5831
3712
101
1242
970
7469
3625
5416
1970
5206
2366
9573
805
5628
695
9536
160
9421
4442
1153
4478
7922
5490
5487
6672
7736
442
1301
9333
3007
5312
5471
5375
805
22
9616
3904
9906
3986
9646
170
9670
4137
5067
4537
703
139
790
3322
3810
5608
2061
4500
9753
9420
2081
4982
4175
7971
2556
2574
4483
6898
2001
7881
3287
7273
9819
7069
1472
1285
7247
6217
1985
6792
1593
2540
2527
6354
7805
7773
3367
673
638
3369
3938
3639
9071
7970
8154
6797
5581
9330
7272
105
3643
608
5496
7706
4568
9983
6266
7548
4479
1634
1785
106
1291
1762
550
5448
5671
4021
8514
8200
8678
3020
9125
436
5678
7738
3280
2337
3845
6139
4913
2908
2474
7276
1185
963
781
3488
8364
517
4615
5099
3157
1161
374
5213
8781
1937
7101
3622
2901
5846
5922
2269
3308
8997
2814
3022
7235
7301
147
5806
4491
8920
2479
7132
9182
339
1639
1969
70
8265
8662
1022
7715
6371
6781
9428
8045
9277
7666
107
9615
6635
3483
3846
1880
4332
8157
3850
1517
4891
8117
5830
8738
8541
8521
6246
9040
3880
5524
7382
8596
2769
8130
9613
9729
3905
2722
6630
6962
1798
2969
2809
4709
7168
9675
8557
1331
9208
7391
8796
867
2510
364
8569
4819
6629
6242
2750
93
3581
9759
502
6921
4332
4935
8602
263
5667
7608
45
8752
9183
8237
7581
6636
8268
6488
9965
1279
7956
8648
2503
6399
7828
6296
6909
7254
9157
3675
6649
6416
512
7641
3434
7263
7638
6843
6261
4315
5179
3851
2049
5042
3427
5262
368
1758
1350
2366
7726
9499
1766
8667
9478
7221
26
8208
4000
9461
7544
7472
497
578
3550
9946
1966
4338
9989
8028
965
8624
3327
9061
9453
2485
7674
6142
9799
6584
7022
4488
4719
8022
6589
7488
7585
8265
2994
8338
6093
456
2735
1195
7690
5413
6076
8534
8419
993
1420
1352
1619
1678
1750
1570
5801
2363
8145
8163
6034
8486
6760
3553
268
4755
4824
2374
7641
7309
8964
5199
8022
3664
8832
3116
724
541
8331
5480
9903
607
586
4313
9741
286
1278
6708
3963
2909
8192
7858
4375
2680
5918
4144
9825
358
3735
8606
309
8640
8773
4184
4026
7632
3174
3573
9691
9429
8120
3642
658
4999
4223
1451
5094
393
7378
7515
5234
6554
6861
4310
1396
9131
4986
8293
539
10
5017
7977
2483
9153
4857
3257
7807
8178
3950
7198
9998
6302
4169
4955
1835
8416
6956
8972
246
8201
6404
9754
953
3323
5413
4630
2266
3291
9949
3386
7197
4224
3086
3723
1754
4965
6643
4806
4864
7570
7622
3001
932
1341
5965
9571
239
6182
8370
9776
3259
2680
9927
4986
4153
511
9144
1991
1636
2451
7915
3861
9434
3047
2779
4231
4246
5623
2491
4166
4610
3108
6404
8318
1314
4566
8181
7547
7391
976
9230
3504
658
6647
1524
7790
8976
4403
1080
2156
9759
9941
6673
5953
4490
7615
5321
6350
395
2812
3369
3671
7510
8363
2553
3358
7573
1236
5778
1319
1715
353
4835
1487
8049
3954
3460
7338
9584
8224
590
9210
2166
6228
526
9165
2459
4984
8641
7711
7003
2172
6009
6206
6701
3788
1533
3623
7880
8451
1077
3922
5866
5726
4358
4634
9098
5312
4618
4027
1297
5506
1428
3377
6360
1919
3190
528
2515
2244
2791
8813
9010
2232
5722
3674
9805
2051
9250
587
740
524
8155
7708
738
3299
5919
5315
7788
1563
2130
9029
5010
2496
5072
3952
4159
4397
2687
1373
9713
1533
158
1334
7637
1018
136
2815
3986
9422
8423
677
9975
8379
8538
388
9295
4888
8666
9964
915
3137
1187
8434
4457
9576
8061
3346
5712
548
7154
7156
3729
4178
6693
7416
3880
2687
3649
6263
9940
8104
8172
9626
9908
7145
7963
5881
1474
2991
6887
104
267
8556
9700
3124
120
18
7811
2062
2839
2171
4125
1989
2994
8311
5428
6437
3671
8698
4716
8500
7436
2571
5317
6830
1971
9683
3235
459
5834
3141
5146
3915
4140
844
6361
7986
9533
3521
1131
1754
2346
3967
8404
3427
9823
4795
4212
5430
8859
2038
3837
6832
575
5535
9642
8206
8869
7092
2997
723
8863
3506
6156
2746
8712
4120
8777
3472
3778
9852
6871
9360
7099
911
6272
7050
1520
1622
1860
9675
3006
4705
1063
798
2032
9657
6621
379
9690
7656
9496
2058
6200
6037
894
7658
4079
8879
6969
8910
4688
8532
6709
1206
9985
7639
2295
1375
2970
1962
3721
2039
9819
521
8256
1307
1310
5196
6586
9223
2209
6922
6416
4667
3091
4700
5210
905
2353
1202
8820
5035
2049
8901
9774
4740
1885
3969
912
1229
6930
2096
4867
9928
5684
4684
9575
1616
5651
6423
6371
7769
6532
4371
2135
82
4111
8628
413
4784
1135
6614
2973
9450
6799
3397
8097
8634
2225
7285
2730
8163
6112
7473
297
1158
3891
9832
5092
7432
9010
2722
8294
4505
3769
3390
906
8767
738
5325
5089
4689
9122
9266
8008
9170
3019
283
4260
1008
369
6661
9654
8093
9602
8182
1263
695
1936
2466
6369
6230
4774
8330
5514
9562
7310
6492
8289
7835
2663
7586
3573
2456
1972
5980
1854
5571
1027
1834
4905
7152
3362
8811
6919
611
7120
3418
9172
6213
3717
6127
8315
4445
8494
8720
3794
9382
712
5186
9658
4189
1740
9081
1041
6000
6884
9564
8535
3895
4341
415
5080
1678
2598
9554
9226
272
482
2863
4977
4830
4914
6029
6875
8046
1349
359
4753
2979
2999
1895
3596
7640
6901
2238
1442
6877
8591
6176
5310
4441
1156
159
8655
8710
6077
4296
7500
944
823
7063
230
9919
8096
1589
812
6541
1279
7011
1060
7437
5142
9869
9220
9739
5412
5423
9401
2261
2500
1775
9849
131
467
7545
7480
4694
4529
4435
91
3369
5528
7547
8047
8900
9939
9356
3723
6504
9891
7766
5727
9002
916
2493
3335
4309
104
9540
4265
9444
7653
9931
8175
8734
122
9213
8669
5151
6085
6442
9694
4021
636
9685
532
9541
9248
772
1969
874
4020
4196
4889
6043
9408
9139
9915
8728
1709
73
3774
5468
8146
1017
7382
4285
7032
8807
9747
3403
6893
2413
2457
2075
2834
6997
4920
6175
8843
2248
3477
4301
199
9636
6473
849
8449
6399
2188
8868
4017
5527
8365
9559
7637
1949
5138
9295
2867
2721
4367
7828
6186
4461
1446
2126
8367
8256
138
3278
9995
9969
3518
7207
109
3764
6746
9880
722
9681
1371
4195
1127
9929
5821
5782
1507
2250
9086
168
6829
3214
2019
1771
873
6475
5678
5532
3805
2619
7853
4583
4645
4599
6681
6364
1296
6316
1182
2336
4856
9941
2024
3140
7747
2294
8136
9399
1860
9723
9351
2800
1245
9246
5636
1079
2793
4480
9842
6459
7832
4429
8614
1385
4506
5855
3320
1522
6220
6352
1454
4788
9051
5815
3555
6419
3499
2168
3182
3456
6647
5835
1040
4269
5034
6360
5388
954
292
6776
6229
4235
1074
6528
6170
1928
4991
4038
5710
8991
849
8623
2747
5797
3982
856
9882
1237
6863
2535
6328
3964
7684
637
479
5245
1149
7037
3933
2950
4655
8050
9507
6676
942
2700
6351
8068
9164
3214
2774
4067
2361
7822
4210
2765
7335
1575
4228
4037
1449
6002
1345
9057
5557
1450
1021
8171
3625
1178
1751
9848
4876
3049
5927
9873
7175
5049
6014
7733
2342
8265
1278
9509
4594
3520
3282
4487
8365
3916
5183
8964
7788
5937
7185
4876
7382
6811
6035
8962
124
1678
1592
694
5027
4288
9519
277
4471
4698
544
8974
7426
7777
9442
38
172
5008
8647
3311
1977
7761
3993
1651
6777
840
4405
7624
3289
9191
9068
3929
4775
5345
1085
4584
1185
553
5759
8437
840
2514
5153
4153
2977
8412
9464
6923
3450
6477
5062
7894
7688
2198
4065
7172
4960
1112
1810
1678
8159
8437
3955
5155
5267
9564
3683
3349
6587
1329
2952
6178
3959
6481
7141
2678
377
4221
1409
1171
1596
7777
1258
9271
3963
9326
8136
4376
902
6610
8843
5845
146
7830
9802
8641
7158
677
2447
2980
4859
1524
447
6046
2846
4172
622
9741
7864
7094
1885
9675
7988
9603
7445
9458
6566
2259
6360
2972
24
4277
3918
245
3924
2914
6241
9502
478
6307
4009
9604
1182
9481
6278
9852
6560
2260
3308
5351
4031
2435
7651
4346
3832
8538
6712
2157
6555
5718
2992
7416
2245
6893
3634
6631
699
3321
6327
2609
643
1559
8584
3882
609
2750
5758
4043
6503
8144
2875
972
1243
3449
3576
2218
5592
1566
4456
2415
124
1383
8796
9889
3642
9182
4811
2253
880
4994
2705
7475
9068
1478
2867
2774
8162
5095
1164
6989
8294
4959
3905
2049
1248
4433
7338
1190
7833
4457
9315
2179
5138
1285
3223
918
6697
8084
4130
1135
8550
2767
9405
2589
2757
3547
4482
8964
422
524
7482
6652
928
4723
5277
6799
8818
2976
7731
1243
5134
3378
1405
5068
8806
8404
700
5964
5693
8924
576
6640
8766
5548
5171
1501
3474
2211
7619
4902
7607
8386
5208
7045
3158
3166
7107
1151
209
6994
1933
8038
8452
4063
1480
9246
6355
1012
9205
8999
8084
7117
9784
2187
9449
6549
6465
1155
3285
7667
4468
6757
3212
7130
2705
18
4066
5638
6097
4589
9933
6084
6091
7573
1543
5078
479
8934
1220
8042
8795
3760
9921
3500
3411
416
2914
2841
2727
988
8955
9146
4161
7284
7688
923
6312
6747
4454
423
8291
4393
1052
606
5907
5832
1916
7964
3064
9230
3808
1188
39
4381
2267
8626
2127
8322
7231
3604
8613
9626
9110
246
5526
2320
7632
2624
8401
4094
3040
7885
8620
2278
2160
7788
1704
6220
3730
8459
8831
2413
5456
5083
3370
9916
6430
6403
9812
5215
5448
5406
6459
5444
4124
5466
6334
8448
8554
8368
3963
114
7391
6730
1328
8214
3389
1294
7573
7207
357
684
3565
2357
150
4644
541
5222
548
2857
5464
7731
9152
4023
9172
6797
955
5903
4536
190
3690
6179
1367
3573
9724
7300
1944
97
6393
5733
8425
8818
1273
1594
8404
8307
9641
4814
3015
815
5313
913
3476
9474
1210
2653
5163
4621
7510
6291
5035
7128
6205
3378
6762
9607
7665
8617
3518
9800
2804
1725
760
2488
1219
6143
7781
2777
8737
5847
5447
227
4773
4995
7542
1735
6040
2923
6190
8429
8645
4213
3203
9689
9929
2017
724
3124
7082
387
5380
9131
2475
6699
4517
8078
4006
8697
6332
2204
6750
9317
4920
9941
406
2304
9221
5952
8362
3459
3983
5699
8547
893
2870
9122
9248
3057
1332
3726
2984
4375
8810
9829
3702
2170
6080
2432
7307
2794
4419
5433
4632
301
7193
993
2455
6907
6058
363
8189
5248
1641
2787
7181
1672
7386
596
9639
3986
3428
4886
5624
4622
2320
8836
8015
4186
4944
1464
5197
1489
6628
4033
5809
3481
3609
270
2656
7880
1764
1807
2848
9265
9586
5743
1650
1234
1801
6025
2758
8238
6884
9728
264
9876
3616
5289
7958
735
256
250
135
4221
8180
8831
4938
916
2882
5314
9859
4215
2973
4586
6623
4372
6810
7530
1181
2786
27
9805
904
5114
7249
1386
3840
8363
1896
8944
657
4608
6264
7281
7070
3855
4460
2457
1786
7475
380
960
5861
378
5135
5774
5779
2022
8090
4542
3286
7763
1280
5600
3992
924
5002
3691
579
4592
8364
982
5927
9704
1605
984
5994
1486
4545
8224
9965
6803
9350
1024
7450
7848
2105
8029
8743
4682
4313
4626
3644
3936
7192
9941
8915
3801
5464
8590
3864
2126
2672
446
52
9996
687
9819
9547
3905
541
2539
7490
828
3129
8578
9670
5951
3750
6520
4108
5216
24
3024
3621
9845
8227
7412
6938
363
3971
6592
2116
3678
8500
3087
220
9887
7108
8763
2569
747
7366
7864
7897
8506
8235
3290
7242
1274
9108
3539
8279
689
6280
5589
8463
5581
3826
6545
2015
6113
7216
6272
8796
9576
9106
4020
6727
107
8168
3294
5146
4324
3907
7380
4913
7182
7260
2567
7115
5633
5989
1947
5517
2493
4895
2379
9463
7879
1849
1844
4949
2990
8671
7562
8267
816
3012
3623
8299
5129
448
8800
8535
1697
1805
2417
6596
4282
9923
904
4871
755
7894
5407
7625
8853
9491
4108
3066
5588
1573
8701
4467
8573
9617
2472
200
3967
5904
4018
5414
3627
246
9979
1341
2616
9551
9947
686
2303
8986
4200
3478
5585
5041
7093
9729
9731
3032
7761
6976
8884
7429
7054
308
3633
9455
7802
2676
9858
3647
8225
2118
1837
3036
9422
1642
7570
5370
2067
6880
8940
609
6029
4708
8477
3454
1657
9629
2014
827
1553
6568
755
5998
9393
255
9837
1462
6916
3544
8587
9357
2957
3359
3469
1502
9082
6793
1203
7286
3558
2278
3568
4892
7659
1086
2808
9514
101
299
1177
4627
2343
7680
2074
5288
5252
2640
6244
4496
938
6296
5428
5222
3618
9282
606
1166
9227
525
9215
3409
3864
1198
888
9340
8718
9674
490
5538
4804
238
9135
8667
1247
2707
9758
1494
1448
9471
3047
3047
7653
8619
4968
4850
5236
8539
1929
873
2740
7520
9226
137
9121
5084
1397
2806
8060
3773
9882
2604
5006
4106
3593
472
3955
605
7427
4828
2319
2784
861
2180
7946
9248
1553
241
5490
6875
7120
792
2866
5828
4230
5020
3439
1155
3052
2785
6627
4655
8530
459
984
5427
5219
2477
7786
4373
2862
644
3032
7779
1480
4732
8210
9614
2948
9318
5526
13
7262
3779
502
5549
1623
4664
5308
6828
8902
1757
6299
1964
4488
998
1812
6957
9970
5251
5590
2984
2162
2010
323
9167
2562
1153
4533
451
3835
4736
2806
2514
3483
5559
5110
5659
5457
8759
7031
2389
928
3859
3903
3318
2630
4771
7774
845
5548
7936
6375
1790
8026
8822
6607
882
7890
7500
5306
3073
6601
3418
4344
2465
7958
3386
5015
7294
4472
232
1525
3188
772
9724
3161
4674
273
5797
3284
5217
3135
3176
7552
4079
6252
3609
6981
1001
7017
3814
1915
9146
7342
4307
1882
5291
5032
2870
9864
3046
2873
4778
6863
3496
6300
6460
6754
7423
6043
2489
5932
9777
1381
5392
1725
4768
5999
3702
3834
543
9625
2878
4149
2026
5016
4324
3084
2134
5045
1791
2628
3893
559
8409
9059
5753
4436
5427
2433
9169
1113
826
921
824
5607
3647
455
4123
1431
2995
287
3971
2301
6702
6974
8507
4732
8527
4526
1898
2465
6622
7551
2790
142
5082
4470
1742
4482
1188
2943
945
4713
4263
6558
7388
4620
4726
1285
82
6091
4162
7849
5955
9057
3617
689
6545
624
3643
7027
7374
9525
6768
204
6658
847
5994
1539
2452
9694
5777
4396
1618
9394
9865
8402
9084
8259
3748
1399
1942
1210
2923
4314
6679
3791
5467
7815
6643
9208
6147
4658
8858
8111
6297
5804
9697
4792
1881
4719
2867
3653
3573
6793
2536
5538
3393
3526
7646
1937
3493
9963
8671
3692
6455
7957
3130
5312
5715
9585
3965
5749
844
6074
7514
675
1488
2247
4893
6327
4035
4590
3869
8429
2167
3744
6049
2920
9745
3469
1247
7297
9663
8723
7611
9967
8476
4682
7869
2024
8238
3915
7837
5090
7404
4203
9972
5450
9790
3880
9589
4059
4721
1057
8865
5766
1767
7877
8387
4711
3995
8655
8288
1065
3614
3850
5501
9559
3877
5850
4627
158
5139
5908
6503
1259
3091
1683
2767
2481
2612
4411
5730
5946
2696
8338
9891
5263
1218
2301
1263
4844
7007
9088
7971
1503
7935
9867
374
4905
1983
2283
4695
4017
6829
5943
2960
6894
1562
8193
3382
9242
2992
6309
6457
1182
6326
2120
4335
3617
8065
1233
6094
1633
2775
4331
4785
7395
8277
5598
62
4852
6619
2283
761
2823
2082
4719
7118
4266
3215
587
3270
277
6208
3162
1913
9579
2102
8362
3842
155
1866
9399
6205
520
581
5258
6417
3133
3997
9728
382
7815
3140
1691
6716
6005
9636
3361
3451
8937
9047
7887
7152
6039
1437
2995
9192
4483
9619
1906
2083
6633
2652
4013
3834
3714
3886
2499
9309
5335
8742
7149
4845
9288
7865
1247
8516
6792
9364
5537
9606
2951
5859
6478
6358
9364
794
7412
5509
5361
1844
2499
7745
6879
8475
4897
6242
5825
4862
6333
2444
2483
8764
7436
5838
977
1616
5499
3047
4731
697
9503
3169
309
7799
9706
834
5662
572
9894
6017
2427
4528
8471
5069
5442
9887
8573
812
1702
9975
5584
3896
9512
9149
969
1525
9281
2896
4853
848
9401
5279
2245
529
9012
154
5404
5548
3373
2950
4791
6309
3134
3157
2303
2749
7437
9168
1973
8107
8860
5600
2933
7556
4618
763
8794
2169
9187
4360
8599
9325
1600
6332
5173
2196
8898
6940
4526
246
7795
2586
824
4225
1187
6670
941
7958
4642
3065
3974
4420
5151
3794
2277
9329
5420
7369
9527
4212
3750
4285
748
7404
7204
6911
7417
8667
3189
3504
51
3697
9936
6810
1700
3676
4887
6015
6594
6716
3912
7797
3043
8436
3131
3278
6684
1100
8578
2853
2705
9161
2712
7202
6008
6034
2093
9050
9842
7098
9801
2455
3187
191
6321
477
2137
3439
6701
5837
9416
9367
1819
4120
1222
3172
4511
2449
6087
2272
2384
2376
7744
9921
9546
6829
3589
355
9319
5717
1236
8663
8069
9185
8102
5623
2427
6560
2740
4779
3404
3040
4607
1648
5469
2727
7346
818
357
8925
8198
3337
7085
9616
2631
9131
4963
3765
3195
398
6568
8138
6014
7595
480
5094
6632
8179
8334
3981
1922
3372
23
702
6158
5872
8912
2478
1214
468
2787
949
4355
5513
4129
3228
7943
2520
2328
5085
5429
3506
1268
8821
8041
2782
2638
1153
3893
2420
9449
1010
1281
6518
3140
7743
9771
4560
2781
991
4124
3517
7683
8528
1247
4114
6699
9212
1499
2484
7361
1628
3632
5623
1671
92
6277
8321
4609
5503
9415
1592
1443
5167
6257
2776
3788
4185
6559
9331
3716
5988
1195
3011
2645
2122
4700
2826
8588
5851
5502
8903
4809
1499
5891
3395
2616
4899
905
1769
7880
8561
5147
9481
2719
9296
72
9719
4337
382
6048
4195
5123
6222
8632
8838
8978
2597
7608
7201
5824
2085
4055
8042
8704
8719
5385
2539
4656
2291
7385
859
3397
2761
9788
4362
1172
9318
2011
2073
7779
3854
9076
9891
3572
289
2442
519
4821
1318
9699
2267
4450
2818
1666
7411
650
5266
2480
1355
1412
1868
6587
4918
5084
8883
2563
9925
778
6391
7666
7677
8186
5855
1653
202
8383
7432
9231
3411
4561
2998
7193
6416
7920
8052
5287
4058
5181
6384
8481
9685
3718
2339
7408
5397
5618
6397
1110
6598
8115
9173
6149
6162
6577
8454
3831
9648
2715
8041
5299
6162
7138
3158
311
5039
4107
3240
1585
5871
4851
4859
4563
6396
7004
2388
587
8443
2205
3533
2339
3845
3128
5565
4066
218
4840
9743
1468
7396
2471
2329
7404
7961
3443
6238
9453
3906
7023
5728
6024
9353
3705
6584
5950
846
4361
695
4670
7686
5837
712
1818
2249
4697
3440
5057
4805
5892
4238
907
1737
915
5718
2601
358
1548
8947
9839
8716
4361
4439
6680
9276
2530
1498
8690
5606
237
1800
6400
7888
4119
6426
1104
1250
2018
5203
88
2165
8703
4068
8650
5307
9947
8668
7698
5233
3503
4965
5375
5773
3369
3777
7393
3573
536
8393
8627
8303
8502
7377
9677
896
4796
2360
7985
1754
1791
9410
690
1411
1112
2066
7229
8824
5098
5182
3016
459
561
3271
3382
4447
9100
3812
3650
6905
3752
3828
3717
3466
1508
1352
920
5863
5222
4973
2662
1320
7270
723
5498
6351
2016
2050
5345
146
2509
9306
8066
5511
4678
5267
1556
8860
266
6640
9998
910
5940
247
2999
6042
8212
465
8910
8316
1231
7776
4496
8967
7166
3948
6919
6205
2142
9517
361
6839
7430
2997
9299
2607
5464
7222
9820
4176
435
5882
1339
4038
4221
4643
9748
8402
3585
5609
384
8886
1670
6983
4436
8654
284
5351
5959
596
6568
5153
7400
6384
7388
5653
8203
1893
2946
5085
851
8236
1984
9162
2563
8892
6693
3484
5790
295
6785
5436
2920
6514
1348
2979
7978
6882
1019
648
9508
4436
2912
5221
4154
3743
6854
1798
4458
1962
1231
1966
5393
225
8973
3960
5779
1512
4671
2916
5308
5888
5650
6622
4999
6939
1857
1245
9300
9726
2176
214
3829
6434
8258
9244
5158
1090
5893
4380
8293
4008
9719
7384
4187
996
7938
9011
25
8456
2670
4561
6919
7310
943
7681
5316
112
8956
8998
6447
3280
1117
3623
4639
9640
2705
7669
8939
1807
1293
1918
4623
7572
45
6448
8393
4735
8934
8414
3926
1335
4547
3162
857
9874
4859
1553
2949
2964
875
971
1712
7705
9653
5220
6425
5878
1195
1709
3800
2677
4793
4144
3702
6703
2147
6410
8086
5315
3873
7351
3664
786
9935
4537
7004
6164
8640
820
6282
321
4197
912
2890
6498
2688
9348
3161
3525
5539
6003
3598
3761
8167
1342
5630
2448
9062
3211
3322
9748
2684
2776
2881
7408
8092
5993
2720
8614
7300
1257
3111
1263
1253
8086
4639
430
6254
5037
8019
9652
8463
9871
8089
332
3637
6211
273
2298
3240
5552
9376
9039
5093
6712
887
9159
5098
3127
4514
3550
5965
330
9375
6887
2726
481
2759
4761
73
8753
1482
56
4817
1999
230
2744
9186
6567
4446
9398
3425
2626
7680
7219
1813
9942
8496
26
1257
131
1978
6068
3324
7751
5412
1323
4570
7988
6154
7666
8983
6671
5501
2608
8133
4902
4163
3167
6282
41
3484
3245
3595
1179
5911
3386
1696
4903
4951
9814
8901
6466
6388
6282
7417
9539
2761
3215
2194
2301
7697
9572
487
5711
3731
2824
6989
9339
2124
3776
8775
5792
495
8166
9110
4278
5215
6575
377
6594
1166
9007
5488
601
330
9446
3669
6018
4202
7400
8622
5482
4903
3789
795
418
9231
2691
7865
3877
7643
2446
2992
2698
3699
7631
8192
894
8655
4256
3484
14
361
8740
4600
4643
3987
5818
3725
9414
2485
9759
8134
1910
6904
7734
2105
5120
296
9835
8495
5275
9650
2243
4180
4715
809
5004
1738
58
2651
7509
6647
7080
6097
1845
1169
708
511
5128
260
4904
785
2065
9924
7231
6107
7555
3227
1740
7259
46
1513
8541
4100
5183
278
3475
7400
8301
1338
4291
3387
7963
7087
1766
8214
8
9176
9535
2259
6519
546
2698
5730
7425
9112
4517
8324
5713
7782
5433
9764
2972
8869
9176
3847
2956
342
6976
9206
1171
7756
9408
9162
680
5249
8296
4082
349
5765
4644
9564
2589
8509
4192
6938
9991
2451
2640
3645
2166
6357
6926
7837
7364
7492
9225
4081
4016
5910
4616
9424
5760
1887
5585
9293
7054
6394
3102
5068
1028
8468
763
7026
1012
3050
7126
6454
9803
6858
5175
2819
9277
1863
8395
8374
2995
2699
2572
4665
8703
3401
7660
9607
961
7683
6867
1838
6702
8610
5506
2965
9769
5747
3027
6585
7427
8177
5728
3866
3898
8351
4572
5107
6809
8874
5328
4798
2788
1390
6160
8234
7897
9072
3017
1702
3834
5125
9715
3766
892
6351
1488
8274
2169
3779
4131
6579
6412
528
9690
7765
5673
6569
2327
8987
2446
4173
8404
7940
860
2797
4529
6201
948
6852
5631
7165
2924
8558
9938
7568
8846
7686
3624
669
5611
369
8014
2582
1315
6948
3155
2223
1337
7980
8909
6166
5288
8633
6194
2347
3112
915
9355
3958
8463
7332
507
3316
9854
7178
22
8381
5982
3881
8326
4885
1781
8444
7850
1464
3005
3347
2181
2923
4405
5881
7911
6178
6746
8614
9769
3159
9866
9753
8492
1687
9944
9779
5682
8170
3863
8970
9278
5566
2131
3472
4282
9024
7038
1549
2143
3986
2706
8509
6073
3888
9945
7526
8724
4734
8697
2212
9112
7471
7761
5499
3079
6512
1075
375
9131
9117
3589
217
7724
308
1685
151
2255
1595
7247
4586
838
4734
6131
7496
9166
8085
2491
9212
5493
7024
1538
4436
2028
3443
4145
8075
2350
4467
8125
2953
8230
710
9708
5557
6489
3902
3705
2689
5601
8062
3570
8662
6163
790
2758
153
3454
2910
5312
1123
6009
9000
2354
2939
1724
9492
5992
4675
2595
1116
6350
6705
9228
6231
2224
9812
8186
3248
2692
7964
3129
3167
8870
4610
6299
532
8499
