6110
-9640
9563
4754
-477
-4737
1990
-2399
8174
-4887
-3601
5296
5263
8279
7727
4513
-9842
-3066
9789
4903
-621
3659
-7044
4750
-7913
6895
-1761
-7903
-6628
6176
1067
5103
-6251
-1795
6280
-2830
-7749
-7652
1966
1198
-7538
-2289
3239
-9637
-4104
709
-9195
6523
8572
-5124
9084
-7234
2354
-3699
6956
9919
4183
-5059
6784
-9301
4326
4158
-4572
-9084
8148
4914
-7402
-674
-5987
8950
3301
-6287
8848
-3580
1013
-1945
-852
-9318
190
-1504
-4132
-8149
-6904
-304
5630
-9366
3866
9834
6520
4492
-4580
8627
-975
-1537
-2732
8911
9545
-3338
-1767
-6123
-1078
-3474
5877
105
-898
3517
-1756
-4240
-514
-2671
5246
8835
-1758
9483
9452
-3598
9039
8391
-5039
-1951
-3371
-5914
3519
-9907
4129
-3123
-8117
1245
-5161
6703
1840
4396
-332
3595
6378
322
7134
-6429
5135
1306
2117
-4693
7328
-3901
-4667
-6844
9402
8928
2828
-7442
6498
5468
6075
-2160
-6126
-3058
-972
-7477
4968
-6182
1080
-854
-8143
-2509
1487
-8346
7442
958
-9876
5826
-527
5562
-373
-144
9569
4268
-734
4635
-6980
5237
-4615
-659
4039
6422
8350
9919
-3070
3644
-3188
-1276
-1729
-2172
8034
-4730
-1031
4231
1024
-905
-6099
-381
-4135
-8667
-9375
-8926
5459
6082
6606
-3216
-8915
-10
-9159
7574
9698
-7619
4952
8718
3357
-8063
2133
-4195
-6890
9633
-4123
6411
8027
2631
4130
-1659
6482
9459
1883
4416
8589
6095
-8389
-1085
-3109
9480
-8367
-2586
-5158
-1869
-4355
-1873
2308
6819
8337
4489
2606
7471
-1456
-7166
-7891
2007
7873
-7628
-3888
9960
7838
7433
-4194
3641
-709
-7162
8149
2751
4894
-497
-7712
-2183
1403
7071
6901
5524
2426
6953
4247
1160
6983
6957
4090
165
-8000
2866
-6432
-1155
2922
5541
-5535
-795
683
8151
13
-8653
1543
-5864
-2046
-2377
-6999
22
-856
8518
989
5497
2821
-8233
930
-3924
7736
-5405
540
7440
-3842
-2318
1161
-8907
-2260
-7855
4535
2439
3134
8715
7455
-2999
8153
-9196
4977
5098
-4541
-1515
3329
-8243
-1779
-5903
-7181
-6848
7090
9682
3751
-8527
2127
-1115
-1707
7691
8628
9493
6046
6693
7323
8546
-6892
-5410
5575
3500
1221
9159
8266
6945
-8550
-9362
3682
-6606
9982
-3932
-2664
6885
6089
3166
-8450
3632
-9739
-8789
-6710
117
3937
-8559
-110
-8105
-3001
-9594
1836
-7827
-8813
9186
2245
5928
-2471
-4522
7587
4126
8319
-9893
9628
6949
61
8010
8861
-7296
-1867
-3070
377
870
-4229
6921
1208
8977
1895
3037
6267
-5
-6378
8322
-7582
427
9110
-7784
4589
-6765
-8322
-6125
1184
4272
8
-8455
-5574
-6346
3688
3039
-493
-136
616
7211
-1428
3655
3746
908
2992
5307
-741
-8380
1496
6798
1613
-8104
-5082
9457
-3144
7387
-4557
8038
5149
-9639
-652
-1231
-4482
6008
4000
-9754
-8209
7519
-2074
6003
-6610
-4693
-1808
-5346
2619
8756
-8171
-4963
-7252
-5675
6657
-7440
-5532
3791
1801
2052
-6241
-8245
-1317
4941
-3593
6350
-7033
-278
9489
3295
-3837
8531
-8251
7342
6510
-2252
-5398
-3902
-9454
-7025
-2799
8943
-7007
-5390
-6797
3195
-640
-9924
-8873
-8849
8781
-5158
1648
-6925
6696
-5331
-6
8833
-7885
-8809
9173
-2204
4229
-6322
1217
5149
5966
367
8380
3734
-1070
-2668
-8867
7204
8102
3838
-7398
244
1632
-6110
6382
1563
2093
8718
-3186
7134
-5458
184
-8610
-2678
1931
-4875
5403
3452
-3631
1483
2758
8892
-2947
-4511
5659
7751
6073
7420
-4517
6249
-8374
2126
3748
-3297
-1418
1946
2639
7267
-7010
-6326
9862
-1987
-2657
9081
3360
-7986
-5184
-6921
-9858
-9698
-9293
8871
-1426
-1763
4025
2473
6883
2245
-510
-2497
3200
3533
-1801
-2929
9986
9046
-8489
-700
-1075
3190
-1600
-1753
9966
-5423
9177
9893
5987
-9872
5539
750
7723
7842
8635
-7068
5538
-5711
4538
6138
515
9641
-8692
-9354
-4984
-3419
7580
-3613
1336
307
-5621
-1073
-5663
5934
213
3100
988
-8263
-7810
4162
4447
6043
7317
6776
-5387
2072
3411
-4545
9688
4401
-1029
-1514
2946
274
-3125
8190
-8410
6919
5139
-5118
1097
-1247
2565
-1635
9074
-303
-8763
1346
4691
7699
7516
9313
-7604
9619
6193
-4356
6328
9805
-3857
-7688
-9743
4206
-3671
8131
364
-8360
721
2521
5447
-3681
-9859
5798
-9821
4730
-3488
-7084
1111
1647
4808
-8620
3280
9486
-9959
2777
-3704
456
-3834
-5048
-7855
3965
-5263
-7815
-7748
-3495
-144
-9230
-9545
5840
-4460
-3487
7743
2342
4137
8099
5188
-5431
-9209
-8250
6845
-3546
478
-5292
2165
9179
-3367
-7588
7119
4558
6429
3549
2285
-2112
2567
-7217
-4677
-7878
-7794
-3117
-8505
7804
9907
7330
-5944
2469
-6729
6406
-3349
-4442
4823
1230
6481
-6148
-2715
7367
7656
2024
-6460
470
-7994
-5919
8310
-771
2309
3075
6606
-9851
-6181
3807
-8490
1756
-9191
-7800
6254
2963
7346
-987
8271
9349
6243
-24
-8373
1494
-2287
-548
-2745
-5096
-3976
-1347
1368
6679
4523
-4869
-405
-5107
6500
-2215
2286
1476
-9165
7730
-9985
-3890
-952
-9800
3681
-1419
1297
5650
-791
-6027
-2505
4036
1436
3493
-286
8949
-6135
-7867
7028
-5517
-3557
4865
3430
7784
-3156
-1384
-3937
-9109
-4192
-4443
7355
-6209
-8055
-8123
-2044
7146
2013
-6214
6884
2204
5863
6933
-1952
-4294
343
2228
1962
7919
9681
3321
9217
3844
4520
146
-2252
6069
-7
-6835
5721
1983
-811
-8920
-368
1662
-3062
-7367
-6357
102
-1914
-3651
-9086
-6518
3288
-9907
8893
-440
-7868
4793
-5954
9598
5407
-6300
757
9053
-4626
123
4492
4736
-8686
-4973
4323
9873
8348
9580
122
7563
259
-6493
-7122
-1038
1540
5812
4878
-738
-3998
-9735
5043
-8083
-7767
5679
1148
-2671
5662
-1653
273
6225
3129
-8532
8939
8160
-1393
-2504
9132
1819
237
-7209
-4327
-8785
2736
-2680
-9693
2476
-9898
-3011
-1757
-7570
-9718
2125
-4831
8070
1297
-7659
260
6560
-2157
3461
1241
4806
-7600
9513
6793
-5395
-7636
3751
-9990
-7153
664
3387
-5642
3286
-9420
2485
8345
-9959
5002
8909
-5388
6206
7335
9368
-5500
-5683
2034
7698
-3865
9949
9404
-1242
4217
7116
9055
-6708
3881
9887
-5778
-4870
3281
-479
-6372
4929
311
2210
9084
-2102
307
-2090
-9646
9626
8967
107
-3925
2319
-6234
-1646
4328
3870
-42
-6558
-5489
-4800
8696
8894
-8299
506
1709
-2488
4438
-2308
9467
5805
-700
-8040
118
-3098
7019
7837
3193
-7902
9699
1369
2933
-6909
-3258
-6862
-3114
-9352
6118
-2495
-9018
-3827
4803
175
7398
6151
4045
-6779
3302
-5403
-6988
7648
1873
5721
-3717
-8612
4005
8063
6690
-2385
-4889
5171
6366
-2316
2209
-1412
-5321
5474
6608
6235
488
2593
-6173
2633
-4458
-7320
-7402
-2697
-7874
-1226
-3973
5571
-2847
-9969
-4211
6415
7315
5048
9700
-8618
-6451
7442
-5161
5790
2266
7089
2761
-1941
6750
2925
4087
4519
8467
-836
358
7754
-2089
9976
5341
-494
-9841
1240
9878
-7013
-4689
-9574
2851
-3034
7529
-6095
624
-7190
-8661
7874
-6970
9892
-83
3340
-4180
-8103
-3915
-5490
-4100
6724
2066
5814
9302
-9104
6465
5142
3199
5096
-2354
1955
9720
4742
5271
-1355
-3480
6836
6374
-8446
-6464
-8206
-229
-5978
-7026
8743
271
497
7139
-2875
4827
87
-3207
-1365
-9528
4955
-9272
-1628
7905
-7715
1625
6022
-9603
-1477
-9155
229
-3136
-4703
-6737
9176
-8553
-5569
1985
-6084
-7454
5676
-5195
-2140
8184
6375
9355
-7719
-1013
7659
-6376
-231
35
-8769
8798
3942
4042
-7233
-8740
-8103
5751
1017
474
-1894
-7880
2150
-1762
1713
-5991
7660
10
-3821
3749
-798
-58
923
-7282
6101
667
-9294
-2682
6574
2378
-3888
8957
8118
1316
3176
2131
-5939
7423
-7034
-6734
4427
-8143
9523
-9477
-9116
4375
4726
5326
2605
8490
7315
4419
5043
2851
8923
4950
-9439
5936
2167
8098
-1891
1424
-400
9996
8290
-7639
3653
7574
-6542
-8092
8948
7926
9963
3570
-3061
-696
-1739
-4567
-3701
-5606
579
5162
-1948
9448
-9435
8051
8061
1566
5453
-8258
2784
-9460
-6704
3244
3792
4381
185
-1209
9007
-1731
3512
6160
5470
5093
9985
-5427
5779
1894
-5100
8230
-5240
-1234
-3717
5943
9581
467
9168
5909
878
5419
-9113
-2954
4334
7890
-4014
3654
-7132
70
8259
-4637
7353
-3566
4156
-1115
-2430
-8852
-3217
-1854
7134
506
234
2853
2172
-8179
-1684
2346
-5924
2214
3435
-8279
-1799
5078
7982
2944
6773
-8888
4330
5997
549
-5479
-3119
3864
-9690
-3708
8651
6925
8444
4930
8065
6384
4885
2759
556
-9171
-2736
-1270
-220
-9398
4074
9393
-1420
-7212
-1786
-8085
6410
-1347
-2216
5740
-7556
-1739
8106
9139
8441
103
-808
6548
-2903
-6508
2502
8822
-7021
-9705
-3501
-6626
751
5654
-5936
-7552
8561
-5342
3025
-9632
-4995
-213
3778
8088
-398
2907
-4370
1198
7627
3923
-4426
9587
487
2519
4372
7843
1627
-525
-5079
-5637
-7643
7842
-2571
6307
2500
-8611
-5817
-1224
-9506
-1758
-8840
-243
8289
5114
8363
4603
-6130
8278
-7987
-2012
-5420
4877
5653
2422
-3767
-2303
-2132
4320
8693
-6520
3216
757
-7314
259
-6338
9895
-3493
9144
5219
-9481
-4817
-5358
7484
-1976
2465
1380
-8077
-5434
5568
-3098
1517
5112
9564
897
15
-6965
-2708
-2077
4661
-7435
-2740
9288
-8502
-5933
4440
2577
3297
3804
-9406
-9444
3994
6096
2119
7403
578
-5872
-7068
6008
1298
-6998
-6328
-5416
-9957
2736
2075
1400
-6797
-3958
4511
-1552
-3236
6611
478
-8505
-3180
-8062
-4242
-6198
5142
-9224
-7611
-7812
-8171
2947
-6879
-7725
3717
-5075
-6543
9975
-1264
2324
1061
7938
-3034
-9908
-5606
-3713
8641
1257
-2366
3188
-4936
-9759
7988
8083
-2735
86
601
308
-835
8025
8623
-1972
2056
-520
-7229
-1015
-8410
-8528
9122
-1076
-3278
5276
-1654
-8961
4646
-2406
3970
-5091
2230
-3757
6428
-8758
-402
-6205
-14
6296
-4398
2141
5391
-9029
1340
635
1008
353
-7444
-8674
6670
-9590
3631
-7207
-5280
4109
2089
7454
2854
7653
4922
8158
-3565
-4446
7987
-4481
-9236
-8305
7094
-7560
675
-8065
7844
8990
9914
6288
2505
6474
-5900
1246
997
-9061
316
8534
440
7680
5069
-9226
-2043
-8858
4623
-3786
-9083
-1711
8208
-8238
4171
1440
4852
-8797
-1936
-8371
-4007
-878
2534
-1574
-5372
5490
-2577
-6181
553
-5277
-7105
-9608
7502
4388
-4298
-2429
7230
-1384
8648
9410
1076
675
7906
5043
8588
2385
-293
-4318
-7594
8147
-4926
-8593
3344
1379
-5902
-1018
4112
-9195
-5349
1375
9009
87
7898
8477
7674
-4144
8706
-5461
8001
-9805
-8055
8800
-6615
-9227
1773
-2616
-1262
4378
3548
1756
5813
-7118
1512
-4975
-8899
5420
2672
-5725
-6550
6171
-3188
4810
4994
2196
9644
8587
-480
5507
-4954
5493
6664
9862
9092
-6791
-194
-6316
3291
5942
8758
1547
-6655
-7890
7020
7192
-103
-2752
8868
2250
2534
9299
2901
5687
-3782
8367
7471
-8651
8630
-9002
-2444
-3285
2102
-4195
3521
-8070
-5914
-6172
7610
-5697
2948
801
-7068
-7790
-8713
-6882
-373
-6031
-2872
671
-8636
-1264
8035
2399
-824
-9142
-6259
-6986
4649
-4383
-395
2876
5917
-3667
3475
1680
3474
-1127
4149
9986
4208
-4177
5459
2253
-5869
-1113
8195
-7774
7072
-3637
8005
-146
5471
-7105
7847
-6462
1845
7148
1170
-6295
-7292
-951
-8791
7256
-6016
-5598
-6950
4908
3961
-353
-9868
5276
5212
1164
1537
7023
-446
37
3186
-2856
9561
2526
183
5816
-2124
8535
-8441
1039
-7065
7003
9650
7645
-8115
8752
9165
9310
3207
-8927
-3074
430
-6390
-1624
-3585
5988
-1746
-3946
-2816
2447
-1401
8769
-4456
-1700
3210
665
3754
-5514
6748
7245
1255
5417
4432
9791
7000
-5053
-2396
-9130
-1047
-7309
9796
8294
-8793
-9357
7254
8863
-9831
-8871
-6277
-393
1044
-764
9825
-3558
-9618
-3017
-1378
1742
-254
5269
-1564
3239
5412
-7155
9462
3598
2244
-3108
5062
9551
7720
1330
1873
2607
-259
7091
-4854
-2313
-7839
-8682
-4137
9583
802
-4389
4507
3442
1393
8747
-8693
6195
-8947
-6317
9504
8691
-9554
-970
-2978
-512
5549
-587
1013
-6945
-9047
-665
-8218
-4543
-4820
5992
-7950
-7076
-8291
5483
-854
-7744
4312
2509
-465
-9421
4662
6866
-1738
-336
-4072
-7533
-4503
-2741
-2770
-193
9511
-8251
-6291
-9880
7492
3363
7989
-449
1619
-6644
2143
-8136
-5363
-4983
4684
5718
3096
-7750
7108
9788
38
6380
5555
-2532
5448
-1815
7281
-3841
9478
4767
4522
-5710
5336
3314
2280
3223
-5638
8945
80
5082
-1178
5015
1630
-3580
-7112
-3223
-8178
-270
5354
7200
4971
2604
-1035
-8162
198
2410
-7838
8087
-7284
3174
-7606
-6904
4203
6795
-1790
9384
3935
7645
7729
-174
-9979
-3121
-2192
-1942
6979
-3560
5185
7764
-334
-525
-7200
-4018
2243
-9023
-7770
-946
1123
9251
4705
3361
4676
-3424
-3499
-4606
6466
3703
-7334
7717
7419
-3464
1405
-3048
-6214
-1180
-8226
-7855
6153
-5239
1663
7728
9356
-60
-5862
-2418
-6271
-7364
3319
996
-6879
9354
-2216
1574
5493
-670
-5901
5680
4583
-6362
3423
8809
901
-75
-8276
1896
5256
-4349
9661
5798
-9097
3267
1905
-5343
1236
2452
198
-2643
1854
-4380
376
-9650
7233
-7285
-7979
-5660
-5544
-2860
-4838
5292
4316
-9388
9506
5465
603
8468
-9721
-2026
4965
5921
2311
-4989
-6478
-8845
184
-2293
8451
467
-35
-7984
127
-5471
3531
8074
-4557
1615
3968
7841
8766
8578
8484
2700
150
-6941
-9785
-7839
1656
6418
1462
-4086
3448
1943
-7411
-2465
-1713
639
-1278
2427
9947
-3108
-8438
986
-8842
-6015
4695
-4286
3993
-3161
-2045
-8415
-1155
-5721
-2335
9578
-1231
6860
-9256
8387
-9582
7927
7833
-3787
-2308
6694
-8568
9454
-1108
6236
-3406
6728
-2884
8205
7769
7463
5400
9355
-1810
1138
7971
8917
-8689
-4219
-2793
6938
-245
-7232
-8818
9463
-6229
-6860
8802
-4252
8981
-1078
6322
1718
2834
909
5268
-9443
2379
9017
1255
-3207
-5420
9630
-3560
7898
-9868
-4782
3475
-1827
-6351
-3394
3981
-147
5056
-6649
-2695
6893
1043
7631
3607
64
9241
4632
7793
7232
4616
-8352
-5721
2039
709
-891
42
-8817
6768
8811
7594
5848
-4713
-3261
-1737
8390
6809
2255
9009
-8834
-3392
5171
78
-9427
-5434
-5962
7255
-9360
-6286
-7322
4347
232
9422
6863
-1019
-5478
-6798
-1107
266
-3596
-4757
-9950
9308
-809
-3388
7536
-5812
-7335
-8170
-2549
4898
6770
-4878
3641
-3841
6553
-3227
-1703
8157
8866
7065
-3006
-1779
2751
9400
-4924
-6458
-4792
561
-2582
-9704
8817
4879
-2042
-688
2656
-9139
6062
-7564
-5674
-8568
-3143
-8125
9381
4847
7413
3968
7958
-8778
6664
-3065
-3659
-642
-1330
7519
-7704
5964
-4020
-6271
-4976
4551
6932
5861
4477
-7447
7695
-4400
-4795
-2235
-5333
4329
7117
3107
-4789
-7379
3136
-1396
-2076
6602
-5601
-803
-6442
2222
9319
947
-242
8311
8091
9258
6992
2297
-3731
-2057
4871
9019
3076
3120
-2328
-7259
-4229
2815
7748
1528
-349
-2605
-6291
8194
-9705
1495
-7038
4008
530
-2602
-5725
-6226
-9163
-2085
6777
-961
-5383
661
772
2216
-9081
-6665
5524
-8549
3349
6235
-848
-2596
-7709
8057
-9256
-2611
-8264
-520
5108
-7682
642
-7816
-2509
9263
-3466
9318
4223
1080
-3630
639
9171
-5736
928
5345
-31
8634
-9854
-226
-1995
-6453
793
2118
-299
-6577
-1007
-7545
-4309
6494
-2662
8860
3851
2938
5347
-1615
-7573
3510
9464
2335
-100
9604
-4361
-3134
-968
6054
9596
-8345
-316
-5517
-9006
1144
2145
-287
-4287
5734
-4142
-2674
1923
2567
6301
-6753
4386
-4042
-4057
2248
4605
605
7614
1436
-4153
-3171
-1261
6083
-3960
-5330
5242
6023
-9281
1140
-3895
-4425
3668
3996
-2427
7492
9171
86
9014
9733
2859
5289
-3611
9770
9082
8614
-1631
-6546
838
5319
-1327
6951
-7632
-8100
-645
-26
9256
1494
7605
3969
-8100
-1276
-700
-2024
-3193
8612
-5276
5757
1010
3510
-4217
-8826
2814
-1030
-7267
485
6676
1256
3346
-3914
-1467
3088
-2007
-5439
727
-4244
353
-2628
3431
8381
8178
-6771
-2044
2298
-5971
8399
3259
-1145
-3568
-6072
-2114
1265
-7917
-7230
-6860
-4974
8900
399
71
2636
-1675
-1212
-9749
-7652
3861
-43
0
1228
3508
-8745
141
-8427
-7155
9193
-2573
-5084
5489
8455
9590
-4628
1433
-8272
-4358
-3951
-2267
131
6837
5337
3244
-9652
-4047
-7982
-2531
3234
-8310
1389
-1506
7809
-8361
7304
2977
-6804
-3611
-9138
2479
-4742
6458
-8577
4558
1326
8375
-9954
7525
8097
-6644
-4649
-8805
9604
5931
2645
-5483
-3372
-7031
9132
-434
-411
7422
7806
-6335
-7179
7220
9687
-1769
-6839
-2891
-1649
6706
5579
-3055
490
4772
-8508
-3691
-7269
4378
6038
960
-1504
8021
8793
-6067
304
-1996
8669
-192
-1023
-8689
7808
6176
7242
-7300
-9041
-9873
-25
2410
6964
-1574
2770
-5656
-3856
-9311
5180
6645
9101
-5418
5625
-1304
9328
-1019
3956
5502
2535
3946
-1916
3830
-3710
-2945
9623
-6905
-8776
8134
-4394
-7986
4623
-8656
-5656
-2662
6928
-8626
-5401
1582
8486
-4294
-1590
-9186
-857
3823
6426
-6876
7347
-1953
-509
-78
1281
-1233
3969
-2506
-9290
-8689
-2696
3084
226
-3504
5272
-3830
9151
6458
-9755
-3910
-7246
-6960
-9340
9991
-7545
8392
5711
-4698
2627
-4257
7270
4084
-5939
6716
-832
-551
-7013
-5642
4721
-3845
-9812
2016
3048
9181
-4368
-393
2180
-432
-9432
5227
-952
-4189
1143
-3773
-1551
-1020
1897
770
-1342
2843
5821
-2086
7297
-8955
-8846
1321
-1431
738
-9750
2093
-2564
-360
-1069
-2086
-4968
8513
-5821
-3248
2167
2916
-2882
3574
513
7072
-7868
-3876
8655
-2475
5913
-8102
3888
6504
8472
-3935
1679
-1705
-3422
-3374
-3647
1917
-9669
-9272
1427
-6654
-2466
8492
5034
-9786
4178
8738
-1867
8790
8128
-8700
-6598
7880
5290
-1514
-9292
-882
-4116
4464
3790
2173
-999
9785
-7968
-8452
-6963
2094
-3605
3674
7782
-117
-9176
-2450
2284
-5104
2177
9732
5625
-2403
-2099
6743
2718
6108
-5500
8869
8096
8936
-598
8488
-6314
8950
3825
-9799
-6965
3495
4523
416
2058
-6807
4783
306
8949
-4156
-7294
5230
9850
-5049
-9504
3573
-4767
8867
4321
-7689
-9138
2892
-4817
-1404
9340
-8562
3136
9375
7148
-1423
2702
4004
-2530
8777
-5304
6785
3960
6883
4213
5318
4667
4357
9766
9970
-7544
-7539
-7595
4465
-1403
7290
-796
8123
-8033
8467
1738
-124
-4382
3734
3759
6377
-2877
198
-2610
-9212
6028
-2404
4122
-4091
6545
9785
7464
7917
6704
-2076
8893
7463
5613
-8874
-7598
302
-153
2651
3944
4008
-4338
-3451
-3136
638
8324
2434
9105
7427
-3545
-4451
-5447
-2945
7799
7897
3194
-8786
-8079
-2015
-8932
-1016
-420
-4513
-7779
-4027
6493
6283
8754
620
99
4330
7714
-8287
6062
3411
-2546
7907
7464
-4153
-2299
-4365
-9606
9994
-2747
7420
4874
-9093
8773
5998
-8658
4851
-254
8846
5156
4915
4258
-9295
438
-6757
-8242
6826
-2829
1462
6920
-3224
-1167
-9527
-4078
-646
-3132
8798
-8766
3965
-6873
4885
-3516
-9474
2191
-7712
4883
-7106
-5980
-8703
-5830
-9077
4371
-1959
4413
2036
2005
-5942
-89
5601
2880
-4637
7840
-5540
2176
5223
1546
368
5163
503
-7723
9631
2281
3391
-2832
-2758
-7181
-4479
-3634
7587
-2518
-9664
-2927
-3400
275
-3871
-5328
4374
5423
-6474
5484
5096
-6477
9209
-227
-9241
-9863
4244
-2435
8681
-776
5296
-1679
3442
4574
-290
-8363
5953
-6659
-4835
2747
2148
-4335
-3106
-2902
-6850
1163
-213
9083
-4151
-2854
4689
-5057
4552
6453
-8423
7140
-3678
-420
6258
-544
-4121
4840
-9272
-8044
8701
4299
-2963
7698
1427
-8209
-8066
703
-1651
6388
-2555
-6422
-4477
-7017
134
3895
-9861
310
-9905
-3207
9946
-7437
1772
259
8470
-5417
-1902
9523
-6717
-9294
-2192
8763
6342
-8724
-2036
2732
-7930
-7211
204
3292
-4571
8750
5933
8759
1831
-8798
-1478
6914
6760
5782
-4031
8961
5766
6870
2042
-9387
-4759
9350
-9624
-3290
-9016
-6086
-4587
5479
-8798
8158
6849
1596
4166
-9330
9367
1491
-7307
5171
-9792
-4147
-3615
8503
7970
7687
-6976
-9447
4279
-7391
-3337
-1296
6305
-7173
-5271
-6363
7378
-7255
931
-7362
-9885
2925
-967
-8234
7867
-5876
-2008
8689
303
-5920
-5064
-4761
7431
-7437
-8085
-7
-2611
-8266
-6198
-6258
6694
-2785
1467
3048
2867
-2330
3570
1440
-6782
-5493
-1556
-9537
1148
9459
-5355
340
-647
-2105
6192
-1463
-6654
8199
9348
-5079
2327
7782
-3984
-1849
-7216
5335
1740
6221
5109
3349
-1835
4577
-3489
-6832
-5175
1642
8827
-5020
-4210
-6068
7948
6332
-6693
-6192
-1258
6931
6829
7507
9366
2030
-4606
-6044
7071
3870
3791
-3943
3668
1276
2809
506
-599
-5917
7331
4025
1990
-4991
3363
-5608
262
-2826
-4141
-3463
-7409
-7023
-7502
-9568
-5850
-6158
4919
-5205
-4545
1945
-1138
1494
-2619
-536
8654
5860
-9880
5422
-9252
-7171
-6944
8483
-7868
-6488
-7816
-4513
-4767
3194
6159
-2331
-8304
-2518
-2367
-2665
7525
6820
2190
443
-7011
5837
-4290
3597
5377
-4523
2588
9781
621
-8226
5454
7912
8130
6213
288
317
7329
7631
-3908
6013
-8728
-8602
4867
2353
-1709
5012
5483
-3953
1685
-9019
-6394
-6450
7378
-6424
4293
-5273
-2416
-5260
-7684
4811
546
-5235
-9242
-9335
-8775
-9477
2882
-3435
9346
-8164
4965
7141
-7710
3066
430
-1238
-8699
4320
-7307
-8456
-1942
9546
9557
4116
-4776
-8031
714
5044
3033
3360
-1099
9458
-2660
3774
-4356
-8625
-270
5803
2085
-2924
5040
-7780
6911
9344
9931
-1887
7034
-3427
9591
9769
7854
-4489
8189
-2628
3395
-123
268
-6926
6742
7089
5920
-1215
-6166
-3025
-501
-4327
9567
120
5962
-8216
2702
7309
4087
-7522
-8696
7953
-3614
1423
1289
-4837
-3859
4510
1835
6129
-3489
-4273
-7928
2086
-4495
4661
8927
6483
-5770
522
-942
-8702
-2044
4729
-8079
-7934
-655
8599
-908
-26
-1503
7348
-2845
6632
-351
-7112
8507
-2194
5932
-1192
6313
8697
7131
-6662
7919
3232
-1717
7991
4541
-8522
-5839
-6461
5208
-3351
-4207
-3322
-1749
-1699
-7819
-2450
5380
-6534
-3520
4348
-1269
-942
-5127
-1341
-1355
9267
4303
-7769
9452
-2218
-402
-1489
2644
2317
-7857
-4654
1996
2399
-3841
8794
-4628
3347
3034
8159
-7839
-5070
9638
-7135
806
5929
-325
5178
-3252
6508
-8675
-7947
3996
9673
-3744
5938
-4826
9767
3526
439
3504
-3317
-2344
-219
-3825
-4318
-3744
-8898
1062
6783
-7351
-3385
9317
2967
2516
-2866
374
8358
3303
-8013
9680
-3848
-4944
-8266
4080
-998
2885
6029
3027
2646
-3964
-8816
3087
8453
9599
-3011
-2464
8881
7493
7220
7752
-9590
-481
-3354
-2618
-3635
5200
-6912
7629
2622
5616
-3167
-4607
9409
4101
-2560
2767
-1054
-3373
-822
-4969
-5591
-3440
-944
9268
7779
-5911
-8423
4130
1432
8243
-7381
4815
-6343
4950
8878
1088
7850
-309
-9240
2186
5027
8830
-7962
5259
-6871
8007
-4278
885
1648
8999
4454
555
-5620
8818
-1693
-9411
8367
3241
-6773
-79
-1107
-7542
7731
-1373
-6441
8360
4997
-854
-4674
-9610
-4406
-5341
6883
-2931
9945
-4867
-8298
-7024
-6447
-3662
-14
2424
1118
-6861
9415
-6869
-7039
884
-7482
-4203
4971
-398
3003
-329
8361
9858
-4493
-7783
-2210
-5575
9421
1513
3071
-8319
-1439
-7426
-4455
7063
6285
-3040
-542
7636
6450
2806
8660
-4874
-9166
2084
-1469
4477
-730
-5040
3583
7904
-4225
7407
-5082
-4838
1204
-2376
9958
425
-3750
-7353
-9256
-4239
-2342
6284
-9542
3222
7015
-2280
-3258
85
-2034
-248
3661
5048
-5269
4811
4615
9470
-1313
-8041
-5882
6663
5277
1530
-5030
-2406
2059
-2094
-7226
-2471
-1611
-5359
-593
-5425
9949
-9064
8120
-862
2502
9348
6700
5104
5577
4355
-5651
-3698
8977
2925
5867
8529
695
9127
-4846
6768
-5268
-9379
-8677
-7119
-5784
1274
-9781
-6839
7093
-6480
-926
-6123
-911
-3486
6073
-5206
-8964
-9413
-4175
-9540
6897
-3265
8052
-949
-9241
8297
3141
7039
-8123
3138
-2059
6205
6141
1503
6808
-9186
-3449
7999
-6410
6782
-865
-2210
1333
-9682
-1739
165
-9145
7762
2451
-8671
-9222
-7166
-3452
-1800
3222
-8496
-8736
-2542
764
-6822
-7050
-866
7784
3510
8141
-4461
4293
-2529
8862
-3612
-8371
-1633
5253
-7742
-1358
1340
9367
2249
-7153
6928
-8955
-5777
-2990
-5311
-6461
3276
7400
-8000
-61
-6699
-8925
8853
-2950
-4148
-1756
1536
6151
5239
828
-1254
4879
-3996
-2087
-7445
-8549
9113
136
7410
-5866
-8623
6973
-7542
-5870
1441
-3361
-1876
-5401
4136
-9781
9663
-3568
-2041
8156
-7722
9853
-8082
4800
4633
98
6041
-2313
-8619
-2120
-1171
-9743
-9392
-1816
-6241
6094
-9708
-9450
5153
-7537
-8261
-1193
7656
7434
6607
-5905
4744
211
4377
4086
-1270
-7030
2628
3799
-7531
4097
-9576
3885
7971
-6277
-3447
5077
-2298
-6700
-4927
7401
4424
3099
-1031
8779
9709
-4603
-8562
-8802
-6886
-6213
-4238
-3311
793
7224
5437
9775
9249
-5045
7289
-5011
-8146
-1892
1400
-900
1896
-8570
-1205
-6742
4132
-4522
-5543
8424
4313
-1921
672
8731
6883
298
642
-9141
-505
5742
6247
-7663
7532
4733
-6699
-2921
-630
-6546
2334
3726
3436
-5912
2941
1925
-2789
6969
109
-2677
-7718
402
7761
1421
9708
-9123
5121
2487
-1869
5913
-6145
-8948
-787
-6752
-8096
-7166
1190
-5301
-4894
1837
-439
-1990
-2275
7752
5369
8039
-9525
2245
-5084
-3917
-1493
3768
-7602
-5075
-8082
5068
-2537
4946
7606
6517
-5139
-1212
4565
-4988
-9465
7884
-6909
678
5687
9134
7753
-4557
-683
2297
7531
9498
-7936
763
-7308
-9153
9575
-619
-2804
-1360
4935
29
-2341
8764
-3657
-4740
2472
-1593
-3782
-9811
-734
5320
-9276
5792
-4606
-8684
2859
39
-6065
5050
9327
7974
-9716
-9196
-2747
9923
850
-6959
3344
3521
6889
-4670
7840
6766
-468
-2213
6935
6760
-9267
8079
-9583
7586
4838
-2149
-6826
-2956
-6336
3916
4713
-2304
3982
-7582
-2742
-7526
-804
-9018
4116
3448
1950
9991
4634
2447
-4049
-697
-9302
3964
-5647
1927
499
-193
-2315
9972
4183
2340
-7251
5217
9258
5389
-7826
-9633
-9019
5074
-668
6419
-1803
3166
6245
-8343
3869
1515
9170
5275
-93
-7723
-2641
-1988
-4246
-8122
3053
-2722
6525
9225
-4808
-9181
3773
-7886
-2467
-543
2014
-9635
-7005
1826
-8606
2273
-9843
-3037
720
-2592
-4769
2748
-1920
-9063
6918
-5379
4389
-4009
6752
3542
-4004
6560
3804
-3269
-1263
5346
700
9633
9933
7085
-2490
2520
3043
-5307
5315
-7833
4896
-4705
5495
6991
-6274
-8044
-5141
-6150
-9677
-1897
-3380
-218
-7468
-3949
2379
7134
-6825
-5970
-8277
534
-724
-6693
4926
100
-2963
4747
-4926
-7654
387
-7672
7751
-6651
-9885
263
-7845
5002
-1558
8978
3678
349
3709
1029
-2960
6381
47
-2956
2637
-4040
7682
2929
-4199
99
-7307
-1876
-3288
643
-7199
-3966
-2390
31
-9467
1117
52
-5150
-6915
8435
-7020
502
9573
441
8859
2426
514
-906
-6447
4259
8909
1570
8422
5507
7695
3829
3557
7179
-290
6744
2555
9756
-4140
-4170
3443
-8092
-4125
-8074
-5177
5122
-2919
3759
-4347
1088
7102
-6745
7204
-767
-2297
1490
4768
-9838
6467
7604
-8689
-4764
5456
-6052
6796
-8158
7234
2960
-173
-8225
4707
7009
-2172
1852
9644
1898
-7702
8057
-7473
323
-4927
-5227
4061
26
-2446
9491
7195
5417
8876
3715
5298
2098
7838
1060
-5066
-4
-2705
-4181
5927
-6143
-6756
7139
3364
7146
-8534
8547
-1735
-5588
-6374
7706
-1378
4236
3202
1567
-6114
-4842
-9419
-7631
887
6787
-1350
2755
530
8237
-5230
-7297
8103
-7298
-1281
6005
-1884
3390
5017
37
547
1869
-9255
968
5570
-1012
6214
7596
-1111
-3377
-8897
-4602
-8855
-2379
-6942
8916
-4934
7587
-9912
1418
3847
-6891
6901
-9577
-4778
-2887
1431
-5580
-5470
-1081
3081
105
6212
9821
9222
-7843
-1421
-5457
3565
1567
-407
-3012
-1466
4253
1675
9008
-4255
9528
3614
2295
-2179
-4826
626
4589
7456
-3131
6805
1144
-6062
9114
3864
7815
1228
-337
-8566
-4742
-634
5545
7594
-3982
3894
-6307
-7921
7049
-7724
5069
-1435
-6387
-4683
941
-6584
4784
-6996
6084
-8641
303
-3089
3240
7436
-2827
9680
-238
4705
7856
-9376
8671
-8150
-5229
1465
3620
-906
1449
-7658
2593
-4611
5525
1572
1087
5638
5868
55
6429
-5270
-5028
-2395
1396
-4608
-9208
4273
5928
6414
1769
4127
-9514
4234
1606
1851
-6128
7273
4832
5468
-80
-5101
569
4171
-8890
-1817
-9255
3536
-226
2561
3567
5017
5401
-2717
-455
-2994
9400
5065
-9720
6238
3418
-1123
4570
1782
8599
-8492
-2242
-4639
-7091
5983
747
2392
5985
3025
-6438
-2350
5307
-1460
9630
5221
5918
-4825
-486
2566
-713
7868
5442
-407
1362
2570
5674
-6486
7489
5367
-8778
7603
-2656
976
1716
9785
3898
-7897
1271
-6853
-4847
-6338
8760
-2370
576
-5144
2821
-648
-5898
-221
-5361
6838
-7216
-6943
-7119
6805
9325
2547
-2488
-1192
1141
1983
-845
5844
-4096
3552
9570
-9690
8216
-4933
8855
7608
4593
5912
1343
5686
-4452
-2876
-8726
8456
4728
7397
-1153
-5227
2141
-8770
-1962
8987
1278
-9644
9797
8431
9874
9784
9712
-847
9025
-5021
5627
-4275
-7898
6279
-4363
-4730
2976
-4882
3714
6788
-4463
2304
-4564
-6047
-3102
-61
8177
1969
3443
7043
6098
-718
66
1174
-6240
3069
2677
-8819
-6687
-9613
-9722
-9125
6696
-7998
6359
4204
8539
-2821
-6885
-6340
-9834
-7322
-5330
-4888
3528
1975
-4067
-4755
8321
-1698
-5448
694
2936
3076
-2855
-4847
6804
1623
9805
-8666
1674
859
992
-9340
607
-8393
6517
5413
-868
-1469
6702
700
716
-5881
-2502
-872
4017
-1890
6599
94
-6736
-1397
4469
-6081
1414
-2272
7574
-138
4
-9425
-330
-6402
3812
8174
4992
5861
6785
5547
209
-1664
9221
-8666
2460
1797
-5035
8581
-8691
6714
6392
-787
7468
-7907
3993
-8916
3500
3117
415
-5607
7284
-9881
7503
-5746
-5666
9359
-9750
-4564
-6501
5798
2965
-3977
-1369
2893
2820
3032
-4041
-5564
7513
-2778
4412
-363
5941
9141
3102
7185
3730
-4272
8358
-9523
118
4589
-9694
6151
8788
222
-8566
-6433
7381
1176
5860
-5812
-1065
7730
-5645
3138
-7885
4526
6711
2395
1440
857
-2173
-846
2070
7047
-4604
4947
930
-4764
5002
-9134
-6361
-6466
1680
2592
1060
-187
-1790
1219
6657
-2259
1753
4295
-7640
969
9230
8908
-8878
-9214
-3149
9544
8996
-8205
-5021
6826
-344
7486
850
-3265
9395
-3778
5242
1023
2271
-6463
7026
555
-2266
7277
5652
-838
7160
5073
3838
-4665
-2200
-2448
2116
5340
7961
-6599
7391
8049
4008
-5394
-4575
6184
-7862
-9799
7469
9720
-3064
6124
-7146
-5089
-2806
-2964
-3213
-7299
6568
3540
8874
4329
5208
8835
3943
-451
4748
-4242
7959
-1693
3136
-8279
-7743
-4637
-3666
-6164
2764
116
1398
-1870
-9814
8789
-8245
4477
6701
-9555
293
-3223
3203
-476
1602
3059
-5357
-3861
-3260
2920
7816
-1430
-1663
-3053
-5633
7234
391
-4419
-5727
-9434
-8372
2811
1600
-8175
3147
-9678
-8330
9416
684
4138
-6739
7669
9788
6454
5145
-301
-8570
-5008
6683
9835
-4233
8338
2355
5894
-6839
-5455
-1700
-2239
2146
9258
4532
-8187
373
-1973
-2166
1049
5585
1086
2286
-1779
-9008
3484
9290
-4193
2292
380
1160
8072
-6830
-6090
4109
3555
2110
6348
-9519
-2620
141
-3893
2307
3851
-802
-6374
758
-8795
-1731
-4506
2479
-1815
517
7702
1503
9222
9415
267
8883
4237
-8286
-5213
3418
-5506
1022
614
8777
8023
-7607
-3504
-9473
9075
9003
6102
-9229
1825
-4491
-4029
-51
-961
2022
8818
-1626
2896
-3106
-3184
5861
4717
-7574
-5564
-5786
-7752
1327
-717
1202
-9520
-8101
-683
933
4743
1439
-4178
260
6539
-5512
1441
7635
7915
-5568
-108
1154
7973
-1875
-4795
-2155
-4672
-1699
6119
3611
-6980
2040
-184
5765
4428
7465
163
171
-9307
7642
9690
-8334
-5830
-8980
-8403
-4102
-1723
-3147
9627
-2382
-5011
2604
-762
-3268
-3712
-6647
1154
-8655
2395
-6826
-1670
-4917
-445
7368
7812
8712
-8825
-9720
2130
5746
-4774
7859
8164
6204
3445
-1150
-8778
6945
3706
-6003
-1823
3235
-3708
9570
9035
6996
-3424
-2563
-6568
3057
-3272
-926
-1961
2794
-4916
6359
-5002
6838
4380
6538
3930
-9181
7449
6476
-9862
3813
-3009
6504
-9046
-1413
-1109
5048
2388
5674
9668
7824
-2545
7794
-6279
-9087
-1334
360
-8963
-7007
-4936
5082
-5293
8404
6247
-4230
-5539
6035
-2589
8420
-9614
1932
-7545
-1620
-5545
-9475
6314
7574
-5168
-7381
1913
-1566
-6249
7079
-1900
7300
5979
-3698
8144
-7428
-5335
-4237
3633
-2323
1239
-375
1751
-870
-2779
8963
8342
852
1027
4326
-1847
7182
1927
9649
1604
-6843
-9846
4214
7970
2592
-2762
9044
-208
7206
202
-2277
-856
-562
-2505
8722
3845
-8646
3806
9587
-6074
64
5903
-3284
-8858
3393
-7961
339
8437
-1530
8476
-7341
2922
6538
-8417
-9573
2250
-1186
-8115
-796
-2
6249
-4676
-4156
-7939
-4592
6532
7558
5828
2222
-2389
-9904
2331
-7467
-9038
3408
3392
4708
-7604
7265
-556
5035
4125
-2639
-2013
-4137
-8736
6204
4582
-307
5949
-9249
3491
-6071
9947
1642
-1280
2082
-4599
-4111
3283
-8423
-7467
-8733
7411
-8692
-4225
-4926
86
-1329
3913
3353
-5100
-2293
8757
3579
-538
9295
376
-4324
6809
8139
4942
-9061
528
7321
2806
-2334
1830
6698
-2394
-6013
-1717
9333
-2170
-8447
9705
-4566
-4275
2668
-6838
4120
-4580
8988
6175
9159
-7463
-3818
9641
-3940
-5341
-8961
4008
1567
-1409
-1622
-1121
-8487
698
-4962
9247
-8502
-8425
-5292
9066
7985
2820
-3486
9693
2554
8287
-6156
6627
-7839
778
2461
-2696
-394
-2206
7724
-5165
-7568
-655
-3832
6731
-1371
4699
-109
-1636
-4083
3703
1200
9393
892
3592
9077
-4829
4351
-5160
-4263
-366
3719
-4276
-1444
-3200
-7128
-6393
5026
3573
-8215
8200
-9239
-6014
2932
-2055
-7960
5228
-4789
-4376
2984
-3013
7061
-9690
1272
3546
-9387
4790
9483
-9949
-2757
-9996
5527
9576
6780
4233
-8395
3236
-3146
-4439
-5582
9395
-5290
-1082
-6227
9628
5087
5331
-5033
-4986
6934
2799
2497
-5939
-3292
-2786
4875
-6380
-8930
5079
4199
-4263
1887
1201
-8767
-2715
6230
-5667
-6164
-8472
6986
94
-7454
-5255
854
5182
9266
-2778
-4924
-7217
-3283
-7333
-8772
2285
89
-1516
-8103
-1049
-4751
6395
4999
2818
6380
-8446
6468
-7132
-4060
402
-8987
-2379
7213
-807
6129
155
-1337
5689
-8507
1393
-2057
-797
-957
4074
7771
-9536
-8644
-10
-4575
1118
-2850
4435
885
9539
-6078
-1885
5295
-7949
-8472
-4694
-2454
-149
7408
-4899
1832
7395
2325
-2596
-5383
-4683
5936
-8108
-9172
1696
6496
-3376
7884
9549
-6184
-6077
2952
4747
5496
-68
2271
5704
-9246
559
-2578
-9117
-3992
7419
-2939
-4914
5896
8855
-3750
-8076
5959
-7543
-780
2714
8718
-7547
-371
3734
-4016
-787
-251
2675
373
-8329
-8916
-2190
5594
-1973
3010
-7954
6095
2115
3849
874
-8356
-4362
7952
9951
-8567
-1504
-8982
-8607
-1610
3183
999
-9567
-6894
-6263
-406
-3450
7710
7929
9664
-378
-3400
9679
5462
1004
-1318
-6872
-4403
9654
-6969
-748
-1735
-9883
-7479
-2250
284
4305
581
-438
1301
-1900
6136
9357
3727
5213
-54
-4225
-500
360
8515
116
-9829
434
7458
-7222
-7386
-931
5970
-7333
-7828
-9556
7671
1693
1092
167
9002
6474
-9156
7290
-9747
4886
1613
731
1008
-5787
5778
2408
6827
-2926
-7421
-8179
4177
8469
-2831
-7989
3007
8676
5599
-4384
-5998
-848
-2062
8976
1789
-2112
-3995
-3268
9559
-6361
772
-4388
6618
-4131
-7571
4169
4526
5702
-2281
-9884
-9393
-4920
-7946
2073
-1103
-1164
-2932
-5017
686
1216
-7830
-104
7215
1526
822
-8355
-579
-9397
-4927
4877
-1350
2463
2717
1102
9025
279
4836
4475
-8905
343
2710
7539
-5488
-7387
-8030
-5880
-927
-4795
9402
2624
-2740
-2323
-9233
721
7865
-2706
-74
-174
-1654
-5154
3399
-4083
2213
-615
4546
-8156
-6265
-6599
4391
4469
8821
589
4123
1176
-3074
4962
9900
-666
-7188
-1934
6492
-1373
6737
-2361
8498
-7063
-5433
1259
3101
-4055
-7512
-8672
-4509
-4522
5892
-9794
-4515
3320
1928
4807
-5446
8961
-5388
4091
3297
1384
-4357
-8498
8277
3737
6064
15
-4623
5668
3253
2396
-1465
4046
-9716
6165
-8955
-2188
-1608
-6831
-5018
-8186
-3150
-5078
-7798
-4379
7597
123
-1707
8510
3951
-128
6860
-4145
3239
-1943
2092
235
220
-6803
-5759
-7869
-5425
-5307
7513
359
-9501
-7760
9358
-4377
4930
2553
-1574
-7503
9510
-3842
-6333
-6455
-5270
9931
9213
3689
5015
-8266
8792
5627
996
-1097
5122
-2179
-3463
-9352
-2829
-2641
2884
1635
807
-8648
5024
8842
7020
1788
6912
2554
4037
5536
-6614
2761
2615
-3701
-6151
-5057
-9581
-9796
3807
1905
-961
-1806
-145
1995
4026
8014
-8981
267
-2785
-6737
-853
3422
5488
7896
3344
-5083
8509
3085
190
-6657
-402
5759
3006
-3250
-216
4392
-2971
-347
-5238
8207
-4431
-3696
7034
-2627
9512
-5315
-2307
2121
4333
-1417
-9680
5290
-635
-2050
3857
2016
-2908
-4306
-8353
-2438
-4245
6812
-5581
-7637
603
2467
1845
5368
3677
4286
-4997
6695
3318
9992
-9778
-1495
-7765
-8135
7164
6635
1391
9929
-4029
-309
5642
1914
3038
9385
1275
4531
-8245
-4076
4488
-122
7230
7964
2195
-5743
-3782
3845
2393
-3244
6911
-3882
8880
8150
8360
-4624
5396
7657
541
-5913
384
5031
-9618
1611
9492
-3713
-29
-8872
-300
7088
-9358
-4262
4721
-2005
-860
-7363
3994
-9455
-9310
9054
-1017
1890
3821
5056
-4297
-2554
-4610
4067
2446
308
6250
-7497
7809
8076
-6988
5042
-3673
7534
3972
6813
-1835
2252
-8177
-192
-1108
8563
4450
-3025
3029
-5732
-6766
977
5137
-9856
6270
9622
-3924
5964
5051
3215
8037
-6464
-3503
1286
6055
7625
-5461
-2976
-6296
-3657
3900
1391
-6637
-97
-6154
-9156
-9189
-9684
3
-4819
4174
846
3914
774
6736
-3279
-3735
4614
-4082
-4788
-6214
-5758
587
-1361
-3083
2757
1992
-2442
3907
-3698
-8110
-1365
-1297
1429
1880
-7008
-8557
6862
498
-1118
-4501
609
2052
370
-5843
-8331
-4876
641
-419
5584
2074
-3502
7998
4303
4843
-6715
-1551
9806
2183
-2898
-3234
-4997
2772
9803
-8861
-1161
-9029
7309
-9217
-1054
4371
-8076
6648
-1829
9654
2977
2440
3364
9283
-7914
-5232
9057
6675
-5714
-9380
-9555
1546
6594
-5526
7039
-4653
8610
886
-7490
-1308
1819
-7806
3570
7293
-189
1659
-1787
6577
2537
-2293
-2881
-2887
2412
-456
1479
-9839
7889
-66
-5430
9609
5503
-2921
-6838
1305
1928
270
-9729
-1863
-2257
-2617
1554
4793
7107
-3304
-1880
9943
-169
4781
3302
3668
-884
-7788
-5724
-8956
461
-9967
7240
897
707
7758
-8181
-6658
5227
5265
9222
7513
7216
-4401
-910
-5226
-5369
-7250
6263
894
-7658
3641
3097
-7830
-8931
8204
-321
6889
1974
-7979
-6822
-9221
-5080
4607
-9508
-4031
-2037
-6032
6714
2125
-866
-1474
-2498
-7410
4649
-1861
5856
-5306
5407
6516
7633
-5103
7286
9620
-2772
-2541
4169
9951
314
2555
636
7486
7235
-5060
2071
-2347
-4897
-5189
2556
5860
698
5460
2130
7405
-6421
2897
-7432
3571
-5998
1554
1311
8675
-1167
-1088
5324
-1629
3424
486
-6487
2563
6666
-3977
-2940
-4107
1137
-9461
-8524
-4201
1362
2771
5840
-9845
-2965
6901
9518
2058
3399
-4040
-4242
6071
5802
-9388
1959
4292
-5544
-5734
1337
3971
-7209
-2358
5154
-7799
-4129
5632
-6356
3044
-7101
-9887
-3157
8886
-5627
8909
249
-7662
4552
3312
550
-2692
-2681
274
-5000
-1949
5759
-4203
7890
-2226
-2163
1779
-3434
7512
497
8711
4480
-7171
3059
7503
7037
3642
-7425
-5405
-4551
6548
4235
-6900
3550
-3974
-8235
3257
1404
3829
3571
-9408
9928
6658
1810
8840
9129
2575
8813
-3774
5730
6179
1709
5278
-311
-8816
-9370
2557
-1832
-3397
4978
9199
2307
4150
-5820
-8088
3156
-2402
3688
4571
-3448
-7425
9220
-75
-5963
-5259
4677
-7034
8769
9846
-649
-3187
7990
-3057
937
-1884
-5618
7881
-795
-6711
2222
9680
-5419
665
-5161
-7655
2615
1533
9151
8291
2459
2259
6806
6481
6940
5259
9765
2983
-6572
-4370
795
-5949
5913
117
-4828
-7294
1915
-7570
-5517
-6003
3639
2702
-9757
-7681
-7670
2223
7667
-1698
7433
-3951
-6704
-3000
-5592
-1460
-5705
1314
4112
-3746
3423
-2771
9811
-3887
3771
3151
4265
-7842
-8935
-5303
-4674
-9150
7327
-9840
-1775
-2926
-774
-6848
-9303
-3733
-6365
4057
6644
2942
518
6877
-9141
4308
7091
-2018
-5399
7756
-9719
7446
-9862
-1729
5826
5939
-6159
3161
6205
6407
-3277
-2780
4209
2811
4577
3706
-1937
-3540
-7597
-2079
3748
-3908
2817
9672
-1891
5017
-7564
6677
4720
6501
-5107
-9631
3318
-7872
-2425
4550
-810
-3705
2271
-5648
5664
3169
-5560
1643
-8848
-3535
181
7636
4045
-5407
3074
3045
9472
-4594
-9949
-8986
9616
4718
-1180
-2309
1795
1796
6178
1503
-4858
8031
-9055
5905
7334
3340
1267
5725
7884
-3437
-1206
-152
5407
4118
-803
7551
-4322
743
-7917
1214
-3285
-1651
4644
-1755
8856
7500
6912
-8106
-2375
-4599
8092
-6958
3042
5102
6622
7177
-7174
-2365
9707
-9606
5866
-2920
9966
-9086
-3452
397
-5468
488
-4451
-1127
-4684
-4219
7474
-3522
-1966
-9176
-911
-347
-2122
-4598
3994
-7365
9933
3481
4469
-5370
4887
9198
1192
-9422
-4878
1197
-3997
9984
-481
-5478
-8031
-2425
-2274
-7205
7788
1016
-4952
3607
-9157
-636
-3186
-5818
4714
-3008
5211
-3950
-4657
8838
825
-1945
1393
5039
6232
-3715
-551
-9921
-6593
-5
-5534
-7380
-453
-5490
3545
6781
-8416
9171
-3307
6860
-6845
-6187
-2965
4501
2000
-8923
-6543
-3690
-8751
7422
2663
2409
-8569
4835
2528
8778
9469
2050
-1445
3025
8247
1904
-4153
3090
-8106
-3075
5610
-1563
-9993
-7909
-9563
-1583
-2923
-4425
5430
8540
-5956
-9551
3521
6424
-9265
-1201
-9920
-8089
6792
-6222
-5480
9622
6066
6386
-9192
5832
6664
-5600
4032
5874
-4331
-8740
245
-8438
8123
-374
-7425
-2854
-3567
5110
-9562
-269
6369
9773
1365
-7386
-3951
-5587
-9185
-5109
-4001
-1138
1017
-9015
6341
-6193
4136
9059
2407
6885
7152
8551
-2873
8472
-7757
-2377
4927
-1277
-2629
9411
2913
-315
5944
-4563
9210
2672
-3840
4556
-1448
-3326
-2467
6738
-1973
2921
-1872
-7562
7079
-8582
4939
-5641
798
-2518
-305
-4297
7654
1513
9467
2782
-6849
6604
7359
4562
4350
8100
9777
-9206
-2042
6795
-4630
1982
7128
1782
9756
9939
7689
-1482
7959
8655
-7422
7776
4800
-3122
2126
-1422
-8032
6268
5929
-4374
4675
6652
-7456
-8491
-7030
-1383
653
-9238
-8329
-8535
-4040
7744
4444
-7232
-2901
-7121
5629
-1705
569
5666
-5188
-6117
508
5389
3829
4508
7253
-8586
7100
5921
2080
58
-4357
-1915
4536
1774
-1591
-5124
567
4819
-1106
3569
-4524
-813
-2416
7566
1360
-7874
9994
-3669
6571
-7679
5721
6278
-4058
-2281
-2232
-3677
1259
-5097
-2647
-6650
1804
-7922
3943
-2371
-2723
1350
3223
-4535
2153
4825
-9061
8245
6310
2767
-2878
5409
2991
8292
-2109
-8713
8738
8226
-9032
2111
8104
5894
4528
-395
2851
-4018
-6570
4740
4278
2540
412
-5728
7672
9150
-3061
-8862
3606
-3607
-5952
4836
-2570
560
1242
-4865
-7666
-6041
8657
-8644
-1172
6980
9109
6891
4607
4921
-4495
-9487
3065
-3009
6975
-2788
5870
-5323
2161
3151
2682
-8892
6602
6934
-767
-572
3196
8692
2282
-5880
-5145
-1855
4405
-7053
-6599
8498
-2653
-6592
-2158
-8035
6252
-9737
2556
-4933
5323
4102
2473
-5779
4511
2960
9214
6277
9435
-8512
7523
4188
8769
-3242
-4221
6244
-499
8159
-7765
6261
-9189
1097
6546
-5424
-2217
-7895
8916
5049
-1
-7654
3362
-8909
-2253
2946
1633
3683
1337
-5941
9144
2625
3699
-6845
-2078
8269
-7591
6205
6973
5182
4811
-4977
-9947
5865
-758
2319
-1852
-9720
8115
9191
6581
1098
-3377
7461
-2275
1277
6418
-8878
-8093
-859
2540
-3272
255
6442
-5441
111
366
-395
-7709
4395
7384
9292
7361
3103
7116
-3085
-3135
80
3295
-3660
5913
-4619
-2192
7880
5408
3242
8384
-3829
2978
7340
-1641
2572
8768
-4209
7509
-6093
9557
-1961
-4920
3432
-8533
-4495
-2167
2124
7009
315
9895
-8523
-9681
-486
8508
-5038
-1820
5680
-1330
3454
1994
1121
5752
9520
7576
-8868
7536
4900
3920
-4659
4147
7816
5316
-6260
2051
3298
-1597
3346
-2641
-5251
185
-1866
-2135
786
902
-5410
-7687
3803
754
-4099
-8517
-4951
7162
7992
4420
1468
4170
6424
3965
-7584
-8731
5571
8978
5638
5153
-3473
-7236
4145
3577
-1030
6959
8420
-3275
6411
-1489
-8588
-8112
3840
6856
2495
-7632
950
6440
-6460
-3748
-9081
5460
1706
-4071
-2508
-6607
545
805
-1768
-6763
7005
8476
-8954
5409
-4682
3642
2688
-9429
4537
-132
-1052
1110
-6174
4391
-7207
-8222
2568
5751
-7581
-4208
-6838
6096
-9711
-6013
1248
9830
2514
5536
3955
8346
6832
-6953
-4288
-2722
1716
-2507
-1996
8473
5789
-6674
-4342
6675
-1577
-5539
-9964
-1148
-3782
-3921
-8919
9401
6948
-9821
-1018
-6325
-2983
-2350
1112
6311
305
4279
1053
9472
3749
8763
-8553
2605
1196
5461
-1749
-1241
-3198
2582
9785
-1558
-8625
7645
-7712
7713
-3289
1549
8821
-4730
9726
-663
-9459
-2196
4119
-626
6532
-3457
1892
8602
-3493
9456
3025
-138
9073
269
-1095
8742
5450
-5005
-5394
7156
1927
1257
-8707
7518
1992
-8247
9142
-807
8485
2044
-1278
-4159
418
-3316
6793
-9538
6025
9090
-1354
-1446
-2477
667
7912
-2246
-2420
9773
3191
-7077
-6539
-9269
-4193
-5824
-3774
-9324
9842
-3924
-4077
-9841
-2792
8392
-6102
-6485
-3289
-4927
5128
24
5226
-6098
8416
5724
-4593
-9899
-5937
1668
1011
-3933
-2966
3067
-5901
-6344
1663
7453
583
-2185
-6267
-8421
-1345
-6085
8236
-6822
-3689
3812
3847
-7020
5677
-5941
-2266
5331
-6667
-4315
-44
-2059
3541
-9244
9202
-599
-3054
-2776
6880
-1301
8466
-146
2257
1133
948
4312
255
-3079
-8019
2787
4908
-8409
-128
-2301
-2151
-7834
8691
-8803
1411
-7183
6475
-2092
-9597
885
-5249
-6905
4945
8064
5078
9427
-125
8631
7935
9509
-9856
-2014
1798
-7087
115
-3948
-5218
5969
-2397
-996
-6374
-7376
-4217
-5753
-6296
8818
-3487
-2451
7307
2024
6071
3755
-6207
-5662
6247
-4624
1665
5463
282
6050
-6747
-6288
-3753
2501
-7446
-5579
-803
6148
8293
9574
-5174
-5812
1653
8422
-2452
-9359
-488
-6891
4058
2926
2112
-4632
6809
6120
6578
-4589
5373
-1510
-8727
4416
4735
8523
-2276
-867
-6725
9327
-5252
-2329
9668
-796
4720
6084
5251
-8572
-6261
-9435
-7841
4053
63
1876
1903
741
4853
-3221
-7052
-5100
8472
-4008
-4332
4379
3332
9143
5006
772
-3216
2906
8934
-8900
-7611
474
-882
40
-6105
-3697
-9113
3821
4311
-5283
8878
-3421
9205
-110
3077
-2417
8221
-3123
6623
-5202
4732
4844
-5253
-2554
9717
-9607
-9401
-2933
3117
-3802
3092
778
331
4011
-6196
-9795
-9684
-458
-6774
-4035
-7116
6300
322
8948
7642
-7176
-90
-1100
-4594
-1455
1999
-1278
-3141
-3043
423
-392
-8262
-1059
3844
-1787
874
4746
-8579
-2447
8468
-9668
-3230
-7984
333
-2984
4533
-8626
5834
-7845
6163
8903
148
-2887
3519
-8203
6111
-1148
6378
5386
7685
5887
7120
-3222
-6089
-3172
-5486
818
-6432
-2154
9414
-409
-9257
-6067
4094
4100
-641
-3874
6450
-1263
5175
423
-538
-6194
7364
3298
4663
1686
-3009
-3915
4038
-8335
-9316
3259
4414
4463
4308
-9319
1767
3275
8722
8545
-9295
-568
6130
4272
7390
-9190
-6518
9340
-2174
-2234
2593
2590
7569
-6627
3545
590
3524
-9832
-8736
-1025
-1630
7631
5274
6984
3481
-109
885
4540
-9491
64
2460
3807
-5154
-9056
-6696
-9967
5887
-6349
-1803
-4845
-9479
-8443
-9201
-6247
-1254
1677
1032
-1444
3976
5900
3579
-3863
-6051
4690
-7265
-2427
4957
-497
-1975
6221
-20
7222
-972
3273
6499
6461
2760
9442
7624
228
-1026
8070
-908
-9866
-2289
1107
2216
-1137
-4017
-3607
-3074
7405
9503
4032
-6719
-1670
-185
-617
-5505
484
-7172
-2892
-3448
-1841
-9293
3865
-3644
-2485
-9051
8695
-9900
-6191
-9751
-2561
-59
-1217
-8943
6349
919
2290
-8230
1292
-3368
8086
-2042
-7064
6797
7235
-2137
-1026
-3941
5469
-9668
6008
9552
2953
6515
-8580
-9322
-7842
7758
4990
-2094
-5261
1819
-1852
1306
-1571
7484
5972
5979
4043
567
9070
-2915
8425
-2664
-1471
-9690
-9397
-3156
5695
-9998
5881
1682
4684
-817
6879
3847
7969
4990
6537
-9551
5137
5304
-3177
-175
4266
2077
-7560
2665
-1216
-1037
-4471
-2852
1159
5423
-4236
2490
-5269
6580
-9626
-5153
3223
5447
-8160
7485
-5205
3551
6244
-6700
4907
2643
-4648
-2368
8344
-7298
2398
-1933
5751
1774
-9075
1071
-4623
7649
-6845
-6232
-620
1575
-9517
-598
-4424
3625
-4605
2466
-3683
-9329
-1739
9724
-3832
8865
1228
9776
-3542
4812
-3776
-3934
-7201
-9063
-8035
9531
1793
-3861
335
8722
-7395
8870
-9882
326
-3327
-3197
9605
1504
8064
-894
-3346
-2324
6700
1662
-5069
8588
991
-7282
7548
-3289
7897
-9850
248
-2915
-2504
-9637
-4566
4501
2680
9421
-9971
7366
7784
7626
2565
2876
541
-644
-5925
-403
3855
639
5430
4596
-5007
248
-3456
-8945
8581
1175
-1954
-8184
9429
-1013
-1570
-8808
-8485
7358
-6079
4222
-6957
-4885
5507
-8273
-9883
788
7956
8128
5200
4985
629
7791
7014
-2977
-8357
8771
-5495
4649
5867
3955
-6142
-3140
9396
9966
-4095
-6175
-8036
6854
-5623
-2862
-388
1039
-8088
-7477
237
-6506
-5141
2168
-8504
-8960
6955
-2808
1902
6595
9252
5503
-6710
-1176
-7171
-6874
2983
-1069
6794
-1171
7664
2630
-867
459
-3669
-1875
-301
8406
-2431
7936
-9296
-4228
8912
-4521
6612
8016
3256
-1139
7811
5857
-4658
2832
9772
637
-8603
-5170
-409
-1467
-3357
-2249
8720
-9901
6619
4035
5616
-1793
7608
8450
2265
-1407
7183
-6970
3944
-9073
3443
9423
1931
-8624
4443
-7018
8140
-5811
-1409
-6154
6513
1314
6707
4985
3969
6876
3938
-1747
-3894
2712
-3456
-7845
-2259
5381
9306
-5266
6847
-886
6959
2411
3178
751
-6907
3098
-505
-4299
5208
7350
7395
-520
3473
-4493
-7006
-3833
8927
6359
-8185
-7160
2532
551
-7094
-4943
-5000
8783
-9735
-2444
1797
-5248
1879
-431
-161
-1655
-7738
-7382
7083
9358
-7796
-6932
-3668
6880
4635
5686
-1846
-1279
414
9066
4436
948
3051
-3481
412
7137
-249
-5079
-4078
-2156
182
1119
-8741
3162
-4083
-1914
-6543
-2219
9965
2272
-9169
-205
7571
8276
-5145
-4085
8561
-7878
-9879
-3398
6147
2518
-9390
-7584
2414
6335
6303
4580
32
4855
8086
-5394
6031
-487
9960
7894
-398
-6467
-2943
-208
399
428
-9321
4373
-4925
8782
-2713
2403
5947
-8481
-7002
4399
-1192
6256
7034
2290
9711
9783
8781
9046
3759
3503
2792
8224
9483
4923
-9276
9288
5962
2503
3220
-1729
9393
-4573
1775
1249
-6684
-3280
-7232
3162
5565
9620
-1227
5436
9131
-2480
-3946
6825
5824
3242
-7057
-420
-9149
3733
6761
8875
-9442
3842
801
5382
-7711
6009
6657
-2104
-1887
6790
-9874
8292
-7436
4047
-645
-242
2003
3894
3101
1717
-4975
2758
4606
7172
5732
8594
1373
8126
5567
9928
5695
8372
-8316
-1005
912
-2709
-2746
-4150
3512
-2079
-7183
-681
4644
-2953
-4682
1834
7507
1503
8888
136
5111
8555
6189
8893
-9101
-1243
8993
-286
-2176
-1433
6278
2528
5210
5209
594
2767
-5388
-3746
-3636
5634
5791
2688
-4193
-7981
6891
6538
-7104
-5692
5498
1758
-4667
4363
-2672
8113
-1489
3422
6580
7332
-1913
9319
-6223
-7538
-4181
2828
-565
583
7704
-7638
-8946
9146
-3841
8730
5168
-1059
5062
3815
-7107
-7501
-3600
-3301
2925
4796
-4638
-7759
-6093
-5276
4377
-8582
-6831
-8646
5097
-4883
-616
9958
-3492
5381
-6561
-6527
3495
-3439
-9924
9654
3932
-7588
-8241
-2341
-961
-5728
5801
7333
-4650
-929
-4173
6537
4072
4350
-3652
5308
-7363
-8615
-9356
-8552
-5862
7761
9334
7351
-2669
-3857
4207
7896
-1498
-8703
378
7789
819
-4255
1608
-2977
-6815
-6233
6384
7065
1446
-3746
5968
-5983
-2537
3467
-6177
-3606
-6738
-8856
3925
6940
8030
-2287
-2069
-3657
5703
8691
-9945
50
2376
3285
-5487
3958
1699
-2184
-8820
5173
-4362
-2837
-6628
-1979
-9853
1103
-4735
-65
-2398
1141
3096
-843
38
-639
8440
2776
-5744
-3749
5404
8382
501
4247
8194
7163
8007
5464
-972
3206
8970
-6675
-4447
-2993
-6421
6843
5169
6107
-1474
5166
6829
-7538
-4395
-2117
-2345
7462
6309
687
-9799
6512
-7114
4928
-2726
2364
-5471
-676
674
3499
6930
-3145
1623
9628
646
7283
-6230
-3827
8828
-9208
4323
-7975
-3012
-9386
-2907
-7929
-3115
-1747
1927
2017
-6007
1707
-4015
3062
-1722
-6399
3387
-748
-8177
-3489
2744
-9670
-3067
4359
-8806
-3790
7342
9230
9387
-8248
2842
-1734
-9360
-1233
5360
1913
-7784
-3702
-8225
9685
785
1629
-6511
9331
8206
-6005
-759
7228
-8296
8049
1260
4440
-4305
2854
-2947
-6204
7138
8911
7774
-4531
-6898
5857
-2065
-3041
-1499
-6093
2260
-1200
7443
4093
-9401
6004
-417
7163
7239
2117
-4962
7132
-2135
-9127
-6234
-7599
7939
6097
-880
-3844
1167
9072
2244
-6680
-7861
-1683
-4558
-5427
7534
4678
-4813
4515
-3819
-6475
9637
1514
6493
-2146
4822
-7327
-9695
-6169
1493
-7785
-2498
983
4002
3969
9651
-4940
4888
7177
-5072
5819
-2871
3389
-5378
-2276
7994
-6004
-1357
1925
-5164
234
9890
-7082
9324
-3657
6116
4652
7401
969
3949
-5007
-6672
6486
-804
-9885
6733
5521
-4809
1216
-7149
5933
5658
-7661
4843
-1733
-5763
2832
2306
-6945
450
-5152
-8399
-4173
-5075
9048
5914
6357
3499
-4737
5739
3454
2606
6347
-4252
-7287
-3115
7311
-4208
-2535
-9656
2203
-8107
-9191
9669
-8736
-585
-2302
5019
9523
5821
-2656
-9862
1660
6550
3672
1273
7161
6716
-9530
7979
1435
-4035
4839
-6636
-3670
363
-8197
-6854
-8450
-1150
-8554
9957
-7471
-2583
-4162
5696
-8071
6668
-4535
-5761
4698
-7599
7976
2964
5731
-8643
1602
5232
7360
800
-9649
8223
2560
4673
-2650
-1393
-6040
5919
1636
7043
3810
7121
7142
-9484
5168
5266
7905
-9116
6880
6862
-4406
9154
5904
622
-3800
-5898
-8863
-9169
6527
5199
-9544
-6091
7353
-8588
-7867
8789
5475
5574
4935
-7858
-720
-2814
6939
8732
9305
9469
-5539
-4179
3664
8234
-2806
-8610
-4173
-6493
-1614
1551
-9888
4348
1241
9614
6700
8324
4902
2345
-3288
3305
-8251
-6927
333
-3083
-7875
8593
-632
7972
9161
8374
-3338
2003
-9667
-2576
-5257
9287
2662
426
960
9915
5840
-2704
-6877
-6036
-103
-138
3918
-9012
1937
1632
-7414
284
8848
-596
-3547
-6270
226
-8957
-9399
-6690
-9593
6183
9621
9127
-5741
-1788
1619
6552
5719
5069
4046
5959
5391
9436
561
8549
-5984
4935
-6583
310
-7691
6476
8856
2710
-278
-8299
-9744
836
-8080
8609
-6807
1359
4490
6827
3238
1906
8371
-1562
-1312
-3048
9060
8016
7210
5729
1756
-6785
1961
-2127
4077
-3371
3688
4352
-9970
-6066
6002
1394
8550
-7088
730
-5348
-9059
-6433
-4410
-4047
-4556
2071
8585
-7128
2909
-1338
-4827
1147
7418
7761
8354
1191
-6309
-9163
4590
-7461
8829
6999
-7593
5569
-5618
2887
3569
5330
8957
3591
8902
4575
-4535
-8451
3862
-1321
-2432
8201
-5495
7523
9553
-5292
-5131
-1750
-5545
-7347
7860
1731
5189
381
-8744
8561
249
4028
-9829
357
-4833
3205
9696
-2996
5728
9746
8435
-2419
5631
9260
4058
7785
6774
4477
5805
-1150
7471
-5923
-4972
-3947
9437
4944
2437
-8553
5473
173
-9846
1604
-4490
5906
-7144
-9226
-8565
6148
3596
-9065
-7176
6841
3914
6193
8230
-1160
2846
-9042
207
7704
191
-2541
7514
-4119
2457
4341
-988
5275
-5185
-3265
4179
-8947
2830
6903
-9065
-5438
9575
-6964
-7596
-4568
7975
-7312
-8313
7073
6330
5866
1741
8285
-3729
8196
7646
4647
7379
-7997
8301
-3907
-9588
409
-6324
576
2028
7924
-8804
3125
-1555
-8750
6410
2017
1901
-3027
2771
9080
-9287
5536
-8203
5613
-730
2196
729
3921
2261
7777
-7634
-9104
4946
2893
9176
8028
3585
7045
-4928
887
3124
-3663
-1672
3346
-7564
2993
-4297
6999
-609
-5503
-3952
5820
-6020
-9345
-4693
8062
5585
8329
6420
-1214
466
-9023
-1968
-1182
-1567
-6006
7582
-8514
3276
3666
3093
-7584
-4536
-9792
7883
-7901
-7596
8436
8657
4959
473
9279
-9726
9618
715
-9079
-9733
3105
-2298
-9973
-3569
-6340
9785
-2317
-5524
-8622
3485
-6814
2601
6194
854
5972
2111
8593
-185
6412
7577
-797
8052
2469
-1652
-2933
5724
8459
-8122
-183
-7610
8945
-4704
7795
-2663
9037
-9462
-4150
7481
4325
7820
9664
9564
9469
2104
-1845
-2913
5926
6766
-438
-5449
-4755
-8655
-6218
-5701
-6946
-2542
4065
-2527
-8782
7080
-2594
-615
6581
7195
3085
-1877
3704
-6609
-1698
-2596
-543
3097
-7611
-7214
-4004
-6015
-962
6790
-7921
-3367
-8885
-1409
5356
4417
4886
-5608
-6421
-1893
9043
9783
5115
5363
-289
-2120
-6771
1051
2466
-9813
-5269
6047
4019
2078
4203
4740
7460
-5868
3241
5981
-3508
-4777
1167
-7094
5863
4649
-3082
-2872
4627
-2562
-651
-7682
-1088
-8275
3599
7384
5061
-4531
-6780
-8608
70
-7908
8420
9650
4512
-3370
1872
-553
8988
5704
-2463
5324
3920
-3149
6583
2847
-1539
-3010
-9518
-5047
-8996
3500
-5790
8598
9208
-4511
5667
9151
-2296
1391
430
6012
-83
-8352
-8435
6924
8633
8364
6672
-8232
9613
-8020
-5066
-6993
3334
3710
5983
-5727
642
9648
-6065
3916
5892
6136
-2464
8836
8072
1764
-440
-2017
694
-3557
2159
-8535
-9187
5202
-2471
121
454
-4087
-4244
7614
7972
-4797
-7128
7802
1922
-9977
5231
-6250
-5276
-4300
-6146
6199
-754
4844
1666
-4852
5408
1127
-6815
4030
-3362
-4832
-3483
6572
9038
7944
-8822
528
-3720
7855
6237
-796
5079
4261
2131
8642
-6692
-9943
-8767
2679
-7506
6826
-108
6247
8287
3168
452
4117
-4468
4062
-939
7839
1956
-4359
2158
6148
-3204
4366
-2812
-8106
-6672
662
3087
-9748
-989
4269
7255
-9730
-3164
-4049
7431
-5328
7618
-6008
727
-4042
6651
-3535
8127
336
8525
-6022
-5468
-3227
5954
6048
-764
-807
2254
-5793
-1921
-4740
-6100
7337
-1583
6315
-4065
5992
-7195
-6932
-9905
-653
-8657
-6705
-9045
311
3669
8272
8860
155
-4538
-6935
-5455
-679
9777
4277
4465
-4992
1232
-1556
-6759
4039
1813
-3461
-678
-960
3377
4756
-1210
8638
1541
6367
-4495
4490
-3589
-7344
923
128
7100
-5358
-1568
-2251
-1271
7806
-9814
4721
-6474
-602
4846
-4451
-1574
9797
9245
-9210
-7930
-7349
-5749
3045
-4238
7800
3428
-9216
-5281
-5140
-6940
2444
-4119
-7872
5705
-6419
-8502
229
-2637
-7131
96
-5433
8729
2811
2804
-6333
-2189
8970
4449
-2751
-75
6774
-2060
-5387
-2359
-5341
-2238
9609
-3043
-8933
6929
-4057
888
5721
-8686
-146
-3687
-7310
-6503
7224
-8331
-5485
-7429
-3553
-7691
4806
-6476
-9497
9390
-8648
7484
9386
3125
4451
-1836
-407
6380
3070
9424
-6202
779
-4149
2268
-4484
1152
1459
6143
-1114
-7525
7815
6038
-5397
-555
4323
3697
618
9416
-9271
4066
-7331
3015
1535
-8460
-9402
9365
-7944
-44
-8211
3735
-461
-7054
-9721
5213
6526
6652
-788
9899
4045
-9440
5184
-9193
-3623
-3280
-6064
-707
-1070
-6380
-7833
-9706
5455
6031
-5525
564
262
-3567
-8065
1637
5428
-8564
-1368
-31
8913
-3832
1375
1038
3857
2699
9106
-7423
-767
814
8930
-3463
9421
8907
2559
5159
7862
4256
-5548
-643
-5369
9225
5524
6095
6427
-2891
-781
1821
1920
8882
3157
-7939
3482
-3743
-3638
5973
5243
4671
-700
-6394
9710
733
7344
632
2899
8189
8210
4925
-1737
-4976
5975
-7944
-1476
8876
-6766
-770
6399
9919
8209
4440
-129
368
7971
6439
7227
-9346
1690
1318
3068
-2844
3882
8123
9803
8354
-8745
774
-806
9957
-9269
-753
853
2341
-5449
-2437
5782
601
-97
2602
-6560
8316
-2646
-8427
2700
-5278
6045
-1462
4395
334
2425
-6464
-1222
-4320
4271
-5582
2571
9002
9937
-9242
9428
7293
-554
-2595
5583
-7172
-1912
-8593
-2261
-4410
-3682
-452
-3360
2694
-2531
-3255
-8381
-1613
-4801
6374
9754
7781
-5070
5439
9862
2755
-8340
-1877
6782
1952
-2856
-723
3375
-9630
-4618
8222
-3441
-9305
-5178
-1542
7238
-2785
5330
-749
-4211
9295
-3078
2000
-2555
-6060
7671
9266
4501
5986
-6701
1669
845
-1731
-3951
-5881
5093
2367
-5896
1688
-1607
-2795
-7772
-7449
4253
6014
5794
-1394
-6807
450
731
4198
-6034
4971
-722
9922
5540
1074
352
-1154
-3854
3871
-8362
-3290
-4990
-3951
-3491
-2497
2613
-902
3631
1419
-6052
3745
-6243
1254
8300
9855
2280
-3005
-8054
-3653
9221
3090
-7072
-9488
-6918
-9429
5781
834
-4523
-1569
-2846
5222
8026
-6639
8805
-5858
3224
-5684
2543
620
-6595
5197
-5762
5598
-2008
4310
-2319
-8445
-7065
-7293
-195
6529
-2619
2767
-1914
-523
52
314
-9179
4173
-6298
-4727
3509
-8887
3897
2471
-5300
-1417
2321
2568
-3819
-1083
-9898
1959
-627
1290
6070
9303
-6255
1243
2100
-3405
-4155
5942
3795
5693
-9148
1303
-5694
-2241
-8585
4801
4197
7181
2627
3220
-8517
-5139
-2143
3989
-9208
1731
-930
-4197
8068
-6909
7170
-7403
-4795
174
8110
2640
3705
5943
-8974
6337
4532
-7103
-5674
4080
9619
9271
9573
-4068
-3007
6462
3970
4082
-3551
-9497
-4290
-5120
-5606
-8889
-7490
-1354
2505
-1214
415
7866
-6114
-3528
8802
8656
5490
1040
1166
-1276
9988
