-4309
8013
1825
280
-689
-5413
-5217
461
-1646
2637
-9739
-4051
3998
-3880
-5947
9228
5579
-5219
-5834
2198
-6476
-3117
1528
-7293
-6620
4751
-526
9734
-8204
-2628
3740
5606
-4981
1296
-5570
-5441
-1902
-8964
4336
-423
-7547
-5429
4127
6113
-9150
-9067
-9685
-9578
-2976
9451
-7525
5056
6134
5277
4470
9267
-2436
-4740
-4670
-4693
-9051
7592
-2558
-1776
-7416
-6042
761
6144
7814
-6998
-4767
-331
6753
9679
5797
-8451
-784
-7851
3471
2517
9573
-3185
-2795
2369
-9372
-880
-2345
-3938
4173
7188
-486
-4794
-9301
-6680
3876
-2919
8705
5887
-8844
-1257
-5809
-6626
-3410
246
-5616
306
-8791
-8244
7889
-1836
-2861
-2976
-382
-8288
-6212
1210
-2637
-2737
-8950
6879
6744
6968
-3570
-9250
-3521
7469
-6552
124
4224
170
-5909
1372
-1929
-5290
-2201
-4882
1324
3320
1026
-4778
-2495
-383
7737
4981
-9530
-8300
8405
-5614
-1101
4092
4369
-941
7174
1662
-4280
5819
9826
-9222
6742
2889
4387
-6070
-3111
-3851
6289
-9800
-2942
-5157
7552
5435
9738
3531
-7446
-3288
-6281
-740
-5295
7016
5611
6966
-8654
-5458
-1137
3292
-8994
5127
7012
2810
1826
2107
-9561
1225
-8017
-5979
-849
5613
4752
-2279
-6498
3415
1265
-9243
-2223
7177
-808
-8810
-7868
-7066
560
-3
-2876
-8464
7391
4939
1827
-1492
3929
6803
7737
5583
-7681
-1176
-36
-4980
-1335
-2934
8831
9638
4916
6197
-6703
-5405
4728
-8009
-2166
8232
2361
-921
9946
6877
6048
2976
-9468
-1980
-4380
1848
6530
-5817
1778
-9352
-2999
-1460
3888
7270
1293
-4327
5503
2651
-7416
4161
-4270
-5074
-8335
-5523
-767
514
-7680
-4152
7074
7306
-8377
-5425
-2347
9252
905
9637
-3628
-4334
-9522
3349
3589
-5762
2445
-3738
-4444
-1378
697
-7753
-548
8287
9348
-9431
-9877
-602
2366
1895
-400
5429
842
-9620
1326
-7287
980
-9477
7940
3693
-6023
859
9095
9207
-1747
-2987
-6588
2425
-4356
-6732
4129
9325
8335
-3313
-2387
5965
-5783
6679
8449
-8033
3330
-1741
6767
7804
-4842
-1117
-8494
-6643
5727
-7952
3699
4586
-8370
-6698
541
3565
-2664
-8396
8212
3897
-2773
9717
9632
-2413
-8008
-4540
2569
6484
4299
-3105
-6392
-4257
2014
-2109
9920
3622
2120
-4265
4273
-1741
8767
1717
-6542
6922
4953
9498
5886
-5210
-4528
844
-8249
4040
-9084
6966
8483
-4181
1545
6424
7619
6317
-9688
-2078
-7373
9938
-4773
-3342
-8880
-1538
-2057
-4965
7024
-183
-7629
-2417
3572
5589
-2220
-6546
2999
-3424
8949
2462
384
-3888
2891
-853
-9359
-7182
-5064
-4734
6947
5941
5093
-1422
7345
-7368
-7035
-4964
-6458
1388
-7919
-7748
-8850
-9681
4983
1184
-8826
4064
5401
-6140
-5011
-9493
-371
1084
-1514
-3852
7925
-8874
-8290
6303
8906
4831
-1636
5791
9974
2394
-4976
558
-9024
-310
6988
-1365
-8029
7678
8686
-5897
-5783
-7730
1352
-2365
3252
6590
-953
6951
9012
9458
5971
3645
9198
-495
-3759
-4378
6366
6055
-5924
3935
6954
-5365
4658
-870
-8069
-2909
6414
7355
-848
920
5540
8806
-737
-4763
-3746
853
-5269
9951
60
-8382
5267
-1729
3722
617
2931
670
1616
-2717
-9575
-881
-6157
-3644
5698
-1734
-7050
1441
-4309
4663
6415
-9845
2932
-1360
-4389
4629
-3540
-5490
9543
-9050
-6769
-4433
796
7521
-9175
7425
-8552
-5730
-8933
8211
1439
-9762
-5013
4028
-3324
-6937
2253
-9450
-6058
8742
-1148
9913
8555
1388
9657
7586
-8410
-6629
7767
-2009
4592
-9275
9671
3558
-7899
-1645
6304
1586
-5886
-5032
4504
-3799
7412
5479
8223
-7979
-8221
-6500
3259
6947
5288
9988
-7870
-7365
9489
7161
-6590
-6726
-7302
-1008
9350
-9854
-6613
9286
-89
-5430
2470
-6763
9321
7005
-3708
-2362
2713
9640
-9064
-8841
-2218
5210
5110
-1147
-1187
-3425
1709
-2223
-9338
7824
7486
-3330
3816
7811
-347
-1508
-2930
-7452
-3810
1772
6982
-7491
9437
7538
-7813
-9475
6938
-4326
5001
-2821
5177
9604
3541
6291
7855
5465
-8924
239
8640
2566
-6596
-6802
-3518
-4734
520
5594
3921
-8863
8076
8943
-2282
4754
9074
4444
-6684
8782
-4190
2119
5838
-1134
1005
8983
9279
-1999
-4564
-7939
8290
-4952
-5002
-4222
-9605
7991
6890
-7381
-6856
-2768
7413
-7516
-3066
-903
1523
-6409
3370
-7699
7736
777
-1026
4134
3966
-2366
3576
-7973
-5666
1422
-2762
2195
-8975
-7781
-8135
8543
-3347
-7804
-5888
513
1230
5285
-6932
6649
-8189
-6982
4873
-597
-9555
1766
6917
4202
-1504
4498
-5719
-9718
-5757
-6147
-7619
3103
-2397
-7123
-3627
2975
-3171
-4848
7409
9926
9271
3629
8291
-2379
9932
1098
7583
-5661
-6789
-2572
8317
1414
3221
-9865
5952
-7621
-4233
-2036
-5365
-7368
1375
-9233
1561
2134
8631
-2083
-6015
-5611
263
8370
-4416
2796
514
-1142
-7925
3476
-3060
-5157
5778
2338
-449
688
5804
-9025
9889
-1454
1785
3481
2607
-9180
-5179
9190
1221
770
-3627
9390
8984
3243
2235
8434
9745
9202
-3233
-6959
-6927
6926
5070
-435
-1905
-512
6734
-7114
6972
9748
-7530
8012
-6912
-6439
5891
2849
2139
-3805
1621
-25
7439
-1439
881
6255
4558
4072
-2405
4911
9401
-910
4502
-6236
-1210
2800
5190
3363
4586
8178
-776
-7708
-7298
-4281
266
6683
8803
5519
6749
-5640
-5750
-3313
-4565
-6692
-4869
4116
-4992
9009
428
-4460
5709
-1157
-8584
-8469
5808
-7011
-3719
-5289
2282
-6183
2787
2514
-9724
3813
-375
1728
-4083
-1425
-7706
-3554
-9847
-1345
-4924
-6023
7128
4411
5197
1385
-7149
-3043
-3814
-1222
-4427
-3791
-1273
-6118
-7357
3629
-9869
-8682
-7199
7981
6662
-143
-8712
-6841
6474
-9724
3969
-412
-7514
-5517
-4325
-2965
1869
2619
2857
3621
-7326
650
-8167
-8616
3314
5413
6512
-7998
-2105
-6507
1912
-262
-9830
5650
-7743
4176
3719
2918
-2939
617
-238
5527
5334
-9369
5602
7237
2175
-9674
193
2364
-5816
-8849
-9996
5912
1141
-7861
-5820
-6831
2733
4103
5289
-5980
-7203
-8007
118
176
1176
5033
1730
-2330
-6947
6647
-6615
1337
1523
7842
5008
-339
4307
-4638
3761
840
6717
-8241
-7472
-4694
-4290
-9309
2939
8610
4176
2048
-2622
5717
-6614
-1752
-167
-5821
2913
-6628
-5844
-614
-7926
-7587
-1178
5567
676
-7120
9337
-2335
2421
-8177
-6878
-9700
-8571
9391
-7233
9896
7503
4762
3891
-6987
6464
1802
3879
-5264
-5603
-3776
-730
9407
2104
9606
-9320
-2071
9810
4921
2082
9559
-2048
-1733
3606
3222
-3792
9275
-1629
-7364
-4105
-2048
-5586
2860
7546
-2405
3078
7493
2766
-4762
-4573
2002
-2112
-2732
-5864
-7033
-9961
-5176
-7761
-5680
-1797
9668
8190
-313
4453
-8827
-9769
3705
-8376
1573
-1173
-4006
4078
5226
-8428
7403
2582
-4026
8579
76
3913
-5058
8920
6708
-9458
-8456
2500
-2876
9587
6944
6817
824
-8684
-987
-549
-3782
7057
-1534
-4386
-7499
9729
5291
1079
-9008
-6091
7271
-7271
8680
-7516
-9686
-8212
-1869
-585
-2840
7024
-8412
-1430
1573
6100
-9960
-6072
2686
1951
8421
3876
3251
-9967
5156
2178
1605
8611
4281
2755
9496
-9999
8657
-2902
-1103
-1898
5423
-5351
-8680
-7373
4533
-330
7427
6637
-3470
1667
4244
2340
9663
9571
7846
3603
6102
-6337
-7799
-4284
-9041
-9931
6059
-8849
3853
-9366
8048
-3516
2242
-315
7418
4861
-9197
-8062
6376
9535
-4424
-4710
6257
6706
3675
9600
5218
6875
2721
4262
-6707
-9201
-914
-1686
-9464
7426
2142
9990
-8090
-6877
459
7988
-466
5255
-8746
446
-1547
-2280
-8256
3528
-9071
764
-5674
-9781
6996
4952
-4141
4691
-7371
-9931
-14
6925
9089
-2377
8291
-5978
-1817
5198
-7313
-3508
8141
-1874
5406
-9989
9429
-4029
5778
4267
-6631
-60
-8579
8042
-2986
1026
3675
1618
5399
5846
1757
-5732
8369
6552
3099
4964
6648
2554
-8064
-7617
3835
-9157
-8834
8324
-1840
7334
6519
3319
5188
-7760
-541
1229
6484
-8922
-8745
4092
-7909
1209
-8486
9521
-4196
8570
-7987
-3907
1871
4427
9482
-5049
-3427
6265
7387
1982
3202
7331
-8626
-8925
-6366
-9012
7051
8187
-6459
2261
6959
9714
-4303
3177
2789
-503
9550
-7382
-2837
6697
-1670
-2652
-6156
-3364
2439
-1907
-9424
-5207
2504
2052
-5267
1850
138
723
-7501
206
-3760
5993
-7643
3457
7832
9270
-402
-7750
-8938
8343
-2957
-3946
9622
4532
-8431
573
6363
-3916
-1210
5592
9612
-3134
-8449
379
3144
-6912
8361
222
857
5046
2172
-8470
7719
5778
-9551
3637
-2114
5514
7868
1581
8132
6956
-2990
-1631
-1100
-5253
-642
-7564
-6094
-658
7166
7720
-7798
8408
-8373
7327
8393
-5567
-112
4867
-6827
6807
-1147
-5031
8805
5072
4584
-4881
2591
-5564
7109
-1643
-7909
7307
-3855
4068
-6130
-7126
5932
-5965
-4749
-3674
-8884
4683
-9206
-3416
-7770
-51
-9182
-5066
-691
268
6026
-7963
4743
-9013
-3152
-9026
-6119
9965
7199
-5786
1427
4467
6822
1012
9004
-4826
6009
-4008
-9416
-5877
-8758
-8164
-3323
5880
-7276
5531
-6634
-8473
-4400
7297
5566
-7305
-1104
3606
9946
-2420
-3007
3374
9128
4761
818
-1412
3209
1265
9874
7492
-4528
3293
5149
-1439
-6751
-6062
4043
4494
-4457
-7597
5372
980
80
5899
-9998
1617
8008
-460
5048
956
-7349
5490
-5667
4286
-6621
7210
-3251
7915
1031
9647
4405
3341
-787
-7535
1153
41
9693
-3403
-9124
7341
6299
-2014
5817
-2096
-1798
-6637
3387
-4828
-5121
-3176
-9873
5603
6334
6270
-2454
-8252
6379
4947
8164
3845
-8989
-4345
3427
-3005
-5656
6375
-3346
-9366
9040
3805
-1459
-406
-532
-4712
6195
8128
7709
5058
8417
-5702
-1891
-4590
3716
-5792
4881
-2451
-8272
8720
-1280
-7731
8639
2926
-4692
-3284
4927
281
-5156
-9746
2217
3582
3022
9344
4075
377
-5495
993
9106
-6981
-1205
-1511
9366
-5706
5909
-8795
-1491
6941
-3251
5508
-6318
-1937
680
872
6395
9705
-2716
-1828
5368
2080
874
-4803
4517
-6113
-1129
8452
-254
-1160
7543
-4372
-3565
-7393
3373
7096
-8833
-1699
-2791
-2405
-5865
-8296
1409
-3636
-7911
-7156
3033
-967
1993
8541
-6290
-7682
-1485
4550
3735
-5755
-5060
-2403
7400
-489
-8134
2337
1770
-5541
-9908
2389
1115
-1105
9545
-2381
6693
-2046
3804
-8277
-7616
-3207
-3184
-4154
-6466
8390
7111
-7085
-2957
-9933
9699
3633
-8526
3448
-3411
-1431
5229
-3521
-2244
1065
-3186
6568
-8986
7170
-1799
4070
5607
-5693
9631
8777
2979
973
-484
-6583
9286
-8294
9045
9247
-8248
3583
-7068
2982
-4385
4002
-5910
-4814
1843
-9508
-5978
9129
104
-3849
-5972
6776
-2821
-3684
-6575
9536
3346
5195
-8822
-5480
1849
3512
8086
7469
9457
-612
-3687
-1393
-5339
6299
-2622
9874
4059
8474
871
1113
-2618
-9708
-3539
-5173
9995
829
5885
-6329
988
2977
-2740
-3314
-9726
6021
-270
6088
-7825
8968
9694
-4800
4606
4014
8666
-7857
4511
-8654
-3916
-1214
-7349
-7407
6169
-8025
815
4705
2188
2315
8554
1275
2952
-4738
-8003
-3448
9935
6294
719
-7964
7416
7092
-6396
9125
3583
4808
5159
2978
1264
-7944
-9224
-6896
3985
-6530
8621
-8150
-2134
-6514
-7058
-9266
6492
4138
6480
-3354
-6338
-6621
-1043
6907
-2930
3692
-1009
7304
-7014
4491
-4478
-2677
-7130
-6599
4242
-8903
-9236
5171
6078
-5106
4359
963
-6360
-4446
5292
-8634
9121
-396
8850
-9819
-1860
4724
-1215
-7294
3212
8039
-6161
6607
-8978
920
1152
-5262
4682
-4067
-7171
2830
-498
-2237
4400
-1642
-400
-3685
-2012
2722
-6780
-8086
-3425
7372
-8007
-2099
-2953
-3526
-133
7372
8473
-7968
8123
-8072
4605
-4644
4926
-1705
2897
-8820
-2381
-6791
626
-5199
-2919
8008
5323
-3221
-1084
1755
2912
-4081
-6922
9974
-5894
-753
-7545
1295
-1032
3598
2393
-6883
-8579
9000
-6698
1827
-651
2094
-742
-6925
8050
-6225
-7140
-8365
-5606
5965
2685
7654
-8527
7322
-1548
9930
-402
-8293
-5597
-771
9495
-6901
-6534
8561
8413
7330
-9830
-5881
3749
8832
-1568
888
2151
3387
-5717
9492
2244
-9410
8997
-5998
-8839
5194
709
1348
7342
-8272
-901
-9125
-2088
-974
759
6844
-8115
-8919
-83
2726
-8388
-9665
-3311
-2943
-8658
-3661
-5009
-4742
5460
6609
-2722
9573
-1233
9414
-9157
-6109
-8054
8545
2238
1456
2384
4240
-5592
6291
6139
7606
-70
-6256
4345
3641
-9644
-7963
-5913
-6397
3725
-2807
6845
-7018
7919
4513
2573
-900
-9618
-305
-19
-4970
-7554
-4813
-3500
-2085
3946
-6626
5610
8456
-8399
2104
3519
-3058
-6691
-8373
-342
8016
-7154
1930
6018
8234
2585
-1668
4329
-7864
521
-872
742
-2517
-6826
-3135
3205
6620
-2084
-4313
8993
-6355
-5818
-2123
8700
-6325
-909
4701
3478
7116
7578
-4451
7552
5753
3418
-8190
6168
-5752
-4491
-4828
-3414
-4159
-7429
4425
-906
-1494
-1872
2385
-3670
7119
-628
1907
8017
-4730
9610
7408
8964
-7477
1749
6912
6234
8987
-527
7767
-7575
-2310
3190
5374
-1505
-9873
5998
7572
1489
-9642
2990
-26
-3299
6826
3826
2350
-4398
1126
-9727
-355
-9288
543
-7250
-3830
5542
4056
3456
2009
-8700
-7635
-5265
7330
-262
7617
6947
7743
-9568
-2336
-2275
7035
-6067
6250
6804
-1293
1605
6212
5982
-669
5084
-3227
2928
-4535
5133
-9393
-1789
-4166
-855
-1122
3106
799
-8172
5557
6331
-8332
3316
-9227
2029
9713
899
4524
4786
6074
-9249
4908
-4021
6796
7327
-9214
7220
4256
1381
-1477
6250
-8412
467
8825
-6163
-1851
5703
-4131
5301
3914
2656
-136
1469
8947
9083
5632
3900
-2740
-2247
-8390
307
-4100
-3048
-9310
-1905
-2691
63
-5802
2531
2786
8397
9183
2428
185
695
-163
4447
3423
9709
3573
-914
-4518
3109
5327
9092
-4969
-6902
6793
-5096
2438
2790
2616
5603
-8366
-948
7895
-6384
339
2559
2418
-4306
9003
-5980
4720
8404
3980
-9571
-2961
9451
1715
5295
6401
-3367
6124
441
5612
1252
-2789
-175
-8030
-1635
-6698
-4726
-1339
-6883
3469
81
1064
-2640
9786
-4690
3859
-4257
9686
-3998
4152
380
1318
-7267
-6814
8139
1676
518
4550
7537
8832
-78
6711
-3433
3477
2735
-9451
-1778
-1424
6174
-7707
4471
-6815
-727
-1649
-2031
-5519
-9812
6860
9988
1493
-9680
7299
9482
2690
-2565
-5705
7962
-7409
81
2329
-8924
-6819
-7294
-8995
-2929
-4218
8942
6700
6969
-8379
9837
3880
4370
-5922
2805
-6457
-6883
31
-1129
-3195
8615
-1731
1215
-83
-7681
-648
-4981
-1945
2107
-6088
2751
848
-172
7307
-1751
3548
4223
9764
-7464
-426
5271
-5628
6049
-5820
-512
-5477
-3740
1650
3520
4911
4680
9654
-4190
5393
829
-7557
-5842
-2628
2404
-3313
-2473
-8377
-7587
86
-1410
7300
599
-8886
-2894
-2433
7670
-2269
9666
424
-962
452
6324
8347
6997
-1147
-8948
9266
2526
-151
-9371
-6152
-4060
8425
-3176
1454
-6435
58
1528
-8730
8881
-8409
-274
-7246
-9458
1430
-3074
1468
-2173
6092
-2574
-3184
3562
-6927
-5675
-4233
1280
-8439
3716
-8222
8730
802
-7965
4659
6936
-982
-222
-677
9706
-8516
8766
5207
5079
2319
-2597
5182
-7155
-8373
7516
6920
149
-7782
8059
-3486
1709
1797
2110
2862
1989
-1987
-805
7440
-3763
9423
6607
6801
-4892
1363
2907
-9727
9041
8089
2527
4508
-2193
-4375
-5
1497
2083
-8611
4538
-5408
7645
-5068
6622
5658
-2893
7345
1324
931
6335
2073
-638
-2818
7201
-2544
4301
-5317
1015
-2534
-6918
-8810
8752
-6334
-7590
-9027
-5884
-3781
-6485
-2370
4515
9958
4013
9731
7634
6291
4121
-1932
-9916
-6442
-9298
8292
-5635
-8103
-3962
-5015
5652
-9657
-5715
1120
-2018
5860
2704
935
-2570
6102
5258
-2650
6493
6028
-2368
8488
4238
9996
3083
-6464
6867
2378
-933
2633
-6540
7151
-8691
4660
7795
-3849
608
-9065
3790
-3876
-377
-1246
-6483
-7826
4576
-9119
1846
761
5724
-3286
3776
3648
3579
-4578
548
8496
6956
-2294
949
8984
1269
8178
-7756
-9166
3161
-6810
-6394
9609
432
9889
-9603
-5232
5817
6708
-1664
-5939
-6408
-5675
-5695
8060
7070
6871
-7179
9794
-1873
6686
8396
-41
1828
-2843
-1590
2178
-731
6121
3124
3322
5444
-3142
-3821
1022
4195
-7220
8096
7448
838
6159
120
3184
4869
8767
-7525
1684
-8595
3862
-2532
-4923
4926
7986
-9086
-1948
-9741
-6472
-5296
5180
8998
-1212
6492
-8551
-6102
-9311
-9042
7336
7613
-9585
-811
1830
-207
-8269
-2507
6064
-6409
-8190
287
-5153
8789
-8185
-5346
5145
5021
1016
-7283
3504
5081
-4530
-9193
-750
4163
4387
998
1822
4927
-2111
7477
-1051
-1302
-2010
-4652
624
5451
7450
-9501
-3307
-3763
-7310
5110
-7240
4934
5873
-5978
9477
7633
-3687
-6382
-7251
-7599
2016
-9475
8075
-4199
-2044
6086
8402
-6340
5234
-3698
-642
9076
8224
-6177
2490
8271
8052
-9422
6396
7350
-3506
-5558
-8939
5520
3770
7244
-1161
-9263
-4800
4619
-3916
-9667
5035
-1819
-1573
-2586
4968
2867
-5765
9828
7724
7503
9401
3504
-7143
-1817
-7387
6903
2324
-4481
-1146
-8425
-701
7866
8806
-3661
-7287
-2642
-5327
-2169
9380
9423
-438
5182
165
-6147
9991
1058
-2253
805
6541
7563
3064
3098
-907
5247
-5664
-2905
502
1808
1125
-8083
264
-856
-1278
-5769
-8888
-6511
7125
4346
8735
814
4966
-4783
6832
-8115
9968
-4798
4292
9357
-1740
-254
67
6586
1246
-1232
-3660
7644
7808
1463
2713
-4847
-7248
3002
-7311
-2625
1915
4538
-9628
2868
-7221
7576
-8437
-7070
6131
-2887
9681
9397
2817
9822
278
-1770
-8899
1083
-482
8532
-1769
-6867
-5207
-4342
5067
1061
1019
3394
2631
-214
3775
4577
4905
-7688
-7471
-1036
2545
1197
-5361
6611
-8472
-4258
2473
1756
-9508
-92
-5757
-7841
-1999
10000
-8743
8512
-6528
-6967
2666
-1984
-4491
347
2486
9795
1677
31
6702
9670
-5328
-7775
-4134
5517
-113
8966
5262
-479
-4185
6475
-6469
3091
-1138
3223
-3700
-728
-1227
2104
9160
-1912
-4229
-6647
-523
3652
-790
9045
8917
-5334
-5354
4436
-1647
8135
805
9196
-2118
6826
9668
7624
2281
1275
5909
-2724
-9843
-7816
-7077
1872
7525
-7644
4144
6869
-8987
2575
9019
-7971
-6839
-7236
910
-8340
7917
125
-6672
8915
-2895
4301
-4176
7632
-9024
2569
7890
2907
4435
-2609
-3694
-4712
9824
6186
2446
-8627
7937
-7152
-8286
-3196
9935
5703
-4599
7262
1375
6410
1882
-3651
9757
3206
4801
-5057
-6600
-9623
9645
8343
6201
-870
-1675
-1335
-4507
-8666
-7096
-6660
3378
-5352
9006
-4147
7104
-8081
-1887
-9932
-131
-3961
5335
3904
-1565
6200
2456
2956
-6270
-5986
-4680
-2457
-4844
-1439
-642
9413
-8855
-8541
-2411
8054
6760
3570
960
-1533
-4787
8173
6296
-3511
-3217
-2739
-3830
-5899
-1164
5873
-3797
-6689
5996
-9347
6410
-2518
-2931
7062
2895
-810
4064
1352
5805
4385
-1812
-1872
-6254
1305
-2370
1720
9631
-7109
2509
1795
-9369
-1932
8831
-8118
-3630
-1711
3248
7424
3721
9720
-7067
-4194
-8108
-7571
4506
-9089
-7454
-9505
-3627
-5268
-6181
1379
683
4865
-3344
85
-2953
-1889
-400
-4638
-8248
-6087
-3343
1328
9427
5320
4843
-2814
-8187
187
9447
-5731
-9235
2091
5864
4123
2548
7869
-5310
3379
-7272
2970
-7962
-3010
8700
5363
-1344
-3042
-6845
-7219
-5446
-7272
-7695
-5574
-6832
9439
-560
8831
1211
-5233
-2689
-1341
-3851
-5725
-9415
4801
-961
155
1758
-9341
-939
2113
-523
-5122
2578
-3220
-3640
388
-6398
9834
9482
-9142
6576
6467
471
-9066
3455
-5201
-4444
-9901
9100
8819
-8242
-5361
-7832
-1043
-6375
-5360
2848
-8383
2480
-9578
4729
1552
-1142
-1950
96
-8362
-1859
3812
-2496
5950
7892
6025
-1517
-2725
-5371
-5849
-318
-4746
-9026
-2780
2730
7943
9055
2474
-6222
3430
-4075
-4038
-6132
-926
-7436
-6612
-2845
8380
5174
2319
-4473
2542
-3958
7311
-4312
8980
-8864
-5411
8577
5505
-6915
-32
4319
-3866
-9158
3938
5978
1948
-394
-5758
-6618
-8072
-559
-1142
-2606
-8093
2506
8780
-2509
868
6168
-373
-764
-4516
-5916
3749
-8136
6367
-7293
4134
-8945
-7188
1927
-1139
-5058
9291
7642
-6314
-9217
7347
-7553
-4341
4096
3214
6864
-4447
2423
-3300
-6697
6673
7847
7002
-762
-3644
3889
1631
-6535
-5981
-2665
2106
-1759
6693
5027
-3178
5892
8062
6090
-6105
-1386
5863
-9953
-1416
3597
5837
2817
3485
-3185
2414
-520
9835
-5983
-8075
7545
8699
8277
-7491
9288
-2251
5468
1807
5465
1384
-1976
-1828
9648
-9448
6355
7358
-283
-3136
-15
2866
7645
7132
-6863
-3012
-1923
-7769
1977
3677
-5306
2629
3352
-9945
-5479
3805
2760
2725
3224
-7043
7175
8493
-235
9413
9247
-1609
-9714
7969
-383
9154
8511
1991
3646
6254
-6204
-3455
6123
3232
-2852
-4859
2234
8587
-5875
7950
-9981
-7225
-7220
7753
-546
1221
8108
-9931
366
7132
-452
-3092
2588
-4163
4696
5734
-7771
-5757
6233
-1111
2421
1162
5482
-6078
2120
-4310
7454
276
7830
-2610
-7009
-8391
4943
-4769
-9209
-5027
-2752
-9332
-3871
-8589
-8252
8420
1254
-8247
-5039
-8426
-1987
-1842
8236
-552
-8611
8331
-6749
-9024
-6802
6368
8030
-8029
182
-8362
2879
-1616
-2874
-6346
-353
-5963
4170
5476
5100
5627
-8286
6752
4577
-7459
1417
-1755
2856
1666
641
-606
-6114
-5563
5480
5850
6914
5497
4287
-3712
-8340
7060
5869
7373
-4767
-190
-5485
-6042
-2392
-7579
8317
7237
-9829
-77
-4139
7397
414
-5480
453
-3126
-4116
-9978
-849
2751
-8947
1075
8853
3212
-5106
909
-451
6713
-7529
6540
1423
5455
7264
-8363
-5186
-8078
1213
-8489
-7333
358
-851
9356
-2127
7698
7848
3778
-9729
-8100
-1638
6249
9237
9156
-9467
3177
-5557
6678
2788
-5007
-186
-6583
-145
-2858
6162
170
-3654
-1393
-2420
6112
2335
7262
-7184
-365
7961
5002
8283
-570
2532
2718
-9853
3923
-5046
5062
992
-5725
-6267
-5769
-3465
5000
1354
-5308
1908
-6738
1660
-5140
-2841
-8257
-3223
5250
-4901
2888
-694
4685
2201
3929
1394
-283
-6329
-6232
-201
597
-6749
9266
-1573
8542
3140
5969
9804
-8799
-5427
6516
-1153
7293
6908
-6786
4668
4197
7691
1514
45
-10
-7819
8981
8176
-3882
-9406
-2794
6826
2587
6903
896
7602
6697
1267
4109
730
8603
5968
2882
8890
-2349
1027
-816
-48
8520
9712
26
-8068
1563
-8925
1249
-7451
5345
8710
-7549
-2229
-4789
410
5157
1498
-4986
5443
-1164
-4245
-4459
8256
-3979
721
-9173
8802
3008
-6570
9804
-45
-4193
-4618
-7225
-1686
-2079
-1048
-754
7767
-499
3846
9452
3553
-4862
-5483
-7431
4370
303
3494
7748
-5084
-410
4928
3394
-7485
1997
9714
8793
2218
-5786
-6728
-1641
6626
5777
-9859
5522
-5508
4622
-7322
9006
4751
9986
1336
4346
-6035
5924
-8332
-8923
6021
-5425
8658
-7176
-9838
-14
-4502
-9678
4952
6628
6088
-5494
-7091
-9467
-4329
2196
2362
876
6382
7280
4696
-5170
-2579
-348
7003
1089
-2419
7729
-5692
6435
-7362
2726
3263
9611
5445
-5943
-4256
-8435
125
-2099
1732
864
8901
-4685
-3694
-9286
9326
-6814
9428
2330
-8175
5150
8932
3786
-3199
8259
2053
9397
-7819
-3069
-3030
3341
-4420
-8470
-208
-4497
-1751
5240
6190
2777
-7472
9639
745
-7005
-1906
-273
2175
9102
4176
-2337
-9377
-6818
-507
-8502
7961
1142
-527
-1664
-5513
-8066
-9967
5443
4163
5460
4624
3653
867
-2119
6461
987
9759
4920
8887
-4034
9074
9453
-5197
4694
1539
9118
-8770
9945
7009
4308
9257
1903
-9837
-632
4429
7450
-9740
7607
7526
200
-4964
9782
-6975
-8271
-173
-7161
-5633
-3149
-7772
-1507
4039
7835
-8342
-4948
-793
2616
2098
7156
2772
-8863
-6921
2561
7070
9959
7250
8243
3675
9317
7083
236
9618
-7779
-6839
-2170
6542
2907
-8604
7865
7294
-7142
3832
-4148
9167
-1717
-836
-2165
6834
4169
-1515
3967
-2113
3337
-1426
6311
-8791
6697
150
-2612
5320
2453
9029
457
-6297
73
7541
-5994
-8911
2256
4963
-9769
6467
53
4079
-3586
-6370
4051
2535
-3750
-6718
4241
6002
-5097
1940
2328
7984
-5304
7585
2386
3592
9159
-1128
8313
-3138
2235
-3848
-337
5188
-6023
-4798
4621
7635
-3749
-8670
7023
1130
-4682
1797
-4565
-354
4891
1098
7930
5114
-5730
-2366
-4612
-7695
-184
-417
-8792
1133
-9952
4503
-5922
4898
-8233
-2401
4224
-9956
-402
-7356
-2649
-6462
2715
5179
-1206
554
-2261
-7361
6858
-1196
5227
8774
-921
6482
-283
-5075
6523
-1806
-591
-1254
-4160
-4406
-3576
-7295
-5840
-1866
3403
2727
4374
3407
-9676
-5290
7704
143
9708
4029
-7154
-4753
3515
-510
-4130
-2945
4119
-3399
-1216
2825
7655
-6523
-970
-8695
-5371
9083
-1798
4891
7815
8217
-6529
8644
-2287
9508
-4748
-3719
3986
3394
4269
9457
-9294
-3287
-357
-5249
-4227
2495
7879
-7425
1311
-8457
9129
-8435
5272
-5789
1573
-9459
3547
4257
-5236
-5839
3345
8010
5189
439
-1211
-7955
-7836
-7515
8292
759
2841
-3278
9508
-6250
3658
-2623
-4649
-507
-4317
3570
9543
-8125
-8684
-4457
340
759
3779
6682
-5391
-8081
2707
391
607
9602
1603
8208
-4354
-1172
-8893
7717
-2062
1527
6140
8791
9074
-4339
1383
-6659
935
1407
-7504
-10
-6036
9950
-6271
-3397
-2179
-6000
-6199
-12
6835
7656
9901
-4032
3733
-5346
4775
3536
-3828
-3609
6909
-134
2061
-8137
-3714
6427
-6382
8662
-9863
6899
9067
6781
4724
7471
-5295
-3534
5046
-566
4958
2687
303
2515
2037
2088
7495
-1146
-9039
1030
-2753
-6564
1184
7128
-4386
443
-4144
5448
-4909
6920
-4400
-4126
9218
7822
3065
9326
-6148
7947
8602
-730
7155
-9206
-8864
3817
-5909
-4702
5933
3015
-8020
-6496
1239
-5776
8716
-7984
-3109
2670
1324
-8967
-2028
2018
-8965
-5677
428
6825
663
2311
-3884
4957
-2985
-1284
3215
-9296
-3409
5316
-4235
4307
-3922
-7823
-4851
-7927
-5530
-6369
-610
-5811
-789
-4782
3971
-6327
-9545
-3296
2327
-4729
7502
821
6918
3480
-2086
-3166
-9500
2484
7000
-6854
4041
-4459
-1984
-6512
-4077
-6715
9950
5668
7825
-7771
3277
1060
-9574
-4554
1199
-1258
6667
-4053
-3230
-6094
-9898
-6959
-4048
-4290
-499
-8844
-8660
-8551
1628
-6471
-2828
-7893
2183
3970
-3856
-552
-9969
-9919
-9245
-149
4053
8399
8928
6623
-5838
-36
-3086
1445
853
1255
5151
1044
3308
6681
445
8249
-2003
8948
6447
-3526
-2672
-5067
7679
7602
-412
8714
-1158
-6654
-1893
-4062
9214
788
-7595
-5425
766
2795
5928
-2445
-9647
5687
-8557
9097
8975
9210
793
1580
-8848
8159
-235
-5861
-6555
-6550
-1094
-796
-5539
7277
-5431
5868
-6089
1334
-2382
783
406
-7869
-1412
3107
-7433
7399
9459
-8627
-8625
6036
-7618
-4805
2905
-2362
6329
-8761
9159
-6583
976
-2800
-9545
-9757
-8476
-8845
91
2716
3229
-2900
-7927
5407
-9164
3672
-7833
-403
4579
7317
2632
6893
-2054
6315
1055
-5234
-9118
-3406
5725
-9510
6487
6669
6676
-382
7215
-9833
-7251
9725
-339
3207
-6077
1812
1019
-9324
-9326
7393
9299
9689
9125
-696
-1854
5012
4771
7399
3746
-9003
-8733
3248
9240
2943
7700
9356
7331
-2248
-8979
8942
-3492
296
-7886
4809
-4734
-2145
9002
-9537
940
-2720
1483
2452
7178
-3820
3102
307
1414
6008
-314
4533
-1299
6975
-4447
3108
2675
604
-8476
5645
-3365
2704
-1408
-7493
-1186
3537
5817
-5434
-9337
-7047
-2901
-8155
2421
7839
-7433
8751
3614
119
8151
-7562
-9380
3070
-3939
-4487
-7397
7459
-3901
1914
2898
-3267
8174
5650
8027
2755
-5495
7705
-8196
571
5222
2679
8812
9394
9061
9399
-8817
-2525
451
8027
-4213
3558
-7883
8504
-5444
-7225
-5711
689
2936
772
-6694
-2105
8342
-2721
2971
-5608
4941
-813
-8616
5890
-4099
-5667
-5373
7953
8723
-9817
-1724
6022
6375
4885
1777
6374
4700
-8752
8997
6565
2415
-1672
-9691
8787
9490
-9323
3693
-8646
6652
79
9175
-8327
-2677
-6230
-8709
-6514
-4568
-4908
7736
1449
4189
-1326
4394
-6680
1391
-6665
5565
-7116
-5273
1854
-9008
-7287
-3555
-7372
-4374
4980
-2516
8869
-969
-6526
-9640
5068
4584
-8157
-1533
2869
2658
-1429
-7301
1713
-6076
2271
8593
-2233
-6189
3108
7587
-158
6786
-2714
-7451
-9000
2640
9038
6808
-3065
5886
9416
-4981
7681
4894
3880
80
9949
-2939
7246
3505
7747
9165
-4946
3626
7768
-5022
4806
4533
-3981
1768
-4493
-4708
3683
9209
1640
-3720
4571
2649
8750
8745
5325
-9970
-9829
-9343
-4644
948
-1962
7696
2011
1925
-9580
-582
-1064
889
-6061
9248
6397
-6128
-8256
-2775
6012
8517
-7108
-9256
2772
-464
965
-6682
8041
1576
6706
-9873
6147
-221
-8547
-9687
8500
-8653
7723
-2268
2363
-5692
1277
-7157
-5327
6423
-3988
3540
-4538
8113
-6873
5403
9226
-5547
-5679
7323
-5756
-7219
2930
1835
-9520
8249
8978
3870
-7852
-2799
-1385
-5651
-4052
8731
-2015
-1018
1076
-5608
-7033
1484
1168
-391
3814
5330
-1009
4050
1565
-6613
826
-6630
-2077
-8838
5729
5624
3876
8023
8714
-9521
-5546
4849
4245
-5529
-2482
3308
2955
2541
9350
5195
-1108
6658
5679
3817
-2396
8440
9303
-8080
-1932
-8692
-764
1058
-4249
-3216
-8214
-696
3200
-329
-9079
5846
7015
1094
7182
-8791
3829
6092
7445
-8453
-6877
-8470
-4708
-6689
7219
-4330
1300
-7403
2169
7103
5064
-5287
7462
-7840
-9049
-2243
4205
-2751
-7654
8348
-5641
6207
8939
9113
9605
4637
938
-46
-9588
2488
-6700
7331
-5070
2721
-5250
-422
-5794
3774
5372
-2982
-7199
4431
2821
-8129
971
1029
-661
6322
1011
1149
-5822
5394
4636
8073
-7915
-1417
2915
-3985
-7571
-5362
-8901
7391
8496
5887
-849
3127
9178
1216
9301
139
8450
-4132
7946
-3411
721
-7131
-7477
2450
2174
1362
4580
5938
5131
415
3109
7919
8725
3061
-4630
2728
9826
5447
1305
-8816
-282
9761
4636
-4394
-2309
8314
-8638
-7303
3680
7410
-1771
6295
-2054
-2654
-1878
-8507
7280
-833
-9339
-9386
-9854
8760
-874
8879
4107
-6867
-17
-7896
4375
-9863
-1704
5212
-7708
8244
189
-1171
5821
8228
5801
2557
860
5165
8094
9596
-5218
-6273
8133
8037
6240
-5191
3878
-2879
-5888
1547
-4721
4421
2444
-2920
-7840
-9044
-6811
-9979
6938
-3841
-9990
7176
-5051
6402
-6866
-5034
-2321
-3804
524
8242
1799
-6313
1687
-6753
-9890
7951
5995
871
-7658
-6867
4269
-6355
8220
9392
2120
-3847
-5719
-5752
2386
-3255
-5477
6622
8244
-9588
166
-6005
7769
1118
-5714
6130
-4283
-998
737
3433
8994
-4295
6116
1740
-7137
-1032
9153
1859
8039
9595
686
-4037
9717
1613
-2374
-4624
-156
2216
-1429
-3601
-9649
-7333
-5124
-3187
7037
2211
-6057
-4427
4534
8372
-5693
-408
8785
-4172
-6500
630
83
3768
5533
3494
9467
-4030
9555
-4127
-8017
3628
-1890
-4347
6260
676
6498
-2663
-6879
5851
3055
2073
-9341
4136
8256
18
3045
-3233
-1012
8546
6796
-7036
8791
-620
5513
-3030
2089
6976
-8129
-208
6105
-7643
6286
-1291
-4618
-362
3978
5465
5729
5240
-8572
-1047
4080
3912
-5720
-5024
-8860
9453
-569
6418
367
7087
9826
-1520
