610
-435
245
-234
965
660
-426
-12
-728
340
203
866
-333
-548
729
13
-10
218
237
731
-204
-476
301
-376
419
-94
941
682
-195
-756
305
-100
-705
765
-146
-850
821
282
130
697
984
925
168
443
-969
551
-355
748
-901
-317
762
867
-604
-981
-676
-280
429
-791
-1
790
-893
570
886
321
982
-176
-675
4
334
150
-125
874
-372
-473
448
988
558
-808
840
-570
-335
82
-445
525
-902
-276
-421
678
87
-96
754
710
643
403
53
-931
-128
-545
632
-902