924
373
289
377
487
464
804
645
993
988
216
324
279
110
990
894
659
935
632
947
172
320
619
331
726
857
979
937
774
920
915
926
108
517
869
278
183
968
644
587
273
216
441
271
710
694
671
565
302
507
897
985
331
413
570
703
754
956
651
630
485
866
871
172
173
290
316
762
241
811
811
691
390
145
774
956
878
448
622
131
285
513
735
366
123
929
694
694
947
265
524
226
416
114
201
409
345
368
197
520
478
909
423
490
696
306
694
286
639
614
824
405
434
619
443
971
230
604
149
244
595
621
814
975
387
684
375
376
943
466
710
609
350
201
653
375
189
345
670
817
334
508
155
432
441
218
791
796
669
230
276
740
319
953
925
856
195
448
203
113
930
417
342
272
903
314
155
331
966
168
881
885
933
332
909
186
566
482
634
268
892
578
707
813
289
969
390
396
275
797
280
741
242
658
886
917
265
882
528
227
163
558
830
601
348
391
807
986
144
839
389
712
814
934
219
452
710
529
982
934
923
758
157
268
887
239
743
374
446
991
920
683
953
506
205
433
747
206
564
898
262
404
352
436
507
567
926
307
539
533
306
736
899
594
303
404
501
661
713
209
648
532
639
152
918
705
759
409
829
785
704
604
964
184
771
619
506
720
761
420
312
535
835
913
785
284
784
458
303
800
932
186
492
455
350
729
764
299
518
801
808
619
478
754
828
702
771
815
823
684
898
780
900
393
896
213
697
726
367
734
921
400
204
128
852
618
211
609
834
140
854
306
302
959
611
693
156
180
184
182
512
969
635
618
902
252
286
199
559
236
133
138
932
784
880
507
515
450
902
310
590
261
980
782
830
691
577
940
781
302
156
616
642
284
321
952
765
585
225
700
432
112
150
697
107
815
374
518
178
203
278
705
278
873
592
351
988
852
788
311
674
345
417
356
180
516
495
747
562
928
742
930
324
301
878
578
211
383
774
114
416
158
861
677
124
450
438
769
692
970
963
912
796
914
125
186
694
793
617
591
420
626
955
250
461
348
483
976
994
113
239
705
178
774
894
615
483
740
332
729
177
726
155
592
964
830
233
410
275
791
884
418
765
283
694
790
203
711
316
776
969
462
774
678
830
358
834
122
119
510
703
953
560
887
513
693
570
463
286
631
214
170
800
302
229
821
939
894
180
204
512
772
524
556
759
715
952
477
761
705
996
210
391
765
187
930
857
878
770
100
319
740
524
685
661
899
662
571
549
109
419
939
942
915
998
931
529
104
228
798
741
193
701
580
635
103
779
134
214
298
963
161
223
179
884
772
347
839
895
860
152
480
928
752
386
156
268
475
767
256
500
853
749
972
359
226
138
944
150
659
220
627
456
350
145
358
815
862
131
325
684
690
209
368
745
360
264
948
293
578
835
403
366
958
797
210
411
251
820
757
733
403
789
337
740
524
124
677
706
128
340
405
443
541
572
810
743
483
326
998
961
190
750
571
822
816
360
497
553
935
946
664
142
373
592
380
901
871
628
320
336
587
342
265
337
529
959
825
486
987
466
929
924
821
795
643
653
317
515
923
263
626
224
770
182
676
363
170
947
291
908
872
853
106
762
474
847
585
331
393
856
535
113
566
568
117
739
320
577
947
727
684
456
704
157
709
463
571
183
661
265
888
875
295
178
594
175
918
159
421
795
167
984
223
166
727
615
659
302
164
937
143
593
100
563
324
516
249
947
152
110
376
501
672
227
967
660
815
487
974
941
820
260
255
253
660
700
331
637
429
194
805
369
118
724
223
395
875
732
854
177
926
969
107
411
519
665
412
995
198
167
799
270
327
223
216
882
437
846
903
624
282
611
619
957
304
106
483
947
105
672
784
183
633
897
114
850
253
844
734
994
387
338
538
361
395
635
142
894
607
339
958
129
829
329
894
414
449
149
206
512
282
464
989
526
383
715
637
429
208
365
729
592
211
908
336
944
173
358
662
669
964
589
439
765
713
755
354
403
102
700
500
203
738
321
811
923
348
113
978
679
998
712
785
341
609
465
917
920
993
950
341
191
487
536
547
693
124
323
813
627
461
331
427
508
865
626
854
890
196
412
695
161
380
982
671
352
801
197
256
348
838
433
409
151
458
409
715
301
773
218
898
124
298
450
317
764
384
377
476
982
610
127
823
680
355
280
810
505
865
295
889
926
167
564
789
127
924
375
150
555
911
653
216
978
513
670
862
930
764
906
967
525
720
273
737
811
610
728
796
278
599
310
435
578
329
972
957
733
661
290
840
109
327
921
171
957
910
845
266
