5130
6612
7731
1214
3035
5392
9104
2877
2634
6642
5034
9617
1575
6155
5913
4728
2656
1120
2054
2099
33
1186
9
2008
980
534
5536
7692
2651
8065
4504
5531
994
310
2856
2888
879
2446
3903
9645
6011
3593
5196
8550
485
9386
7137
1726
6312
3183
9338
5161
200
6478
6734
229
8916
4434
5285
1199
9517
1337
1271
8471
7915
5844
9148
4122
4205
8259
5358
6580
2283
8326
6842
1153
3595
8806
4867
5945
9248
9934
1954
9276
8591
8255
2231
9622
8056
5014
4979
2407
991
3113
4008
7961
4959
714
8585
7569
9569
6063
6634
2323
2669
9385
2794
8236
8102
2295
9716
9002
2360
1322
606
4892
2460
1728
9638
659
2555
4856
5695
3018
3148
8144
6820
399
7472
1185
5945
5146
4385
8791
2277
4666
335
3333
5901
427
136
3921
5876
3672
9135
8208
7334
3740
1131
351
8056
2631
5982
7236
2248
9602
531
1241
8761
9885
8705
6927
3383
202
5314
2766
791
1863
8816
5046
7875
3956
4054
2632
2101
3356
9417
9364
3730
3006
1627
9960
2341
9527
4757
6111
1980
2700
8895
2043
4287
4886
5874
3388
4983
432
7223
1370
7164
8494
1732
6947
7187
3122
8345
6957
3291
1329
4437
7288
1744
2034
7997
9987
4770
5549
180
8199
1099
9142
5344
4477
4901
8665
5708
2166
6644
8539
490
3589
5535
5495
7294
3180
1596
8145
4162
6626
6031
9675
9093
2505
8576
15
1747
9022
752
6736
4019
4046
4644
8136
814
4654
3130
1887
1202
1600
7670
4766
8124
1718
9308
5976
2847
5734
3843
6493
88
7501
6639
9254
867
6952
8269
54
976
7654
1223
170
2525
8803
7459
8820
8896
2685
6205
2885
1956
9348
2093
8923
3868
6835
3154
4845
9190
7978
4357
6194
8529
7845
3451
5344
214
6007
44
6730
5051
7856
1132
849
528
9751
4511
8631
7062
9620
9414
5431
8385
3811
3196
4601
848
6338
7548
3883
6187
8441
1054
1186
242
4785
6893
4135
8879
8667
4541
4404
5986
1026
7119
4796
5793
8275
8911
6397
969
1967
339
8081
1646
9920
3341
3978
4338
5480
1224
2483
1675
9724
8752
2304
2900
7998
1475
870
727
3676
6443
4299
7880
3488
9410
442
2953
5645
9258
9295
9166
3468
321
9342
304
3249
4181
6478
9385
4114
9425
1033
8848
1953
9093
6107
5891
7156
2624
7594
1296
6385
9744
2588
7248
2010
6865
6701
8653
9911
7368
2685
5724
3216
6829
3706
6237
166
1010
9264
1079
5776
512
2582
8427
8205
8958
2706
3346
7512
2930
9028
5031
9644
3857
9338
8121
9406
5591
2001
3436
3357
9314
8623
3226
2702
3688
123
145
2909
6899
8702
2513
3642
5900
3294
8395
5795
6252
1249
9696
8027
7469
6024
8916
1668
6385
168
9171
5154
817
2062
332
8617
9404
4599
8329
220
9539
1231
649
3418
2372
6964
1929
3534
7426
7926
1696
9280
9245
597
4312
2995
8462
6806
9744
8560
7391
9415
3024
3295
7212
1765
6782
8488
4862
6948
487
5829
1726
7725
6593
2910
4015
1226
7997
4361
9686
5564
3820
7405
205
4224
9543
3368
6231
2488
6761
6814
9404
9499
3928
4579
1594
1704
4021
839
5351
5410
2894
4547
6283
8403
4423
296
241
3079
4753
1098
6224
9834
9210
8082
6107
3305
1098
5555
2678
98
8142
678
517
7522
2046
5818
1886
3419
127
3128
6208
4422
76
3792
983
4941
4740
1800
93
1236
3599
4683
7130
9524
6071
2668
9658
4047
2781
8120
2597
3636
5856
6637
8736
8449
970
3451
5151
9154
5173
3856
6552
1796
7613
3556
8606
1855
538
294
8517
6109
3617
7104
6286
781
946
5087
168
5464
9619
596
9789
7532
1310
228
4163
5455
8757
3972
104
8313
9593
802
3503
2263
6856
3336
3648
6647
7577
8260
3693
7228
1596
779
8175
1840
2226
7429
716
1812
9201
1168
3670
8279
7617
8459
6397
554
1283
8106
3564
2921
9127
9768
2378
7945
1420
4243
8359
5665
970
2703
2753
8705
8893
3667
8122
8529
2760
5500
9085
7232
6080
6558
8077
654
4103
3840
6832
49
3151
7274
8858
8247
1859
7459
3782
9011
6118
3754
9425
8284
7944
1392
7376
1070
6342
1749
5004
1257
261
264
9904
1112
2399
9902
6292
767
6178
3920
4947
6970
870
5159
3995
3770
1364
5010
5034
2512
5787
4059
3478
5791
9702
1569
5430
5544
6762
7144
2391
3725
478
9339
7046
6472
5706
9833
4520
1127
4587
393
9997
9574
1523
5012
4449
654
4937
1783
8408
829
3286
5777
786
3991
1878
2290
597
1305
8430
7768
5166
6914
4967
3688
7817
3678
3813
9071
3858
9119
8428
7900
627
9937
2858
3289
6485
4682
1034
4066
1291
9510
472
3310
3536
4724
8188
3779
2057
3919
7751
8922
8979
2752
6988
9911
4440
4673
8085
6712
5122
732
429
2887
2937
2586
8439
9080
3632
5106
9914
9244
5024
5116
9853
8370
1372
658
1247
7103
7857
7891
9401
6345
4872
9630
9926
8360
3641
3278
9766
29
6329
2840
2459
7862
3951
1163
7743
5387
5217
589
7983
6187
855
4082
7132
2965
4589
8198
5469
3022
8773
814
6628
1316
9743
3569
1393
3713
2172
143
8724
5574
7376
1519
4133
6066
3374
7925
8327
2524
2069
3284
7058
463
3112
6550
466
6722
3696
9905
4836
4451
6659
1977
5017
4401
2999
7316
8195
7137
3591
8453
7491
6476
8907
8027
3580
9801
3120
125
7296
7374
4173
7442
6457
7215
1445
8149
6668
154
1378
7042
5427
3164
4743
3308
964
9770
3982
7180
4720
8114
2241
3887
9217
7729
4638
2991
757
9500
1889
8147
7304
2289
7513
9916
123
1156
6603
6818
8043
7986
7621
7097
3995
3854
4925
7472
3070
718
3423
6764
6162
8350
6804
6155
1388
8153
3991
2651
3517
953
3373
1496
4591
6511
1311
824
603
8316
8881
83
1793
6893
7690
7288
3533
6389
8575
3992
1969
6233
1646
5052
8785
4879
4188
461
3247
1333
4757
7087
2284
6397
6594
2643
5009
2063
2431
8131
8644
8347
9499
3599
7738
4140
2258
3053
6622
2869
2927
7716
3646
8291
9517
4477
5615
7823
6468
7685
6247
3046
2979
7186
863
3114
7709
6234
9523
1601
6076
5033
1854
4270
3593
7864
3155
9626
8643
3049
4231
9590
2031
7698
4324
1840
8599
7521
1439
4730
6305
6378
6334
8519
1447
2931
9042
3314
5124
3048
4840
7483
3557
9594
6550
6894
5609
5308
7181
6204
1308
891
3776
7945
4417
3585
8683
5626
8177
9426
9352
6609
2993
1089
5734
3116
7741
6473
4069
7095
9192
3642
6497
3974
490
4473
109
9584
9655
5926
1605
9417
9599
5625
4429
582
9685
3117
5301
9178
953
2643
7898
97
2707
8469
1026
3627
3659
7299
9181
5167
985
6973
2053
5154
1316
5825
4537
8028
3210
1181
685
2150
8099
931
7994
9076
8316
3437
3983
7716
3831
1028
7497
8790
4676
3381
8963
4808
9098
1322
9392
390
480
8929
9822
5413
2995
3271
1527
2483
2276
3980
8731
3668
8757
6633
1721
4007
1349
6128
4149
758
1548
6202
7376
956
2749
6619
7340
4635
107
9219
7708
3791
9228
3283
7064
2098
9410
9617
3814
8048
4692
3346
4285
7583
5788
9397
7077
5869
4725
4418
4127
1861
1594
8483
9336
7713
4475
7773
8676
8813
1975
2537
5544
321
7638
2944
5511
5124
7340
7479
4716
4154
2935
8542
951
4531
8927
1290
6738
3479
3435
6007
2716
9011
3785
5811
5615
8949
5053
7627
9406
7081
9734
6512
5427
6110
5365
6844
4513
1466
8273
4791
909
8997
3631
4676
1029
7111
88
5056
1810
3543
201
9781
1625
5504
6944
3908
9454
7997
1130
3915
9031
4288
5061
157
5329
8567
6219
1724
7897
3307
3515
166
4735
5721
9495
8740
7457
9389
9462
1751
4217
7910
4207
2856
2421
1763
4868
4496
1063
93
1380
6884
1603
9979
9256
7177
6495
19
5097
285
7319
8872
68
5662
9683
171
9579
9942
3124
2383
4860
3019
985
901
3582
9892
6616
7264
3121
6656
8657
5201
9317
8307
3547
8079
9485
4341
5263
1169
2327
4710
7750
4155
2880
4033
7207
5327
9607
9967
6150
2134
413
9168
4687
1084
6902
8445
5600
3628
8438
1699
8248
8204
2216
3630
2400
3037
2769
1076
952
1784
6915
2183
5192
9024
8403
5007
9478
6106
845
6083
7501
2106
3140
3502
6867
1317
4778
7977
1153
4956
5798
7493
452
9774
4286
2485
630
1726
8500
2006
9089
102
5103
4677
3091
2981
1006
6584
5067
4088
8086
7403
7897
1789
6638
4439
1741
2534
9917
6567
7670
8324
7503
1018
1219
2
1113
9171
6348
6536
4
1072
515
4852
7953
4217
107
8761
4362
9363
2969
8921
543
8114
7438
4925
9274
6991
4321
7449
9453
3703
8753
3665
378
9862
5217
2651
1665
1544
1117
3557
6371
7248
9274
8582
4727
1153
7539
625
7390
3049
5994
6932
704
9317
1337
1198
7069
6161
273
7040
6269
3028
8175
1707
5003
9990
2609
9802
7995
8597
6086
4100
1587
5576
2051
1288
4560
4362
6892
4188
6482
4503
2793
3538
4241
9524
1754
1239
2865
6512
5758
9707
9076
9663
3030
5443
9680
8001
2992
7353
9225
6557
3964
4015
8409
8002
6628
889
8576
4414
6046
9387
2107
3271
8483
5130
8853
6669
7553
5739
2701
578
1877
9275
5489
9454
411
2413
6980
3058
4127
5720
4520
5157
5689
4296
7588
9878
7849
6502
8198
4176
4014
4299
486
6667
9512
3030
5101
4088
271
9861
3773
8380
1471
7497
9586
4028
3353
4438
8873
6688
8247
372
6723
5110
7978
5715
9479
2328
9827
1158
3942
2386
6402
8213
4990
8418
8260
4625
4079
6390
8897
1733
9196
1947
6272
2527
2434
3600
3650
7088
1951
4562
5147
7524
8272
6022
4348
4099
4105
1369
2222
2512
8858
8508
1692
1213
2359
9939
1647
5944
8705
92
2648
6504
3885
1294
8131
985
6589
9967
9718
2660
7673
676
1041
2131
2546
6418
3894
2632
5756
2880
6383
6353
2104
3920
7933
5079
114
2544
7348
7183
2388
7941
7539
1147
5125
8751
1670
3410
8130
7527
2533
1735
4980
6526
455
3541
1186
5340
3938
8323
1062
4365
2619
4408
561
8413
6598
7101
6570
5460
2212
2919
6799
2012
5366
4316
6189
184
4048
687
641
6106
6750
2014
7600
13
7614
9500
4154
7001
3083
5570
2667
9238
2790
3761
862
1160
9542
8865
861
4221
824
7001
9262
1333
4408
3928
2185
6586
8579
16
2417
9583
2848
1105
1663
8237
813
9258
9986
1013
7880
641
1355
9163
3003
1352
7271
3742
4973
6854
6508
9320
384
5785
4272
6631
8356
5463
3591
6520
8526
8837
124
7204
7222
9328
7835
8487
8476
1778
7622
5649
623
2792
114
6012
7088
1694
7451
4635
3465
5890
9921
8216
2194
2997
4846
7583
5208
2779
6557
6013
8433
8004
2881
2534
9413
3071
8995
9593
793
7758
9489
4584
4153
852
1062
5089
2422
7621
7958
3476
6114
5988
9193
7617
6555
3306
6717
2887
1001
8056
7477
1769
4270
6927
9972
7459
3879
8104
2455
3306
1757
5836
1402
1135
4517
7422
1294
4503
5989
730
9714
5486
1748
4725
3549
6616
5745
3522
25
6705
262
1098
1690
7842
6421
2865
3422
3327
753
6121
2936
7627
4318
5661
157
6660
4127
2499
3413
8582
2650
4932
3089
1403
8191
6731
7583
2416
1399
6681
565
7403
2211
8671
2225
331
3734
3930
1182
5554
8653
1211
6144
6178
867
3701
2891
1119
8244
7831
5198
4199
5086
4787
4397
6413
876
3612
8839
3815
3766
5450
291
1715
9775
5577
456
3933
7142
4206
5464
6498
6319
3774
7222
5584
9356
2778
8550
3127
684
1813
3381
8880
5760
1827
7252
2069
830
6008
4894
5696
7282
541
7121
896
3989
940
8305
1191
5405
3560
7219
2838
8168
8809
4451
3472
7624
7254
3586
709
8295
2072
589
4507
5491
1784
6292
3172
6187
8711
3935
8312
4394
8453
4041
6081
1915
6958
8635
5028
8124
6254
3367
7147
3434
1060
8731
8282
2415
4406
8579
6783
4569
8338
5436
7320
9720
2876
7422
8218
2601
4593
4275
155
328
9697
8264
5745
2790
9837
2461
55
8168
2360
9205
2302
9666
6101
8077
1364
896
5420
3291
7373
1684
7805
5704
1388
7682
58
2739
7066
1036
25
9429
4142
334
5275
6216
9621
840
9408
5092
5867
6246
2748
4739
1537
4375
4547
544
950
4348
74
1192
4109
377
7510
8300
9859
2117
5153
7856
5825
3507
913
8274
7420
8250
3098
2801
5335
2344
2860
9576
2785
3150
5854
4397
3035
7318
4535
6220
5166
6794
9164
7911
8309
3125
8982
6031
3226
5074
6661
2852
1619
1980
6870
657
4438
9722
7524
969
5143
3321
4306
3242
6649
6796
5958
3555
602
6793
7677
6051
1029
7931
4714
8961
1940
41
1917
723
7397
8136
1618
9339
7241
5374
6118
4100
3751
6357
818
4206
297
9107
1400
1887
9453
6925
3370
9944
5622
9930
6612
1052
7527
4934
8704
5854
4482
2659
2628
290
1867
8439
2473
7563
956
3683
809
5476
5149
5122
8022
6430
7716
5301
2421
8818
7578
9536
9413
558
4312
1438
1354
6655
9367
2555
8593
277
9237
7275
5461
7157
4107
461
4450
3511
8957
7963
1886
2957
3074
2666
6037
5208
3383
1849
8707
2460
6590
5301
2932
7458
1073
3140
3626
2112
9799
9467
6428
7903
937
5036
8764
824
2391
990
6355
4713
9919
3115
2238
6519
8902
9530
7807
1197
6995
2167
9205
4436
3913
6423
5215
9997
9935
3642
8215
6436
3197
2862
5118
2723
7994
1115
5439
9199
5623
9650
2880
1259
7948
9972
6620
775
6512
1202
8521
6509
9302
9993
9075
3748
3987
394
4301
3353
3064
4759
4254
1809
4070
6487
8639
2047
2331
7724
559
2583
2140
9098
8692
2886
2974
653
1251
6059
1407
4217
9166
2938
6117
5963
1773
64
1039
8569
7507
1368
2953
7548
8470
9
2766
7003
1131
8508
3135
3629
4036
2445
9425
7067
1471
4688
6295
9568
7305
7413
674
9688
5749
713
5019
5130
6020
4110
7140
103
7108
5389
7181
765
9843
5807
1203
5094
3758
8538
1619
5071
974
5854
179
8891
5385
4874
1707
7700
2448
9856
8967
6995
2925
3600
9549
1911
4718
4305
4282
2453
8372
6465
49
9940
1727
3956
6042
229
8232
223
8132
9670
9055
7621
5584
5738
554
2185
8096
9343
6952
1978
2655
1491
1046
2653
5586
8609
8671
6450
1546
5313
1044
7847
1895
190
8060
8776
4992
7359
2737
6465
922
2977
6317
5993
5829
6176
2826
8803
357
2340
4731
5722
2741
5234
7834
3342
6492
8099
1262
3222
9183
1170
2354
9691
8744
5111
712
479
9265
9308
2594
2990
7715
5814
5980
2256
2197
8692
6047
1574
6773
1167
5722
2706
5612
435
776
7103
4801
6554
4592
5238
7245
3666
7998
1195
5930
835
8343
8945
43
6411
5642
7859
6869
9195
9134
655
7821
3022
7509
4320
6
7385
1565
5240
5636
4472
690
3683
7167
7068
5830
7804
6579
104
8888
9332
8068
5351
269
4326
7870
569
4013
7971
2943
4401
5249
5285
3467
6942
3534
5745
5596
5730
8399
3239
7927
5066
4713
5646
4385
7172
8925
5626
108
1359
8274
8297
6723
6605
9248
998
3023
6875
2688
7450
5633
3889
4791
8890
4007
2806
3579
7802
9489
1467
8830
9738
3683
3232
5139
1103
4892
5128
7812
14
3750
1595
789
6351
2738
9879
8520
3525
8318
7620
5399
131
2641
4307
7582
7792
7140
1667
7735
7609
5590
9700
5324
3066
2837
580
8068
5190
4448
8064
9793
8838
5338
5741
183
4359
5098
3476
8303
4318
1193
9510
9691
150
8170
6255
9638
2248
6886
5508
3846
9351
2128
8086
2703
9579
5738
4674
7736
3379
3255
9488
465
5078
2750
2648
1641
849
6633
818
5828
4010
5996
7302
4745
9588
3140
1530
9253
8977
6837
9698
3433
902
1021
2222
2846
1509
508
7305
6380
2367
5043
8340
6353
4459
3992
2699
3943
3467
5267
2952
1690
3749
5761
7142
3318
421
7378
828
826
6004
6129
6432
4474
4715
9734
9693
1846
3432
3557
1031
6495
389
6486
7333
2025
4086
6974
5594
7221
5550
8338
8782
3771
9482
2337
4084
8564
6717
9570
1023
8391
6341
8789
4377
2078
1134
5255
7787
5503
1172
4868
8391
6846
2807
2454
1745
3826
5790
3196
271
311
2141
7709
421
2174
908
3608
9417
9131
9013
8776
3426
7688
1670
8961
3150
707
1484
4038
9613
9058
6197
7912
9644
3388
9352
2050
8198
7680
9449
229
1374
2093
9258
2125
4027
5876
7477
4086
1667
7157
5851
9923
6593
6259
7087
9232
2767
3371
5361
5696
7689
6145
1249
2492
2383
9896
5338
9173
7661
9655
7088
7497
5182
6484
8442
4030
7744
4862
7123
5738
8317
6901
3322
8501
5184
1543
4362
2829
9810
2504
3281
309
5734
8503
9390
7467
6163
4477
7588
4863
9635
6587
8094
8663
6353
134
1884
636
7839
9734
7274
8742
3287
4133
5980
6414
9734
5057
8644
4861
188
5607
7491
2636
8072
5773
8999
1295
2037
2924
440
4114
1770
4972
1866
5710
7478
8898
8502
1382
9352
2983
1193
7950
3946
5216
2491
1483
3183
3425
4117
6691
4588
1151
3863
6175
4675
8735
8641
129
4605
382
7209
5529
1997
2554
5680
9149
8041
3346
4637
110
303
471
3112
4839
2078
9504
326
6245
167
7391
7290
698
3709
8693
4552
2184
7906
1912
5165
1455
7394
7401
1427
6251
1659
1767
8662
3050
8411
9207
8623
8966
9382
8344
3444
2819
4069
2742
3154
8819
7243
881
370
9429
7751
6139
3151
8899
2739
1498
8025
718
9872
8202
7677
3089
662
5545
3746
4916
109
7876
5138
3209
8003
3556
1789
3857
9632
2729
1401
1550
249
1667
3356
6605
9055
9285
4860
3602
7002
2947
3699
3792
2756
9490
1206
5498
6314
6767
8649
801
4972
952
7376
6280
8249
6686
7338
3908
5385
8056
2299
1095
7402
6162
5563
8250
174
8002
8389
2000
792
8362
5442
6379
4483
2235
8614
5413
3670
4282
3259
7293
8468
4185
3609
4225
4070
4303
7675
7306
8771
2344
2717
589
7089
8528
6556
6456
8007
9094
1547
7660
7756
7359
3705
6993
3877
8190
9943
9868
1847
7888
5418
3966
7926
110
3977
1694
6835
17
896
8730
8743
6225
1367
2117
1926
8283
3971
6151
8162
1583
5445
9715
5358
4596
1960
6474
4218
9187
3860
3236
8342
6850
7604
6653
9126
8039
6448
6433
2462
6507
4868
6971
1818
7534
1604
7372
1501
864
5450
4830
2435
2622
7231
3348
5778
8121
1250
4897
361
7975
5653
7548
6356
1992
2310
6425
8548
9174
8716
5864
3530
7925
5705
1789
1042
7907
7394
392
3133
629
221
1195
7432
3017
6411
1127
3015
2027
5600
3670
3197
862
8749
7062
7864
8439
7618
2653
6385
7881
2424
191
5798
1758
5967
2560
5200
9087
3103
8919
8806
8668
4086
1389
7345
7827
9675
7457
1383
8728
8000
4883
6641
6888
2416
9063
4813
6355
2403
5877
4993
4991
3315
6754
4286
6470
9808
9148
5816
1667
4291
4276
7852
7098
5635
2899
9485
5546
1995
13
6170
8627
3735
9989
9625
4712
5324
7102
7835
537
8679
5000
7228
8892
955
2677
1143
2801
8089
9156
3759
6156
7716
121
5218
278
9742
9668
2431
5388
9778
1231
6230
8203
4187
1537
2232
1228
185
3167
6577
1841
4907
8326
9494
1840
2590
1296
2168
2408
3047
4359
870
6338
3638
3679
6011
3353
1641
3298
2703
791
3010
4621
7062
1291
272
6526
6019
1588
1757
1278
3447
8555
2252
9046
5756
8189
1678
5320
6156
6684
8754
3608
5181
142
717
7373
3524
7449
5101
1831
4447
3461
682
9840
9419
5036
9588
77
1630
9548
7439
250
2951
2425
3148
4489
543
8913
6090
8864
4520
8844
5647
3169
4078
3482
7499
6429
8248
4641
2955
3363
611
8967
9747
5707
1278
9028
6930
1875
8678
4523
5234
9355
9691
7461
767
5432
920
3349
9507
7651
8045
5158
4160
9339
6991
7508
9522
6927
3558
2169
3931
4235
9528
7069
3073
583
6380
7110
7526
8498
7020
6101
9219
9511
1911
1354
5913
2819
4868
3002
8302
1775
2057
5496
7456
7068
7035
4457
1060
1717
412
2545
5491
1451
2422
2821
4520
1379
7855
7974
9653
9206
7804
6260
1682
2873
517
9498
1360
724
7148
2535
2178
9076
3371
9691
7720
3072
7423
9639
2534
1415
7380
7905
7499
1814
725
4662
2682
7049
6153
3724
6883
3217
8658
7637
8731
532
412
7458
6479
5941
6352
2704
8569
4324
5570
2722
1276
80
5280
3171
2899
9818
9776
5557
8499
2177
2076
8178
6849
3788
2293
2082
423
8440
4273
8114
3844
3258
8867
1714
1445
9376
3021
480
4305
7487
7524
2416
1417
651
5289
5514
5907
8595
8778
6639
7260
1509
5999
1492
1798
6356
3313
5468
2199
3920
9072
1866
8475
9965
846
7637
7122
9752
3157
1894
5248
7765
1723
1943
2325
6113
2604
3526
4755
9996
3713
7653
9459
4649
1289
1462
9483
9931
4602
3717
3710
444
5840
1774
7735
200
9752
7010
7332
9255
1970
2605
279
3609
3969
8162
1064
288
2730
2396
7849
4063
6558
6431
5030
8480
8034
916
3371
8060
3519
7953
2638
4937
6008
2878
3688
1128
1584
7170
3482
7479
3665
7865
9944
8851
8975
6690
4707
6144
7933
627
5478
4395
8112
8981
8640
368
9426
7556
1766
4163
1341
3045
966
8520
9660
3888
4885
4335
3621
6512
66
3846
8984
9687
6194
8540
3141
8861
881
5249
4866
6520
4796
6206
8627
6294
2891
5010
7325
2645
8177
9644
4606
6470
744
6410
5635
2956
255
9435
2086
3958
2421
8566
4575
414
8221
8653
347
4199
8405
4800
8023
5183
2145
8443
3034
5759
3369
1468
8035
59
4296
5758
1178
3820
4740
3572
8185
332
70
3023
2445
789
9810
7845
4433
8326
9811
230
3345
4984
9823
7500
7829
858
604
6378
8775
8751
5538
7475
8791
7048
704
3346
6369
9630
4533
6807
5956
7325
6722
7170
5311
301
9794
3158
5920
3857
6072
2210
9715
5548
4552
397
2156
2915
5904
4926
9026
3015
306
6519
9646
9721
1245
8273
546
6251
8515
4082
6966
8921
5566
2326
448
7372
2779
8306
8055
6755
6995
1149
8082
246
6626
7281
3242
5539
9422
4883
2757
5251
67
9383
7829
7667
5559
23
2149
5633
9036
6202
6295
7793
6044
645
6204
960
2349
5474
7314
6335
7716
8470
2360
8222
3812
1611
4384
695
1720
8895
7939
3684
1331
1002
4075
8079
2017
8182
2483
4339
8503
9895
9601
209
993
8831
3909
320
3356
3793
4530
7539
4822
6241
8323
6952
3580
4665
5722
7004
9310
119
2697
696
6387
1309
3656
5819
4091
3608
541
6326
1093
642
6574
6152
4357
2558
2554
1162
3182
491
7021
2351
7911
3273
8001
3617
3170
1371
1880
6440
4482
6232
7425
9885
3152
7858
740
2687
7075
9310
1112
8215
7374
1527
2684
192
409
9611
7101
8822
7615
7567
2106
3944
8900
1611
4476
8705
7218
397
3604
521
7113
63
5272
6904
6480
7128
2334
2435
8923
9480
2355
7917
8213
8158
7144
1880
9622
6132
6354
2734
5702
674
8813
6870
2493
2808
567
4960
448
6403
4650
768
9539
4164
5351
180
5956
2171
8475
3358
2325
5549
5236
6815
6440
6220
5670
5216
9347
8577
1055
9576
4982
4397
931
9778
4616
4647
9838
7379
8037
2954
6949
5142
8157
2825
5260
6476
8452
6323
2507
7267
9092
8335
5752
9846
7953
5752
5902
1788
9839
4681
5254
134
963
8913
4694
8483
1307
2476
8496
4913
428
6990
2840
2318
8063
5619
6135
8242
3982
2739
3129
6700
7891
6034
4385
7696
2117
2802
5607
6754
7795
8083
7369
6390
5391
5931
2163
1289
2956
7987
1655
4463
3078
4387
5019
160
7946
5569
6504
9268
3082
6511
7636
1592
1919
5384
49
4454
8089
9658
3842
871
3568
4431
1663
8738
7549
2829
8303
2009
4550
2182
7614
8223
9283
4781
9739
3864
4854
9587
4291
2482
8426
8304
952
8544
4490
3268
329
4409
5035
7731
8409
6434
6858
3100
9007
9859
7113
603
4308
1832
7418
9950
9243
8194
6064
8677
7642
544
7943
701
6771
266
1047
104
2556
8673
6626
9220
2536
1007
9575
1815
6912
4178
8781
8360
8945
7711
3465
8260
9778
7976
431
7977
3677
4102
8353
8729
310
4233
1012
4471
563
1126
310
7782
4383
7140
891
9145
6324
8539
7863
6932
7148
3597
9344
481
3618
2680
675
9315
4233
1749
2876
9072
2514
3222
5336
5304
3951
6298
7596
6220
6641
2933
9658
5745
3548
9282
8144
362
8795
7774
4084
5677
6532
2385
4339
1460
6571
7647
396
8536
1777
7253
7689
415
6671
6907
3040
40
514
8340
4118
7757
3314
977
8341
7560
7046
733
2507
8777
8852
476
9874
6468
8357
4511
8594
9151
4209
8944
6422
6876
9754
8308
184
2989
1817
6053
2031
372
8181
7404
9078
6922
5208
6555
6902
8516
9606
6206
8970
8947
7112
489
7622
206
8103
3003
7744
1929
6472
596
8575
9460
1418
7221
2252
1595
5514
5954
9009
3536
1393
9888
4412
4525
6269
520
3263
6519
840
8271
6794
2109
3969
1218
4179
7138
3143
4999
6942
1942
4948
9930
1235
9482
765
7547
8621
1981
6972
4567
520
110
1461
1948
1512
1220
4
2527
5549
5530
4951
3673
3049
4447
8508
476
3517
5282
2745
8287
7779
4651
5806
4525
6571
8095
1755
3261
813
7612
6147
7525
1081
1270
1152
1802
6024
7132
773
9071
6325
9227
4516
4082
3503
8123
9582
9075
8173
5105
3302
5586
8640
3823
1287
3019
9080
769
2601
610
9908
8238
9498
6206
1970
9318
7856
7859
2105
3440
7677
8052
4126
5913
5881
6199
110
1957
1684
5793
2320
7009
3385
1468
474
9160
9565
8542
7403
9932
9672
9501
3817
5584
3039
2019
3723
2020
6265
2558
4909
812
7373
3907
6506
4217
3465
1699
7971
4750
4039
3611
5742
6012
6226
5309
4433
2699
2220
2780
2820
5805
330
3195
899
3618
5197
5416
8135
1617
7028
7783
7210
6430
6879
8249
8694
1280
2662
9667
4076
8203
5282
1244
2373
7346
348
8277
5905
9266
5959
2988
9859
8000
9298
4959
637
5460
3135
3758
3007
3038
5644
1658
6865
2824
4473
3916
9449
3506
5096
3741
4192
5266
2094
9041
9894
822
9482
2151
8368
2587
5999
6511
2399
9922
3738
115
988
1256
9524
8283
5758
3622
6983
2995
5858
9835
3998
7652
8102
2713
8576
6633
1047
8523
5357
7085
2264
9331
4886
9809
8230
1889
3025
2277
42
3303
5099
1103
8640
398
78
74
2028
2863
5109
1188
9851
7038
1127
8862
7612
4422
8645
8198
6644
5913
7089
2570
7912
6906
842
1892
4884
4801
3498
8125
4669
1170
7891
8033
3983
1220
9421
8580
8610
4251
6572
5971
3959
2957
7566
399
2450
5857
5458
1387
8605
2485
5637
4922
2904
5343
1651
3912
179
3932
336
6408
5440
9778
9062
3459
6832
189
5046
6708
6823
4547
2275
9044
9976
904
7949
2779
1846
1357
5366
2266
8573
4969
3665
3610
7942
3710
6928
8021
3376
2080
3953
5015
2956
2572
8806
7286
6435
731
6160
3340
3267
1059
1135
8314
5790
7768
5346
4115
2755
1589
1140
340
4920
2827
5492
8373
3415
1049
67
1172
442
1336
1140
3061
6418
5862
867
1629
705
2846
8436
2305
1578
9970
1689
6531
309
4406
6156
6416
9565
5604
755
940
121
1025
4807
380
4034
4616
2222
2869
4952
8910
286
3216
234
9233
8408
5820
1967
9875
539
5455
4004
9034
591
4605
8200
5931
5384
7988
7986
9050
4741
5406
4925
8624
1574
638
7414
4987
5827
8802
1936
1175
2698
3541
6010
1510
3956
4637
8188
2694
5404
7963
8408
6886
6757
6807
2542
6161
9530
3748
5093
4291
8286
7869
4540
4638
7082
3134
1724
2357
5641
1347
1444
2167
7497
8153
5715
1442
6206
9453
8717
2359
1263
4031
1507
3153
2914
7252
1886
2195
7576
2731
2976
4788
125
7935
2683
4458
1696
4384
1274
6743
1194
3087
4954
7068
5689
3614
7086
9716
2406
661
9602
4855
9321
6287
813
2674
7912
9375
7703
6683
749
8954
6965
48
605
6063
1790
5718
4125
3123
9707
8830
8975
9950
3175
6764
9928
4399
2682
5786
1038
8158
9379
7745
3200
1271
7479
1640
3808
999
1831
1687
3694
954
3625
4419
3015
2107
8932
2814
6444
7555
130
2807
5453
1304
7759
8735
9817
2212
2377
3418
1443
9546
636
6537
9439
5060
6739
6936
2890
1991
3881
4521
3628
4041
5168
2790
1697
5774
6689
8389
9042
9200
595
7983
3865
1922
8639
7016
6322
6028
8388
2765
9175
5636
7255
1307
5757
3898
2604
4505
4406
1810
8122
3654
1924
2476
2699
1898
1773
3064
2117
7032
7563
9742
1796
9262
9633
6570
5894
2160
4021
5385
5150
7102
1761
7222
7450
7867
505
4158
7608
7671
3628
6428
462
5196
4339
2222
9450
8642
6713
234
1584
3821
6048
3100
6437
1114
7947
8525
6322
7262
7995
9199
3570
7973
5822
1585
2914
9236
8411
8716
622
5193
3299
1593
2713
5248
3468
7216
1500
9254
237
7309
4842
7414
8053
7212
5707
2676
7967
1208
9884
7122
7506
7091
6007
1125
964
7104
2797
5006
3999
2184
1856
7130
284
8102
8674
9774
9073
3187
9646
1756
7591
3165
4402
5009
9091
2023
1212
6089
7957
5756
1472
7170
2405
2218
3694
8654
9580
5145
5964
9441
5420
1061
5614
4899
4920
6798
654
9239
2103
5652
2526
7120
7327
2317
7309
9262
5930
4709
3148
5933
8267
8780
3058
3648
535
6081
3109
9380
6909
1723
5321
1637
2939
5700
582