8549
6480
6865
7899
8855
2618
8591
8217
5233
1966
9059
2390
1770
1146
1255
1991
6897
4004
2054
8836
2079
2806
8858
2378
8474
7839
7867
9460
8338
8210
1745
8643
7777
8788
6686
7602
5187
4305
6081
5369
5208
8657
5562
4826
3788
8887
8646
9885
4779
1227
8552
8602
9850
7830
1549
6899
9562
9745
1663
6785
8454
6464
4666
5745
7076
1262
1724
1525
8276
4817
4592
7952
8667
6655
4085
6030
5266
4212
4389
3949
5060
2035
8578
6598
7162
9244
2074
2002
4444
4554
4849
8072
1377
7955
5879
6546
1546
9862
1818
3278
3949
5280
1866
3799
6802
7474
8679
3188
3264
5072
6336
7314
6274
6307
5767
5317
1661
5574
7979
6988
7677
8558
1289
3752
4872
4488
4777
7866
7448
2065
9769
6855
9887
7965
6772
8763
6776
6596
9680
1638
1584
2054
4992
6400
2888
8764
7658
8785
9787
8297
4161
4031
7541
3344
9208
9126
1096
2104
1242
8979
4744
6545
4895
3333
1661
4637
4759
5641
5701
2881
5727
9321
8395
1995
9848
9740
9736
7655
8905
9929
1166
3828
4169
4790
3551
5565
8684
8644
6579
3106
6144
5122
3104
3785
9440
8211
4733
8213
2335
9349
1153
3408
3403
8966
8712
1689
6539
9026
9777
7957
2448
9216
3328
2669
8184
2486
8313
2075
8199
8466
9332
1934
9766
6559
8644
6874
6192
9566
5920
1857
6701
7971
1808
6970
9808
1504
9028
9151
1235
1251
7294
5935
5550
3529
5768
9967
8133
1371
2107
3193
7644
6618
4226
7184
4128
1892
5335
2332
8948
6119
9566
8489
7594
5932
3473
4753
5887
3949
2607
6952
3209
8491
8329
6518
3683
3886
8558
8994
8852
8573
2789
2031
9933
8899
7747
7658
7767
7973
5768
1976
2513
9282
9316
9294
7859
7601
7455
5651
5873
2575
4564
6647
3554
1291
8158
3153
9936
7693
8900
2363
8546
8650
1462
2048
1024
8712
6539
1689
8061
6161
9035
7968
8766
9584
4726
5788
5903
2642
5966
9648
3605
5574
8966
1386
5390
3498
8847
2581
7793
7974
2227
2327
9668
5757
1866
8882
9558
6998
3683
3886
6518
9188
8274
2354
2807
6642
3859
4225
6035
8109
4926
9623
4819
8341
9691
1776
3738
4730
4764
2693
8847
8993
8588
3123
3323
9856
7808
1462
1681
8853
9617
7775
9749
3043
8226
1278
2066
2390
1966
9059
4719
1166
5170
1805
6819
9875
8904
9930
8760
4719
5170
1166
1487
5520
7511
2112
3223
3773
6912
1737
6544
4157
9454
8964
8455
9259
2185
1525
8276
1724
8491
8757
8675
9842
1808
8868
7657
5114
6485
7952
4817
4592
3120
1780
2064
7876
8973
6968
9877
7695
8817
1496
6952
1386
2364
8686
6896
1780
2064
3120
1314
9518
4206
5927
8758
5646
7554
8559
6353
3886
3683
6518
3785
2213
7871
7065
1309
9369
3588
7113
3188
1606
1276
5060
6775
9258
8797
8959
8370
7544
1606
2533
2862
6745
8252
1844
1449
6120
3880
8700
2308
6498
3857
9586
9866
1041
3073
8738
8115
9688
6777
9216
3328
2448
8404
3133
5137
2222
1111
4114
3851
4633
4729
8456
7481
7646
3028
6861
5860
3734
5154
7067
1160
9224
7436
6459
3852
7566
9736
1548
8746
9522
9934
6866
4545
3376
3024
5527
8884
5457
3632
8959
9784
4555
5735
3915
1551
5005
4004
8768
5778
1091
9714
7748
8894
9129
3192
1472
6993
1791
4033
3113
5005
2552
8200
2060
1016
1081
8588
2923
3144
9177
4864
3937
9986
4454
7236
4306
4304
1519
8723
9105
7814
6699
8656
6584
9957
7841
6810
1528
8031
4600
2066
5601
2867
4690
5911
9609
2712
1292
1491
9584
4664
6204
4309
4447
3048
6753
4696
8457
5647
4070
5079
8052
3259
5863
4809
5453
9177
3144
4864
6722
9796
9966
9524
7949
5656
5273
3355
6169
4706
6578
4942
4572
7578
7756
1688
9852
6792
9369
9321
8093
8307
4614
3504
7151
4273
1761
7687
2972
9858
8260
2258
9422
8713
8967
8697
6677
8667
8270
3785
3104
9440
6655
4411
8665
6417
9276
1100
2662
1001
3113
6529
9732
1479
6779
8654
6540
4313
4139
5211
2118
7969
9594
7811
1457
9859
8783
7761
9669
1033
1159
9497
1128
3228
3496
2921
7944
6879
1292
2712
9609
8497
6575
8159
4039
1967
7372
9798
4665
8968
4682
4938
4570
6796
5294
9976
3972
4256
4242
9768
9876
9009
1697
1541
8959
8184
1306
1160
8497
8778
9684
1939
7681
1535
1166
3839
5720
1907
4953
9791
8704
5221
1312
8474
3080
8328
5072
5200
5296
1913
1159
8489
1276
3168
4609
5886
4115
3893
4084
6317
1801
9847
3018
5565
2528
7873
4248
4770
5760
4752
1135
6642
3859
5648
6673
4352
1446
6221
4890
3369
8777
6585
8254
6866
9854
9966
8889
9127
8842
1859
6809
8829
1673
8711
4569
1877
7242
4839
9976
7564
8565
5555
1140
2394
9304
9130
8968
3783
9886
3302
5162
4442
5728
5572
5696
1966
2390
9059
2244
9367
5984
3860
1181
2540
8476
7847
8796
4876
9589
2942
7884
9596
8409
5778
2050
7866
7842
8692
1806
4969
7847
5667
1089
9922
7249
2096
8144
1376
4964
9404
8976
9343
2177
9107
6754
2439
9766
2877
4661
4577
4149
7262
1736
8242
1106
9552
5795
7236
2543
1737
4929
7492
7898
9913
5831
2697
7723
8827
2538
4696
9788
7891
1228
7660
3310
6340
4930
1144
7086
2184
5855
9885
9542
9698
8756
7762
1976
5768
2513
3178
3488
7523
9847
8681
7708
4104
2379
8720
6858
9868
7829
8979
1622
2932
6189
2149
9662
8756
8914
1488
8042
8768
6366
1596
1626
7002
3337
9585
6989
6292
5120
3234
8797
6568
2929
6300
8776
9764
8558
7259
6987
3032
5210
5164
9665
5855
8126
1656
6802
4872
1089
9295
9557
6867
6955
7084
6858
6687
3139
4307
6353
3935
8176
3264
8384
3558
4660
8026
4767
6060
9794
9844
3077
1367
9797
8414
4877
8911
1749
9521
1536
7803
2798
8338
4793
1763
1748
1490
7870
3068
5768
1288
4174
4274
9057
2136
1100
7514
9059
1966
2390
8136
7689
8776
9847
8700
7997
8995
8647
3893
7940
8738
2562
1738
4268
9163
4950
9821
6707
3501
1974
8151
3704
5934
4488
8595
8262
7667
5877
7520
9457
4352
5648
6673
3993
2783
8828
1317
9855
4967
8647
6587
3773
4774
2414
1771
4142
3254
8627
4657
5717
4561
2149
6189
9662
7017
9801
1613
3612
1032
4668
2048
2048
6233
2983
5798
8566
8325
2299
8075
8846
7922
8596
4746
6922
4760
8896
6996
9886
4821
5713
5583
7008
3893
2993
7836
5696
8584
7628
7544
8974
1120
5116
5434
7582
1196
4029
1879
1597
1481
1872
4540
4890
8774
7660
2746
9729
9761
6785
3613
2503
7898
8707
6657
6875
8212
6542
7384
9569
3238
5695
2513
5768
1976
2136
1112
7262
2127
8403
8131
1796
9815
1086
8247
5684
2654
4639
2663
9765
8209
9221
8607
2798
1536
7803
5107
1230
7328
1195
1198
9599
9018
1608
8682
1111
1441
1551
2107
7738
8696
6854
6959
4004
4817
7952
4592
3773
2002
5005
3532
6736
3290
4442
5162
3302
4178
6082
5328
6810
8031
1528
8949
9889
8766
2064
1780
3120
7750
8682
2764
8785
8879
9813
7767
7877
5785
6627
4657
3923
1794
8848
1666
9710
8004
8770
3258
2858
7343
8394
8874
2666
4556
1398
5364
7372
4039
1967
6899
6974
9856
6547
3331
9027
9758
7786
4263
7296
2208
1300
4778
9263
1338
3875
9989
7574
5139
4123
5299
7274
1052
9240
7898
3613
2503
7478
8796
3454
6987
9557
4975
2728
7784
9896
7051
4375
4219
4747
4907
5765
8766
1730
1506
9786
7784
8652
1233
1999
1253
5489
6069
9703
3489
6712
1285
8573
3548
3448
8357
5984
2244
1255
1770
1146
6899
9562
1549
9382
7756
9989
5708
8589
6984
5237
7931
1335
8560
8976
7824
1530
7500
4166
5550
5561
1446
9005
1364
8801
9797
9584
9869
6448
7752
8466
9466
5374
8954
3024
3376
4545
6120
5406
8780
7768
1103
9886
4576
6697
9944
7039
8768
9888
8858
5486
8835
2692
4975
5426
4711
3773
6857
9185
1316
1016
6845
9899
1982
5966
9984
5526
8336
3108
8338
8667
4681
6895
6969
9255
8566
9103
8747
9795
6962
4324
4304
3188
3588
7113
7722
2979
5909
4419
3919
8502
3192
9129
1472
2277
7722
1056
3148
6989
6574
4050
4292
6242
6066
4735
2932
7857
1797
1537
1689
8839
7563
4779
3669
9662
8446
5786
9233
1111
6116
2882
9175
5995
4670
5815
7220
3553
2332
2783
3663
3719
2507
7492
4142
8627
3254
3397
8847
6544
4687
5715
3553
1018
7310
6542
9789
9765
4015
2641
9039
8805
3619
4627
6671
8869
1679
1649
2858
7343
3258
3498
5390
1386
4169
2277
5500
6306
7762
7088
1947
4389
4059
4914
8182
1439
4953
1845
8667
9929
8669
7767
6699
6495
2313
2324
7202
1008
3972
8957
6587
9289
2233
7369
1181
3860
2540
7647
7578
5856
9898
8657
8328
2338
7441
5890
4735
4250
2126
5791
2547
5010
6975
1363
7866
7971
5877
9945
7586
8894
2141
8987
9557
2208
8001
9807
8787
1410
1698
9984
5815
5613
5705
2448
3328
9216
3074
7527
5704
3496
1128
3228
7373
5866
9474
6015
8089
7553
1731
8515
8931
1866
9704
1610
1244
9992
1672
5616
8658
5598
5508
3468
9854
2343
6570
4932
7456
6558
4101
8787
5878
6777
4776
4677
9881
5575
2675
9965
7188
1152
1152
9673
7901
9785
7710
8712
2952
2540
3860
1181
8092
4829
3619
9802
2419
6359
8569
3990
5776
9291
1991
9531
8194
1216
9114
4310
9239
5964
7475
5989
2878
1266
4509
7512
1056
3498
1056
6150
6694
9956
8844
8559
5093
9844
1367
3077
7407
7759
8466
2002
1221
6116
2310
8330
1164
9440
3785
3104
8684
3361
6546
8241
1065
1786
4442
3302
5162
4113
7411
4113
1146
1770
1255
1127
8349
1049
6801
9635
1647
1114
8284
1194
5666
9551
5825
8839
9997
9881
8671
8897
8913
6576
7632
8894
3377
1568
3076
4796
9776
2618
9644
1168
5774
4494
1856
5027
8864
4563
9767
4404
7407
1151
9666
9044
8768
8481
3183
8081
5293
9467
7867
1413
1019
9227
9666
7402
5674
7524
1518
7327
9945
7406
7699
6260
8679
9986
4330
7192
5835
9185
1016
1316
9957
4675
1177
6324
2269
5244
5162
4442
3302
6544
6912
1737
3205
6305
5377
2618
3195
5937
3388
5500
1166
8254
9170
8420
1800
1800
2296
8552
4979
3469
4897
9944
6419
2629
9252
2412
4778
8977
9544
3032
5192
6222
5958
7648
8108
1586
2625
7139
3226
5272
5354
6970
1808
7971
4807
4793
4715
8897
7765
1599
8427
5304
3694
9898
5253
1413
4754
4720
6564
4169
4059
1826
6670
3981
5662
3053
2953
8858
3788
2878
7823
8237
4233
9375
7948
4432
5385
5928
5619
7288
8927
1747
9539
7869
4484
9964
2184
1304
9336
1786
7595
8645
7768
7666
7064
9846
8588
7630
5577
5863
5817
2467
2750
2949
9594
9856
4760
6558
8958
8181
7721
9877
4748
1111
2002
4444
1868
7584
7866
8646
8890
2652
2584
6494
8584
4398
5578
9998
8750
8568
5776
1542
8274
5824
8953
8843
1671
4406
6957
6978
8467
9997
5375
5840
5584
3792
8775
8683
2889
8174
7874
8756
8755
3813
6699
4324
4124
9507
5746
1650
9878
8741
9856
5646
6364
5062
3258
3762
4969
2049
2513
1976
5768
9707
4667
9764
8776
7001
6596
4787
2102
4622
1074
1022
8194
2063
8796
8958
1111
4444
2002
5955
4595
4675
9948
7887
7344
6983
6148
8517
6344
3896
5336
9847
9867
9739
3949
4389
5060
3153
8158
1291
9776
7375
9969
7263
7856
5696
2435
6499
6845
7749
8238
5754
4554
2002
4444
3503
6751
7292
5768
2513
1976
6857
8575
9272
9677
9775
9877
5853
7964
8764
5170
1166
4719
1976
2513
5768
7340
1158
2298
8158
3153
1291
5020
6844
9567
1209
2139
9307
5125
6161
3233
5844
7949
9495
5885
3368
7587
5267
3201
6431
4509
1266
7512
7492
5029
3309
1705
5660
5241
7766
8878
8052
8577
7666
8698
6359
9802
2419
2563
6022
8527
1402
9809
2712
5720
3839
1166
1290
9240
7320
7488
3581
7688
7465
5745
7065
8665
8869
9266
5843
7510
4786
1018
2316
9368
4753
5759
4739
5768
3068
1288
8798
8446
8978
2412
9252
2629
3886
6518
3683
5481
2857
4920
2565
8881
7807
7444
6960
7599
4730
8784
8959
4189
4589
7122
5768
1288
3068
2002
3883
6116
3779
5837
5443
6723
6502
5598
1189
8668
6886
5335
3333
4224
8128
1973
4693
6753
3048
4696
9524
4853
9206
7008
2993
3893
6656
6858
2515
3333
2442
1672
1811
5636
4965
6727
1281
4384
6475
7867
7597
9203
5986
7596
4734
3602
6914
6650
9752
1802
6321
3043
5327
8783
7745
9953
6391
8052
7673
6391
2277
3168
4444
4554
2002
7491
7150
1738
4457
5143
5149
1181
2540
3860
1884
9656
6744
9886
5644
2609
5080
1433
4027
5925
5854
7987
2543
7236
5795
6733
7869
9466
3799
5593
5707
9239
1163
8457
5932
1649
7202
3808
6081
4420
2507
7272
3939
8247
2654
5684
6079
9672
2039
3924
5714
4544
2222
3784
7227
1166
5720
3839
6673
4352
5648
9224
7436
1144
1857
5920
6701
3323
8588
3123
4011
4599
5643
7841
1791
9875
2569
5787
5657
7019
5369
5539
6418
3232
5008
3506
1680
5796
6192
3076
5122
8588
6025
9000
8485
8775
7376
7822
3071
1906
8585
8917
7675
4910
3718
2141
5754
4399
9866
9957
1675
5584
7764
1582
8674
4048
6224
4322
3228
1128
3496
7262
1736
4149
6819
5644
9686
9547
2990
5967
2112
3443
6116
8475
3083
6545
6615
9901
9945
4939
2471
8031
4245
2292
2702
5521
6161
3103
7568
5896
7658
1550
1538
7058
7756
8868
7578
1316
1016
9185
4622
2102
4787
9288
9318
4296
3091
7373
5835
2249
8393
9047
6689
9572
1539
2785
7727
8785
9649
7192
5685
5854
7946
5989
9647
7011
9809
8056
8716
1562
9857
8849
9731
8787
9987
5741
6673
5648
4352
4318
7380
4146
9748
5064
7958
2563
3331
7200
4881
4497
3729
8587
8215
2057
5606
3230
5419
6753
4696
3048
1724
8276
1525
8789
9317
6684
8257
2241
1103
6690
4738
4750
6968
4665
9696
4059
1947
4389
3253
9268
2753
1746
7343
9811
9957
5885
2442
7544
9896
8968
3880
1449
6120
4358
8063
2638
7577
6184
9984
2980
9505
3727
6789
9556
5205
5500
4169
2277
9358
2034
9508
3701
2040
6795
9198
9965
7775
3288
1202
3289
9767
5897
2317
7205
1683
7436
8796
7476
8576
5767
5625
2601
2917
7649
8072
2273
9171
7247
8512
2118
8288
8881
9957
1745
3205
1924
3093
9801
6969
9675
5989
9776
4192
3653
5015
5686
9291
9319
7499
5059
4307
5325
3376
4545
3024
6666
9998
8915
1403
6136
5552
6798
3652
5828
9802
1722
8922
5598
6502
6723
9795
9952
8849
7677
1577
9737
3008
9813
3108
7168
5766
9998
6944
9729
8447
4032
4292
5362
2761
4057
8506
5696
3966
7856
1701
5513
8327
4986
8959
9045
7976
8199
8648
4919
9012
3309
4857
5513
5799
9857
1122
4854
4864
9177
3144
4734
6532
3746
5017
3595
6667
1591
1181
9420
7975
1878
9889
1213
9315
9155
4818
4834
3408
8779
7455
4080
5087
7783
9478
7457
1157
9215
8797
4734
3824
5955
7467
3798
9353
6668
9998
7787
9222
9987
9072
8356
8338
7823
2878
3788
7789
1607
1721
2258
9406
9172
4606
6962
3714
1391
2116
2838
5985
9769
2849
4794
9584
2424
1773
5502
5814
9936
9936
7478
2629
2412
9252
4236
6282
4344
8584
8872
9994
9776
4295
5676
9687
1227
5985
9372
5205
9686
3798
5690
4828
9280
1236
9442
1469
5974
7479
9498
9333
5777
4496
4880
4756
9689
6894
7438
6475
3813
6945
5933
1017
3877
4157
9319
5108
6041
4635
4587
5763
5795
5629
5984
9367
2244
9571
1473
1933
7922
4858
9468
4353
9643
9711
3024
4545
3376
4320
8457
7787
1754
9560
8892
9523
8629
8699
7616
4887
9754
2607
6952
3949
9992
1672
1244
5015
5686
3653
7491
1738
7150
8906
7740
9832
4042
1958
7019
9423
1219
8129
8165
8385
2255
6556
7984
6946
2873
1010
7328
9277
8281
8265
9554
8427
6749
3819
7576
9641
8627
3254
4142
1180
7146
9494
9279
2373
7281
6912
6544
1737
8555
9899
1997
1525
1724
8276
7839
1121
2132
2932
8979
1622
8832
7499
7454
8573
3448
3548
4443
6857
3771
8421
1607
6607
8371
4947
9474
1255
1146
1770
9711
8617
5849
8487
7595
3326
2078
1410
8212
7838
9986
1540
6226
4675
1441
4644
7977
1692
2200
7274
9116
3113
1001
2662
1082
1352
8280
4862
6478
8456
4308
6201
4314
2949
8665
6655
7498
8877
2843
3613
1161
8508
5705
2647
5979
7701
1739
7751
1808
7971
6970
9484
9336
9258
5153
5107
4371
6897
7944
5616
3211
5243
6427
3254
4142
8627
7857
8619
5798
8448
1154
1938
2763
6654
6686
6655
9381
6847
8807
1737
8893
5843
8854
9679
9849
3423
6975
9823
5188
9906
1180
1288
2168
3882
8984
7444
3743
7476
8689
7803
2798
1536
1607
2617
8494
6784
4679
8677
7784
5896
7154
7554
6599
4997
2266
7244
1240
1608
1752
6744
9038
2508
8525
7659
9961
7033
6661
7956
6869
3309
7492
5029
1228
2026
1078
1672
9992
1244
7249
1089
9922
6952
2607
3949
7558
5261
8956
1281
6727
4384
9465
1053
8215
8502
1899
6439
4812
4696
4808
9871
8858
8687
1166
5500
3388
9590
8944
9579
5601
2066
4600
4945
3679
5589
1089
7249
9922
5154
7067
3734
4174
9057
4274
3914
4314
9417
1795
1663
8627
3017
7895
7545
5573
6555
8459
9360
8712
1678
7688
1532
1944
6785
8998
6657
4787
4622
2102
7952
4592
4817
8786
2458
5679
8654
6199
3796
1975
9966
5886
9417
3914
4314
2472
9228
8202
9948
3251
7587
2793
9848
4566
5084
3370
5208
7348
6561
9876
9489
2022
2422
6876
1684
5593
3697
7402
5537
5606
5419
3230
7820
1658
1416
3683
6518
3886
6019
4369
5247
8958
9986
9515
8782
9890
8848
7524
6440
6902
4457
4620
9977
7328
2873
1010
9874
4544
7578
6010
3130
8035
1288
5768
3068
1386
2057
5500
7515
1995
1093
3189
8513
8255
1633
8787
7687
1276
5060
1606
9795
8849
7345
1738
7150
7491
8601
8185
2061
3839
5720
1166
4797
9234
9578
9815
1086
1796
9987
6465
6369
3343
8888
5567
2435
1790
2054
9443
2253
9411
8668
5488
8160
2708
8848
8560
5566
8157
9786
2555
5803
5641
9756
6846
7987
3328
9216
2448
6647
9848
6428
7283
7261
9851
2277
1056
7722
4046
2388
6066
5906
8678
6657
2763
6784
8646
5670
5852
2650
4930
5583
5967
1333
2932
7000
1100
9162
8536
8795
7719
1499
1487
7546
7549
8385
1247
2133
9813
3108
3008
8776
5648
2719
6764
2326
2838
4426
4410
8009
9957
6775
8385
8774
6636
5444
5794
4896
9767
8392
9304
2232
2806
2378
8858
1616
4690
9206
4142
4767
9765
8977
9776
9445
7121
1233
9265
6669
8689
8484
1292
1450
7812
6518
3886
3683
3160
2097
3817
8855
1769
8733
8777
1334
9987
4084
1801
6317
6410
5004
3238
7655
3530
9745
8494
1673
6589
5996
4797
9578
8545
1723
7677
3068
1288
5768
1449
3880
6120
5561
5550
1446
8298
5370
6268
5234
3234
5264
8642
9952
1728
1155
1169
8321
5446
8763
8786
8274
5057
5196
9953
1615
1603
6786
9966
6569
6350
9443
7367
2958
1266
7743
4423
8677
5484
6777
1417
9991
1151
4404
7407
6848
9576
9925
7258
1578
1023
1076
2384
9312
9565
5849
6710
1151
7407
4404
9421
8265
2231
9584
5681
9984
4145
6994
9953
9147
5794
2764
4630
4640
4880
9662
3669
4779
1044
7989
6865
7441
5890
2338
9566
5406
8968
9867
8709
9899
4644
3698
1633
8154
8250
2262
7855
5699
4854
2182
7084
1274
9739
6905
1577
1699
1553
9971
9988
7200
6786
8836
8702
2722
2912
5892
2502
1689
8712
6539
3309
5029
7492
8703
8721
2963
8196
1038
8338
5666
9669
6629
6969
2367
9585
2547
5791
5010
1038
9899
9845
9513
1263
8833
7734
6694
3917
3859
6642
2807
8868
2690
8578
5182
6226
4034
6644
2795
8677
4773
6801
4497
3617
6801
4591
7262
4149
1736
4969
7184
9756
9307
8888
5477
9685
9969
3383
8802
7585
9967
6966
5730
6569
4855
9172
9845
8495
1379
8767
1259
8135
2251
5060
4389
3949
1609
6779
9554
1528
6810
8031
9454
5794
8342
1111
3443
6116
5005
2552
3113
4608
4640
6662
1432
8986
9836
6174
7868
8576
9059
2390
1966
3058
1056
4169
4297
6333
4969
1063
8203
1017
8549
6885
5811
1740
9914
8680
1144
1032
9518
1477
7877
8488
8800
9976
4669
9648
6646
5697
9587
5994
1246
8788
2514
7888
8858
2806
2378
9602
9876
1794
9897
4836
7877
6968
4507
8567
9977
5675
8785
6565
5794
9849
3773
5005
2002
9896
4889
9956
8447
8209
3073
6876
6489
8576
7554
5478
5919
7522
5476
7466
6415
1813
4099
5327
4035
4323
4726
3728
5776
9856
5566
5101
3744
5616
5654
8137
8297
3403
5203
8956
5548
2783
3663
2332
6646
8044
9778
1176
9240
7194
3457
9984
5877
3906
6764
9928
6809
1859
8842
7465
2280
8649
3230
5419
5606
8092
3619
4829
5419
5606
3230
9840
6934
9888
5474
9601
8586
1468
5319
5836
1989
8454
4510
7962
5510
7832
4444
2002
1111
3669
4779
9662
1634
4617
9544
6867
2221
8664
6006
2795
8154
1601
9681
6753
2098
4787
1193
7372
1967
4039
9758
8072
8696
7338
4186
4312
7350
8798
6666
9312
9394
7250
6946
8321
5547
2689
7827
8721
9920
9924
8930
7266
1348
9152
5859
8298
8313
8666
7081
9989
8502
4419
3919
8560
8362
1377
9413
3436
9671
6998
9568
2105
1593
7751
8813
1361
8277
8257
6599
4669
3673
7227
3784
2222
5756
7676
7744
8787
4561
9808
7944
8744
9854
3155
3895
6893
4045
9894
9854
3401
3100
6952
4352
6673
5648
4817
5823
4709
3488
7523
3178
2907
6864
6767
1413
5253
9898
1805
8615
1673
8987
7687
8841
5864
8798
8456
5162
3302
4442
5575
1394
8565
9303
7097
2137
7821
7872
6232
9884
9589
6531
7881
9915
9707
5791
3729
5889
2497
2277
5390
7263
1221
2257
8758
1038
6687
9216
2448
3328
6120
3880
1449
7960
8570
1676
7495
8314
5985
2552
2333
2982
4975
5426
2692
8544
8856
8986
4865
5777
5797
6456
7574
9483
6701
5920
1857
1622
8979
2932
4428
8448
3029
3275
6219
5051
9420
1181
1591
1672
1244
9992
9408
9424
9172
5055
3137
5489
9176
9402
9420
8595
5789
2544
4320
4018
7252
7113
3588
3188
3893
7008
2993
5915
2939
3208
4874
5772
5754
3228
3496
1128
5341
4297
5319
9243
9479
7307
7597
3304
4924
1489
1348
9967
6964
1671
6876
3784
7227
2222
3535
9656
4658
9457
1765
9494
8958
1556
9858
4242
4222
7460
5060
1606
1276
8979
1438
1973
6688
6976
5177
8331
1338
7220
2906
8767
5588
6899
1549
9562
3053
9068
2953
3058
1496
3949
5991
8709
4649
9099
7417
2201
1551
1111
4444
7677
8835
9747
8676
1574
6776
7873
4248
2528
4178
5040
4306
8155
8395
8389
7868
4678
8586
4754
5816
9566
9493
8321
2063
9885
7775
3358
5894
9767
1012
9796
7858
6060
8575
5783
7657
9729
7955
1553
8580
8208
2050
1739
6467
7515
2918
3418
8093
7877
6554
7474
4403
9786
5666
7898
2503
3613
8454
5499
7456
4874
3724
6794
8949
6107
8454
2912
8945
9899
4588
1909
4953
1614
8770
9826
9884
8824
7946
8555
6859
1257
4419
8502
3919
6072
9658
4244
8712
7722
8716
7685
2719
8849
1735
8891
8667
9976
9669
1304
3376
3024
4545
1624
1740
8792
5636
1811
4965
6317
3302
8180
8657
5484
9233
3104
9440
3785
9767
9957
8764
4635
5966
2592
4444
5115
1441
7866
1363
6975
5678
6658
7846
5894
9449
6844
8576
8694
2370
3380
6031
9554
3007
5778
9856
5204
4066
4398
4826
8250
4105
6344
4330
5194
1010
7312
1298
6189
9662
2149
5498
9788
8986
3541
8868
6647
2505
7698
9866
3418
2918
8093
9635
7811
8957
7244
9418
2154
5547
8968
9313
9219
9217
9521
6677
9657
3343
4632
3834
6812
5648
8666
9512
9854
9776
4959
2859
6499
7655
3799
6802
1866
9964
4867
3879
9165
8964
8567
2244
5984
9367
8944
7716
4974
5593
5801
2649
7366
1189
3151
7205
7436
1683
1266
2958
7743
5930
5649
8654
8733
1667
8835
4684
9796
7869
1131
9163
9419
9626
8984
9850
3333
1661
4895
2054
1790
2435
1989
9022
6129
4674
2762
9986
7598
8736
8777
5441
5018
1562
1023
1578
7258
8037
6967
9555
2783
2332
3663
4183
6233
5161
6188
7877
8758
6905
8165
2977
7012
3538
4656
6642
3859
2807
6471
9929
1723
8958
1143
5083
9993
6651
1575
6796
9004
9564
6875
1344
9672
7578
8988
9882
7725
6318
3132
7122
5838
5200
6925
6113
4751
5084
3474
7837
1056
4169
3058
1833
1239
9435
8135
2139
9275
5788
9006
9467
1064
1160
9230
7887
9694
8138
1001
2662
3113
7150
1738
7491
6171
2497
4840
7885
6498
9889
9875
8889
4940
1023
7258
1578
5935
7596
2403
1780
3120
2064
7477
7444
5690
8193
1151
9493
2067
8481
8339
7933
6759
7855
8023
9433
8379
2138
7677
8558
8872
6645
8734
1303
8671
3025
8485
1911
8787
4138
2528
7673
1106
9152
2144
2753
3253
9268
4867
4665
9849
4956
8989
9874
4592
7952
4817
9509
8547
5568
4979
3469
8552
8446
7999
5227
8052
5079
3259
8686
8944
4470
6497
7677
9820
6766
9574
6297
4626
5652
4736
9767
8688
1976
8737
8957
9657
9268
3253
2753
7873
2528
4248
4592
4817
7952
7974
2327
2227
9797
6600
5867
3949
1496
3058
3254
8627
4142
7846
5976
7704
9068
3053
2953
9794
6734
4774
5648
4352
6673
6079
2039
9672
9667
9895
8135
8219
1177
9239
1564
9754
1686
1681
9893
9617
7849
8569
1803
8845
6150
7777
8289
8111
8529
2944
8740
7680
5530
2712
5752
2066
4600
5601
9139
9299
1375
4268
9163
1738
7097
2407
1097
9824
9808
6834
6677
8225
9958
5128
8969
6464
4169
3058
1056
1636
4359
7252
3860
2540
1181
9045
9785
7867
1767
9801
9673
7487
3824
4734
7848
1544
1806
6740
2613
6365
7958
8826
9628
5636
4965
1811
2022
9489
2422
7624
9816
8792
1859
1487
8785
1149
2179
8371
8627
4142
3254
7492
1737
4929
9639
1657
9869
3333
4895
1661
1630
8786
9794
6505
3129
5195
3991
9798
9867
3988
6972
9657
1367
3077
9844
6723
5598
6502
7763
8627
9939
4708
4528
4818
5857
3509
5839
9998
1967
6778
2426
6862
3943
9874
6342
8694
8754
7295
6574
8703
5756
9496
8919
1609
7741
2278
9402
9162
9416
7130
2234
9388
1928
7416
7855
9879
4327
8193
1173
9217
1770
1255
1146
4796
3455
9584
2579
4847
2358
8566
8985
5574
9674
5654
9316
6219
7369
1176
1857
6701
5920
8961
7551
2721
5866
7959
3198
4696
3048
6753
8043
9787
9801
6746
6075
2813
2412
2629
9252
9998
1414
3916
2382
8260
8130
6355
4177
5041
8854
3583
8774
8535
5619
4543
8578
6948
4154
2378
2806
8858
9959
8784
5007
6696
8788
2901
6826
5495
2953
1548
8984
7832
1281
8319
9217
2378
8858
2806
3080
5402
5114
2007
2877
1347
1737
6912
6544
8445
1155
8115
1578
7258
1023
4499
3278
2167
4004
6897
1991
3108
3008
9813
2245
9023
8417
1398
9611
6885
9258
7334
4992
9658
2908
4946
7392
1236
2256
3168
1276
4609
7803
1536
2798
8410
9274
1096
2573
4093
8128
4696
6753
3048
4775
9975
8549
1763
8338
4793
8276
1724
1525
2184
1194
9208
5589
6772
8675
5419
3230
5606
1418
1804
8874
3496
3228
1128
5362
4895
8307
8159
7884
8457
5180
6090
5462
9899
5654
3393
8966
8574
4656
2208
9232
1280
8148
9442
9408
1623
6841
9675
1168
7328
9076
1554
9657
7004
1424
9211
7907
7018
7547
7897
1285
3489
6712
7667
7665
1970
6744
9984
8769
8143
1233
1205
2244
8402
8386
5777
9948
4685
1132
7114
2120
1685
9601
1665
8856
5599
8896
8919
2745
7773
8857
7588
8778
6747
1493
1579
5209
3115
6487
8946
7576
3174
8132
9060
9580
9950
5092
7303
1681
4463
4850
6731
9947
1495
2146
6996
6556
5521
3089
6165
5755
9265
9989
1363
6975
7866
4152
5324
5080
5004
6767
8674
6120
1449
3880
7644
8774
8762
9874
7664
9746
6205
7496
7464
2994
9527
5014
4440
2891
2613
4873
5767
5659
3504
6497
4614
9364
2320
9232
8520
7101
8165
6415
6954
6599
1826
4169
4059
9948
7751
5776
4070
8456
4682
6338
4292
3922
8877
4836
7654
6786
7220
4074
1837
9064
3157
5865
3655
4795
3335
8787
8747
8588
8219
5688
7769
8984
1026
4627
4625
5745
7929
7649
7446
7067
3734
5154
1441
2222
2112
7328
1010
2873
2882
6116
1111
2102
4787
4622
6920
5675
8576
6992
8634
8484
9589
9855
1565
8368
3753
3243
9746
9888
8946
8391
8529
1098
4249
6962
4749
8464
7756
6538
4353
8328
3139
3864
1779
8605
1753
7245
7696
3394
4614
9527
5984
2244
9367
3469
8552
4979
2281
8395
1079
5952
4292
4304
4704
5536
6901
7946
1416
8858
9844
8997
4337
1086
1796
9815
1712
6914
1664
8597
7911
5675
8846
3370
6658
1446
5561
5550
1128
3496
3228
9263
4778
1338
1244
1672
9992
9851
7979
1417
8664
8778
7900
5988
7778
4775
2054
2435
1790
6502
5598
6723
2022
7226
1354
2827
4544
9856
4385
7878
8846
3028
5860
6861
3248
9625
5236
6151
4219
4267
1490
7890
8770
5997
7485
7500
1050
2202
1034
2993
7008
3893
7881
1231
9932
4274
4174
9057
4965
1811
5636
2372
2375
6036
3880
6120
1449
5638
8934
9320
9996
3091
5788
2569
7432
6099
7898
9818
1610
4662
5973
3541
8276
1525
1724
8444
6986
4707
9415
1225
2027
1790
2054
2435
1496
3949
3058
9088
1236
6081
7467
7379
6488
9784
7757
5846
8947
7778
2056
8477
6674
2324
8077
8957
9687
7448
8656
9908
8758
8949
7496
5119
4369
5155
8647
6578
2618
6793
9474
9474
5231
8844
7574
5026
9905
7375
4549
3920
1928
7744
7567
4174
9867
9769
7927
1321
8203
9223
4622
4787
2102
1146
1255
1770
6857
4185
9457
6626
5682
9015
4664
9646
5107
8589
8857
9975
7849
2249
6955
9294
4598
9678
7566
7874
4898
9989
4764
4635
6502
6723
5598
7879
8669
2633
5909
7722
2979
4169
9919
5711
8858
7732
8687
9896
3041
8659
9556
4758
3974
2009
9987
5655
1555
1699
6899
6490
1920
8212
6567
9097
8497
4899
4099
9942
4885
5116
2001
2236
6096
4245
4929
7492
1737
8975
6649
6403
3230
5606
5419
6544
1737
6912
2102
4622
4787
9976
7964
3417
8656
6544
6639
9883
6553
9881
7686
9872
8848
5431
2143
9431
8227
9619
2035
8627
8019
8801
1156
7296
9362
9776
2201
8764
9884
2502
6676
4553
5849
5851
8598
1404
7556
5481
4920
2857
2953
3053
8858
7685
6467
6510
1358
9547
6784
1010
2873
7328
8797
8457
8475
6285
2843
8725
8459
9597
5544
9283
2129
1347
1708
1800
6794
2953
8858
3053
5121
9943
8191
4169
2387
2497
9896
8579
1211
3406
6478
9956
1930
8492
8328
3058
3949
3058
1621
7729
9695
8987
7794
4947
9644
9883
5647
1790
2435
2054
1010
7328
2873
4099
9942
4899
3234
8340
8064
5145
3099
5355
6024
5260
3370
8380
5306
8286
9213
7577
7467
3773
4004
1001
4115
3893
5886
1266
7512
4509
2125
8957
7547
8987
9955
8940
3137
5329
5221
8958
5083
1143
2403
7596
5935
7844
7584
1063
8399
9189
2241
1143
5083
8958
4867
6673
3745
8280
9564
2008
7667
2425
8998
4194
5056
4292
9869
2251
8865
8477
5775
7282
8368
3243
3753
1279
1201
9349
9177
4864
3144
9252
2629
2412
5789
7660
4732
7392
4160
4160
4866
9266
6289
3610
4746
4876
6539
1689
8712
4430
5186
4036
4334
2673
2552
1251
9153
2115
9022
7762
2626
1738
6856
1628
6850
1602
9696
6549
8856
4208
5968
1859
9547
2638
4358
8063
9985
5317
7697
8837
2833
4125
9885
6809
9767
2935
8459
7976
2419
9802
6359
7788
3013
3323
8668
1271
5648
5011
3231
6417
7843
2609
4607
3853
3143
9278
9847
8573
8984
9287
9419
9321
3202
6440
7904
6986
4550
3658
3619
4829
8092
9569
8143
7994
1521
7825
1807
3739
3263
5675
4193
8884
9857
2994
5014
9527
4541
1413
8331
8575
8857
8609
8977
8661
9798
9857
8884
8270
1737
6544
6912
9320
1802
9857
7995
6888
3107
4809
3603
9303
2923
1081
8588
2332
5335
1892
4545
3024
3376
2390
9059
1966
5855
3653
5697
7258
1023
1578
1808
6970
7971
5181
1253
3703
3694
5304
8427
7065
1383
8286
8847
1126
7885
3553
4444
2222
9668
8455
5967
1787
1435
1685
9775
3141
9889
2188
6931
6700
6129
1989
9022
8413
6977
9458
6746
2813
6075
1016
9185
1316
6221
1446
4890
7607
1450
2850
1812
9842
6816
7842
4069
1156
5469
8884
2576
4230
5314
7059
5762
5890
4484
7142
9955
7785
8137
1115
1079
5327
9691
1491
9440
3104
3785
3128
7473
1756
6116
2002
3883
8015
9445
2241
5112
9988
8677
6464
8454
5274
1159
1163
1161
3330
7675
8697
9964
2357
9589
9561
3421
7624
1667
8707
7839
2058
9366
7162
9057
4274
4174
8478
9348
9218
2331
7163
1177
9470
8344
2200
5714
4546
3810
6760
4552
4938
8496
1888
6459
2472
1862
9849
5038
9455
9989
5858
9656
9815
8409
6674
8967
9537
1135
8257
9584
5996
7284
8954
1446
9866
1763
4793
8338
4840
2277
2277
6866
3760
4450
9865
6989
4698
7236
5795
2543
1689
7687
9851
8511
5228
1060
9291
7385
1113
8034
4465
5329
9997
8467
7581
1837
2685
3824
8858
5587
7582
2958
7743
1266
2109
9299
8131
9456
8754
8896
7644
7998
5854
3048
4696
6753
3812
6748
6766
7754
5749
4010
9212
8330
1320
4793
1763
8338
5749
1437
9646
9757
7650
4775
9969
6776
3847
9307
1115
9159
2858
3632
2294
3859
4259
8662
6074
8428
3887
9887
7699
1811
8883
8964
9779
1233
8384
1053
9597
7872
4747
8236
8310
1162
3302
4442
5162
7757
5226
9894
5850
5462
2780
1480
7768
1870
4444
2222
3553
3720
9004
3548
6970
7971
1808
4204
2589
3271
3898
4312
6346
2257
9411
6975
2570
8714
7832
5966
2592
4635
8512
1157
5729
3269
9052
5289
8976
2441
8676
3919
8502
4419
8564
7996
4584
1377
8072
4849
2738
4140
2668
9559
6994
4281
5920
3706
3699
2913
5715
5567
3386
8974
8777
4614
8307
3504
8679
6215
7564
2112
1441
1221
5267
5265
3075
6149
5275
4219
3333
5665
2783
5860
6861
3028
9967
9795
8771
8408
8280
2264
9168
2144
8244
6054
8794
1326
4399
6958
8631
2192
8066
1156
7268
6800
2682
1343
9558
4883
9869
9731
8835
5557
1155
8457
8975
2042
4391
6354
4274
3934
4860
5700
5140
4499
2167
3278
5754
1636
9786
7677
9288
7667
3629
9787
8987
7554
9994
1575
4152
3230
8252
6766
9868
1180
3113
4444
1001
1801
4084
6317
4358
2638
8063
7120
1074
1236
1288
3068
5768
7461
6595
2143
9783
9833
1613
5448
4118
8966
7738
1884
1608
8766
3537
9889
1036
8330
1146
9264
3770
5282
8898
6966
9454
9988
5315
7678
2222
8146
8420
3785
9440
3104
8595
7887
4126
2381
1022
4406
4735
2932
6066
1188
8302
1298
6347
4299
5081
3304
4924
7597
7706
2568
8840
9252
2412
2629
8758
2015
5568
3302
7564
6459
9981
7699
9747
1528
8031
6810
9847
9897
8381
9299
1251
8239
5699
5731
3901
4420
5186
5202
6295
4969
5405
1747
8911
1745
6988
9668
7051
9572
2000
9296
6979
8086
9557
7654
8449
7288
1632
8784
1730
1114
2252
1112
1001
3113
2662
2435
2054
1790
5795
2543
7236
3143
3853
9278
7883
9659
1609
8033
2568
3878
2540
1181
3860
7947
2336
2936
1754
9818
6742
2064
3120
1780
8658
5812
7796
4558
6344
9758
9848
8734
8728
6589
5587
9747
1578
1023
7258
8584
2436
5566
3694
8427
5304
7840
8960
8704
3223
2112
3773
8508
9746
7878
3278
4499
1276
4422
9685
9627
6645
6755
3691
1841
5985
7677
7122
4189
4589
7343
2858
3258
8027
9086
9720
7967
8721
8849
9813
3008
3108
5015
3653
5686
1753
9945
9645
4835
6867
4685
7946
8572
8872
2114
1106
7124
8854
6749
9805
9278
3853
3143
8274
1986
9296
8052
3259
5079
9360
9433
4492
9674
7856
2556
8847
7774
5287
8556
4413
6949
4677
9985
7827
6846
7278
8586
6281
4999
3321
6587
4114
4114
6290
2642
2303
6286
4242
5378
9656
7858
5119
2244
7394
9170
7476
6646
7275
4829
3619
8092
4939
9502
3729
7248
2272
1078
3278
4730
3388
9608
1704
8830
2893
1605
9742
8594
9368
8956
3120
2064
1780
3634
5966
4708
2002
3773
5005
3313
5141
6303
8082
2178
8356
7656
9957
4685
9400
9434
9176
7721
9863
9979
9992
1244
1672
3296
6212
5314
3240
1421
7576
3893
2993
7008
8858
2378
2806
9073
8339
8339
5441
5187
4051
8842
9628
9878
3221
9998
5758
4169
1056
3058
3309
4919
9012
4609
1276
3168
7005
8105
1357
8498
8320
1152
1611
7875
7465
9308
1062
9178
9641
7771
9815
2178
1186
8468
3259
5079
8052
1619
6851
9795
8986
1564
8806
6391
3388
2277
4027
9897
8848
6804
5713
9738
6869
4785
3535
9758
2670
8687
7690
1800
9864
5469
6227
4035
8689
5486
8152
3856
6678
3637
3328
2448
9216
1611
8649
1895
5428
4816
5858
1738
9163
4268
3243
3513
5803
9289
1129
7241
3571
6045
5651
5598
6723
6502