4770				
3432				
5506				
9699				
8265				
4154				
415				
5267				
1814				
1923				
6987				
5149				
1159				
1994				
5034				
4798				
5598				
3867				
832				
4947				
3820				
2814				
7003				
4659				
6258				
5440				
11				
6572				
4232				
4889				
6348				
9211				
2824				
4808				
3430				
9817				
5296				
5679				
2165				
566				
7258				
4532				
4275				
2958				
9825				
3156				
5302				
697				
8422				
6666				
6616				
9583				
935				
4081				
9561				
4704				
1369				
6646				
1710				
6588				
2767				
4220				
7169				
2735				
8169				
4942				
3047				
7316				
3183				
6330				
199				
3172				
5531				
4060				
3327				
7830				
2211				
9311				
9042				
9711				
6062				
2942				
2108				
5210				
8351				
2807				
6902				
4940				
3631				
5903				
6515				
5650				
8083				
8999				
6858				
3335				
2935				
8263				
9848				
5499				
3269				
817				
4695				
98				
3245				
2486				
1435				
7070				
4726				
721				
9915				
1549				
3017				
701				
8536				
6523				
7980				
7516				
522				
937				
1437				
2405				
9224				
1001				
3765				
3602				
4213				
9158				
2622				
8469				
6552				
7761				
6449				
6419				
4914				
1041				
2694				
9538				
2976				
7234				
9603				
1942				
2048				
932				
5022				
802				
5055				
9732				
5862				
3163				
3964				
6095				
4006				
4681				
2289				
7335				
1778				
389				
1886				
3271				
7184				
4020				
5736				
9859				
9133				
9820				
9746				
4116				
8674				
3228				
4454				
3230				
843				
5085				
1355				
8933				
3238				
8416				
4918				
5597				
2501				
3080				
3994				
1282				
1956				
2813				
5238				
3911				
1623				
624				
7951				
6832				
4159				
7468				
8981				
6163				
2583				
9206				
5033				
2169				
2646				
9074				
652				
3684				
5793				
225				
9129				
8290				
3591				
9948				
5054				
4102				
3639				
1018				
5652				
338				
3336				
2290				
3409				
4870				
4160				
8415				
6900				
710				
5960				
7179				
7073				
7299				
1146				
1703				
7403				
150				
2331				
2340				
3291				
1891				
9403				
8788				
8822				
747				
1660				
2594				
9182				
2235				
5392				
2620				
9431				
2855				
3081				
6078				
7719				
9730				
5512				
3545				
8807				
2359				
4522				
8967				
4771				
5644				
9397				
6522				
5734				
9122				
232				
9651				
3074				
7526				
430				
6640				
4317				
7677				
5045				
4652				
7888				
7340				
921				
8789				
9225				
2795				
9033				
5887				
3156				
185				
8402				
7875				
7266				
9794				
1342				
2566				
6205				
8641				
6395				
1998				
2677				
1066				
5612				
1853				
5321				
8487				
7835				
8857				
2755				
764				
7143				
5299				
6127				
5748				
7765				
2302				
2373				
2578				
2942				
850				
8761				
5734				
586				
4760				
7664				
5131				
6123				
4551				
4293				
1829				
3933				
3050				
7435				
6794				
6316				
2445				
9387				
3892				
2059				
8564				
1957				
6263				
2360				
4031				
312				
367				
5023				
182				
2081				
3512				
1461				
6846				
1812				
160				
208				
4570				
81				
3054				
2408				
6369				
5936				
8823				
5144				
2553				
1436				
9574				
548				
4367				
7301				
9667				
7947				
6566				
1389				
6925				
812				
7533				
3879				
3984				
2769				
1314				
6098				
4664				
4841				
5684				
5282				
1485				
3455				
7484				
7962				
5403				
1555				
9964				
7110				
6836				
9773				
875				
2336				
5642				
9816				
3577				
9627				
4361				
9632				
2124				
6510				
8929				
1228				
6412				
2318				
6887				
3749				
1800				
9059				
8833				
9818				
6948				
8967				
1928				
4574				
4195				
9047				
3957				
7480				
3102				
3139				
9547				
17				
2829				
3226				
5007				
9185				
3806				
6662				
6093				
612				
8345				
107				
2552				
5718				
495				
313				
6463				
9091				
4062				
7898				
7403				
1927				
4520				
78				
7154				
8405				
4621				
3889				
9125				
1648				
7006				
2817				
5717				
9104				
2541				
4395				
3983				
2601				
4706				
9619				
4021				
9060				
7999				
955				
9441				
272				
1470				
9363				
5326				
8464				
3219				
9928				
5421				
1513				
2142				
7451				
1664				
1990				
9347				
5563				
3037				
5201				
6881				
3794				
7269				
1592				
8751				
2235				
6019				
114				
9996				
2358				
9908				
1600				
91				
2539				
2443				
54				
3716				
5377				
8948				
8282				
9542				
4462				
5312				
1785				
2623				
9317				
4648				
1128				
9521				
1159				
7923				
2507				
7019				
4750				
9926				
955				
2349				
5179				
6058				
4543				
3384				
6426				
9625				
2073				
3570				
4519				
8016				
1041				
1462				
203				
1746				
2227				
5121				
6045				
262				
298				
4288				
4786				
145				
9450				
9189				
3032				
4974				
5121				
5108				
9605				
3716				
6846				
7093				
2910				
9756				
7709				
637				
8901				
8642				
9943				
7836				
269				
7304				
8889				
3731				
1942				
559				
9387				
2835				
2081				
4021				
2984				
8616				
8415				
6991				
4952				
615				
8112				
9904				
4978				
4213				
9052				
7853				
4636				
9793				
4332				
7682				
4619				
9703				
1526				
3097				
2437				
7517				
3057				
4273				
7240				
3462				
8221				
9549				
8047				
9172				
9724				
9686				
6891				
3612				
5320				
4207				
6671				
9486				
6712				
5128				
6925				
9844				
6357				
9342				
6285				
2628				
5246				
3028				
7911				
4091				
9583				
4877				
5786				
5089				
403				
9890				
1269				
542				
4579				
5081				
4628				
1634				
848				
5927				
3005				
7400				
5697				
3086				
6709				
2597				
9527				
188				
1567				
7042				
6036				
6091				
5955				
6289				
5255				
7326				
6310				
8375				
9294				
2628				
4040				
5543				
2938				
8609				
4178				
7218				
1740				
8371				
1791				
1887				
207				
526				
9895				
3100				
3340				
9934				
8452				
9500				
17				
4075				
3161				
3781				
9385				
6354				
7406				
3577				
7014				
1305				
9258				
2453				
2896				
9944				
5590				
6375				
9189				
1303				
5405				
1460				
3652				
6932				
7705				
1091				
3934				
3839				
9274				
8263				
9726				
62				
6932				
7578				
6658				
4718				
9754				
6468				
4979				
5814				
4400				
2844				
5913				
7741				
7919				
8256				
7321				
2384				
9720				
5469				
4934				
1835				
888				
1943				
2717				
2051				
5848				
3539				
1718				
4379				
7510				
6296				
5061				
1361				
7852				
5375				
9208				
9189				
3794				
6985				
3026				
6675				
1698				
8838				
3530				
5564				
7708				
6365				
3550				
1259				
8730				
5622				
9464				
9572				
1838				
8792				
9802				
4802				
5585				
1266				
7538				
4371				
7173				
1069				
3340				
9374				
952				
7387				
2038				
7764				
7627				
8965				
918				
9759				
7609				
5159				
1635				
1783				
2088				
7380				
6184				
6515				
4634				
4235				
5198				
9471				
6039				
5522				
4369				
7192				
106				
656				
8808				
9573				
8055				
8557				
5113				
2116				
52				
1886				
4554				
6696				
5539				
9815				
1168				
9942				
5271				
4965				
3366				
9059				
5210				
911				
6220				
2880				
3657				
351				
9064				
9460				
9071				
6120				
1187				
3403				
504				
7712				
9484				
5137				
9773				
3807				
2414				
1098				
9400				
7927				
6839				
8123				
9341				
8051				
2167				
4766				
1746				
5408				
9402				
8061				
1428				
1678				
986				
3611				
195				
6744				
543				
9530				
1917				
6437				
7160				
7935				
3083				
7030				
8983				
7346				
5669				
1740				
238				
5132				
283				
1627				
6534				
9740				
3170				
6526				
66				
3229				
4872				
2485				
1534				
8986				
2960				
8210				
6909				
569				
2251				
1822				
1636				
6693				
438				
4032				
6367				
1606				
9583				
1579				
7274				
4315				
1437				
9420				
2504				
6369				
2193				
5487				
227				
7392				
3415				
6041				
6846				
2797				
1739				
8314				
5146				
7116				
3199				
1401				
8054				
7827				
558				
2				
594				
6732				
8545				
2142				
2405				
7827				
6409				
969				
2841				
2949				
9176				
1745				
7259				
4929				
2393				
1563				
5136				
8543				
2984				
5214				
7706				
8842				
8331				
640				
4588				
6347				
8944				
6090				
3137				
33				
4777				
5239				
801				
3223				
3392				
1257				
4048				
3461				
7912				
1042				
8411				
8519				
401				
6474				
37				
339				
5911				
9405				
1509				
9225				
6527				
548				
9715				
3262				
2786				
7571				
2561				
8133				
4685				
3863				
5144				
2323				
5911				
7270				
9388				
2664				
8489				
168				
2068				
4972				
6712				
8273				
4429				
4536				
9738				
7653				
8587				
4821				
9814				
4262				
3471				
7061				
7381				
7483				
6033				
5803				
6302				
3733				
7917				
8649				
5981				
495				
7143				
7555				
6372				
7175				
246				
5047				
4336				
8851				
5469				
5888				
1981				
2040				
3318				
1510				
4661				
8201				
3387				
1701				
3687				
2829				
8991				
8452				
4335				
9989				
6308				
7779				
3115				
2864				
3320				
1980				
5211				
8014				
7150				
5043				
9860				
2744				
5612				
8949				
1133				
9151				
6292				
8110				
9445				
6760				
7486				
3476				
1440				
5193				
2330				
3124				
8105				
1363				
7962				
6883				
5148				
4415				
7719				
68				
5110				
4485				
8689				
8105				
8466				
6815				
2142				
1806				
8674				
9107				
8589				
6071				
5808				
845				
2167				
195				
8525				
4026				
9743				
8485				
8302				
6900				
7995				
2361				
8272				
2104				
5688				
885				
2704				
1209				
7466				
3588				
8409				
9018				
3778				
8137				
620				
3052				
7068				
7225				
8300				
8315				
1783				
9316				
8183				
8006				
1879				
5927				
2830				
3222				
9297				
309				
1863				
3077				
7590				
348				
1528				
1526				
4022				
9536				
328				
2628				
4037				
8066				
3249				
7738				
7666				
6101				
7955				
7917				
4745				
1463				
7751				
3666				
205				
4811				
5056				
9121				
563				
5583				
3963				
8302				
1748				
1481				
9844				
4906				
1193				
6227				
755				
8154				
6658				
3834				
1027				
2670				
2406				
860				
8126				
4423				
4135				
7237				
8307				
3220				
6201				
4099				
4379				
6064				
8754				
229				
2548				
5793				
6822				
9330				
6497				
7465				
942				
4138				
7884				
3230				
174				
285				
7153				
593				
874				
9002				
2363				
3892				
9222				
3145				
7483				
3094				
8824				
5519				
6381				
3896				
9467				
2506				
6173				
50				
2369				
6181				
6081				
5753				
3038				
9076				
2041				
6998				
2017				
5815				
6817				
6800				
1641				
671				
9656				
3018				
9741				
8430				
4294				
2148				
2164				
9098				
6910				
3907				
4352				
5439				
2383				
813				
5230				
5517				
5567				
9751				
9528				
1163				
3047				
7869				
5192				
449				
5185				
8622				
4336				
6245				
894				
4190				
8458				
781				
1418				
753				
3715				
7097				
818				
296				
4844				
9713				
6509				
3455				
6190				
1312				
739				
6111				
5286				
416				
7358				
6923				
3446				
3411				
2915				
1261				
6262				
2166				
5069				
16				
8629				
7847				
4483				
7133				
2399				
6901				
7300				
435				
1843				
5412				
9196				
1507				
2338				
5240				
3450				
9780				
20				
7088				
7681				
4790				
4193				
4192				
426				
2863				
144				
7089				
8092				
2783				
203				
2801				
264				
3270				
3885				
9731				
8955				
2981				
2122				
4539				
4980				
5690				
1841				
2423				
3610				
6387				
1044				
8918				
4808				
7462				
5333				
6190				
7535				
71				
6946				
5110				
6383				
7821				
7721				
2355				
9924				
9994				
1745				
8341				
9298				
6166				
7163				
5939				
3206				
5680				
6715				
6035				
2606				
1027				
4947				
7827				
4184				
2049				
2444				
4845				
8851				
5130				
3116				
7861				
4257				
2042				
9182				
3501				
8274				
736				
2978				
7100				
5229				
522				
9195				
9256				
9532				
6315				
5277				
3911				
6311				
1785				
7406				
7907				
8890				
8384				
2502				
1146				
5799				
5207				
1573				
5400				
9292				
3051				
3665				
8787				
452				
3764				
728				
2106				
5102				
9227				
9273				
5288				
8238				
1006				
5369				
9320				
5466				
3506				
1780				
8820				
7805				
9116				
2606				
4780				
5955				
3091				
8067				
9139				
1025				
3653				
6558				
2330				
779				
6972				
5858				
9924				
5232				
6684				
5978				
1582				
438				
1935				
2010				
1271				
3119				
5838				
2567				
9862				
8132				
3131				
1490				
6588				
7500				
1365				
256				
7218				
7710				
438				
9066				
9707				
6481				
1131				
4313				
8751				
3351				
1491				
153				
2421				
9285				
9146				
9771				
736				
6531				
6997				
8510				
435				
4138				
242				
3689				
7056				
4200				
7647				
3532				
8572				
3973				
8504				
773				
6926				
4674				
1698				
7854				
8480				
6304				
5342				
3638				
1352				
3591				
5752				
2203				
4932				
9773				
1915				
8353				
8661				
7976				
9381				
5898				
1824				
8453				
1643				
8913				
3560				
4611				
1356				
8407				
1653				
9824				
8095				
3534				
8319				
6006				
6994				
4818				
8709				
4104				
5653				
8588				
7217				
8955				
6454				
2532				
9185				
2608				
1488				
1947				
1037				
3408				
983				
1950				
4103				
4186				
3404				
251				
6983				
282				
1233				
9662				
2339				
4677				
8908				
5385				
9106				
1972				
9627				
5017				
7019				
1866				
4992				
1206				
5026				
6449				
2090				
4885				
7552				
4205				
8306				
7513				
1347				
4640				
7743				
4955				
4809				
9781				
7282				
721				
1997				
9791				
1806				
3274				
7894				
2263				
5498				
5917				
101				
7264				
2902				
7646				
8265				
6545				
6446				
3254				
5340				
5298				
6499				
1390				
9798				
7016				
8793				
980				
2951				
3598				
8380				
7920				
3233				
7376				
9203				
1812				
9870				
653				
7767				
6046				
8749				
1214				
5317				
5120				
2299				
736				
3887				
1770				
2877				
5301				
8434				
5387				
6480				
7217				
584				
2133				
8988				
3736				
3674				
7794				
4860				
5547				
8089				
4512				
7336				
3725				
2804				
9745				
203				
155				
3825				
9570				
8233				
5949				
9040				
7096				
7275				
8881				
2500				
7707				
6105				
6218				
7059				
4912				
3668				
1684				
1511				
1055				
9367				
8299				
1328				
1890				
9575				
8272				
9359				
9686				
3844				
9433				
3459				
4106				
5934				
5388				
8274				
9743				
8850				
5061				
5045				
7985				
1394				
9867				
7715				
5795				
6605				
7217				
2219				
945				
5169				
1109				
3754				
2313				
7723				
4477				
193				
4164				
4823				
4711				
660				
9019				
2900				
9348				
23				
1363				
2353				
8840				
1587				
5674				
9956				
4821				
4638				
7110				
9434				
6239				
8709				
8253				
8581				
6838				
2414				
6891				
8658				
619				
1334				
4842				
5048				
6117				
584				
4571				
843				
8002				
7042				
3367				
7609				
1074				
3265				
4627				
9553				
4509				
1949				
5711				
4747				
3263				
1796				
1991				
4117				
133				
3574				
1888				
5829				
7114				
3132				
7922				
5384				
2540				
5047				
8758				
8039				
1583				
7592				
6473				
190				
6511				
2260				
6910				
7795				
9306				
3511				
7408				
992				
348				
1432				
9352				
915				
3999				
2321				
2534				
1329				
434				
4766				
7392				
2153				
4558				
8626				
999				
2276				
9618				
160				
3812				
8182				
6775				
9407				
7018				
5821				
2445				
5940				
9553				
9424				
5645				
9303				
573				
9118				
7973				
9081				
3243				
6475				
4990				
3344				
765				
9464				
6627				
9535				
4740				
2058				
9535				
9807				
1970				
9681				
5677				
7039				
2828				
3206				
8496				
8856				
3499				
268				
7372				
3804				
7898				
4555				
1011				
4098				
8413				
5662				
7151				
6179				
3239				
2866				
4095				
2687				
3971				
6026				
33				
6161				
4048				
4925				
2718				
2846				
8184				
7840				
3621				
449				
1972				
5627				
6110				
1732				
3841				
4168				
453				
7799				
9231				
619				
4268				
9289				
2990				
6697				
2718				
8764				
7181				
7081				
7824				
1329				
1560				
2062				
6437				
3453				
319				
1101				
5651				
5246				
5965				
1511				
1579				
5505				
401				
8705				
91				
737				
1122				
6630				
381				
5437				
5656				
1836				
122				
4043				
924				
7457				
3723				
7814				
9335				
1158				
1110				
9138				
9753				
279				
2134				
6253				
1637				
6724				
7200				
1159				
6520				
9182				
1031				
8335				
8410				
6020				
8358				
3412				
333				
4528				
2025				
512				
3449				
6970				
7904				
5921				
524				
2533				
9856				
864				
9226				
7353				
9357				
453				
4963				
5552				
3957				
8289				
4372				
9618				
8123				
6850				
5297				
3998				
1435				
5391				
1353				
1839				
5335				
9409				
3719				
7089				
8656				
1135				
6462				
2326				
9411				
7739				
1452				
1040				
9928				
6897				
9344				
2914				
8025				
3623				
9675				
594				
6870				
6300				
8374				
7077				
2763				
9480				
5706				
1560				
9910				
3267				
759				
2085				
2395				
5918				
702				
3755				
8482				
5281				
8199				
2019				
4487				
8516				
9940				
3977				
160				
4707				
5201				
8372				
736				
3739				
1697				
4805				
8412				
7600				
8655				
8496				
4774				
9375				
3478				
1040				
5503				
6365				
2385				
2966				
1419				
3069				
1521				
3006				
680				
1826				
5005				
2825				
3799				
5375				
7880				
1670				
361				
9				
879				
8055				
4419				
8649				
7002				
8366				
4142				
2638				
8917				
6547				
9552				
8330				
6707				
6548				
6736				
5330				
2519				
5282				
4036				
3419				
9906				
688				
6961				
9401				
8388				
5799				
1872				
2050				
1717				
2853				
1920				
3633				
4862				
1000				
7209				
4025				
4806				
2371				
1783				
2268				
7705				
6203				
1333				
8115				
2796				
953				
5420				
5102				
5037				
5763				
8503				
4516				
9267				
6412				
6272				
623				
7945				
2540				
8022				
5207				
7981				
4265				
5524				
7288				
8484				
8903				
4393				
1518				
9925				
8287				
6963				
850				
5490				
2323				
4500				
5398				
2565				
3869				
8195				
861				
2277				
3329				
2656				
4807				
5605				
5887				
3577				
4176				
4056				
2105				
5959				
121				
6616				
261				
8395				
4621				
3074				
7782				
5793				
3065				
6081				
4960				
8591				
1930				
1701				
4541				
7955				
9715				
3241				
7796				
7793				
4382				
2435				
3206				
2331				
717				
6820				
9838				
9775				
2967				
6064				
5490				
8430				
8321				
367				
3740				
4423				
3772				
9823				
4668				
7028				
8833				
7325				
1304				
2546				
6528				
5661				
9245				
2870				
2031				
9336				
6947				
3331				
5950				
9797				
101				
3517				
780				
6934				
6222				
3130				
4791				
4841				
7309				
2600				
4439				
4168				
3527				
2639				
631				
9493				
2486				
7173				
5544				
6198				
5913				
3084				
5437				
1957				
6893				
8782				
1655				
1776				
9767				
4603				
2951				
9776				
7274				
8629				
4553				
3743				
3113				
4509				
5015				
9065				
4865				
6373				
4221				
7473				
5440				
8853				
7111				
5734				
7155				
1523				
9974				
6505				
4955				
2225				
5809				
1646				
7331				
3311				
5939				
4119				
9818				
3572				
3554				
9458				
8003				
4801				
1659				
8064				
8070				
4509				
6797				
8119				
139				
3393				
1236				
7413				
7014				
4459				
6154				
810				
6858				
2482				
3172				
2275				
4622				
549				
141				
3263				
5399				
8507				
1427				
307				
7602				
4166				
4898				
4513				
5411				
8234				
8215				
2883				
5651				
6247				
3778				
3410				
6208				
4711				
2463				
758				
3741				
3674				
3256				
1883				
3458				
4103				
9713				
6011				
1837				
5016				
9810				
1854				
6844				
9708				
9102				
9676				
4561				
6310				
7834				
2918				
9975				
5470				
524				
8718				
2383				
9947				
5561				
4185				
333				
1392				
374				
1729				
3372				
6746				
3711				
54				
6509				
1308				
8781				
645				
5499				
4592				
4325				
2408				
5901				
9628				
734				
5094				
4730				
1593				
728				
5274				
5792				
4558				
647				
6572				
5359				
9857				
8456				
6773				
1105				
6718				
2069				
6208				
8763				
4847				
5098				
9086				
6578				
7791				
5050				
5948				
8348				
7044				
3902				
7057				
7882				
4328				
7646				
4263				
1242				
7692				
2516				
4056				
6737				
9339				
7847				
8797				
3101				
4648				
5780				
8700				
8081				
3497				
6203				
5109				
4278				
7793				
9737				
3480				
39				
7937				
7156				
6815				
939				
6118				
3703				
5409				
9855				
1577				
2516				
5880				
1131				
4641				
6946				
7082				
5910				
2174				
8657				
9772				
6859				
7833				
673				
3108				
1190				
1696				
9024				
5983				
9983				
6624				
9266				
7026				
896				
6202				
4197				
4837				
5393				
11				
2337				
4226				
6847				
4592				
6271				
9815				
7339				
3864				
5873				
4342				
2155				
2722				
1569				
9656				
9884				
2080				
6736				
5269				
5670				
2365				
7636				
7429				
7035				
1158				
9995				
7483				
9460				
488				
9298				
3543				
2616				
8056				
6840				
7141				
5057				
3398				
4543				
1300				
5561				
3474				
6921				
8179				
5512				
1415				
22				
3222				
1247				
8429				
3137				
4697				
1537				
2622				
1146				
480				
4626				
5523				
984				
2781				
7946				
9202				
1641				
5306				
9339				
8857				
4575				
5862				
9666				
9795				
1992				
947				
3869				
5485				
6080				
9845				
2979				
2250				
4586				
4201				
13				
1760				
8779				
672				
348				
1139				
695				
20				
4194				
6461				
981				
6062				
8499				
4233				
1135				
6946				
6968				
9696				
5537				
9395				
1237				
2592				
9288				
809				
5064				
4239				
3653				
9657				
4455				
8697				
1875				
569				
4839				
6855				
5629				
9137				
4692				
84				
6856				
7049				
9608				
2196				
3696				
5912				
5442				
558				
5267				
3107				
672				
1366				
1653				
1735				
3005				
7606				
4611				
9773				
3762				
8737				
6410				
9752				
7785				
9340				
9778				
7434				
423				
3535				
1948				
5861				
4193				
7811				
7360				
9149				
42				
4935				
8129				
2269				
6129				
4577				
6942				
909				
199				
4326				
1877				
5955				
3939				
483				
7074				
4278				
1707				
8486				
8743				
1561				
1974				
7007				
3508				
5948				
7519				
1452				
2952				
6617				
1581				
6021				
8505				
5980				
9946				
8624				
1285				
2165				
7706				
6869				
3245				
489				
9042				
1369				
558				
6806				
5699				
2166				
7963				
6694				
464				
2998				
3260				
9260				
8246				
9158				
9195				
6366				
405				
6735				
9456				
4725				
7615				
9278				
1130				
9307				
272				
576				
4813				
267				
6954				
6507				
3420				
4097				
1623				
6806				
8694				
2369				
3221				
6954				
1658				
3621				
348				
2762				
1692				
1078				
7496				
2718				
8067				
3612				
8735				
167				
4625				
4550				
4391				
4482				
2100				
751				
1928				
2163				
851				
1979				
7901				
3619				
493				
4630				
296				
9112				
9169				
2465				
8090				
2150				
5904				
9850				
9980				
1173				
9090				
2833				
1798				
3375				
7906				
6134				
6902				
5461				
8405				
7424				
3657				
5957				
5263				
1568				
6520				
5478				
1167				
3482				
3475				
1713				
6371				
9957				
8403				
6839				
5307				
7766				
8243				
9355				
813				
2107				
1212				
5683				
1364				
9481				
9709				
1203				
5035				
437				
9288				
2599				
4030				
7017				
6498				
1483				
3044				
5774				
1695				
7573				
5850				
635				
4507				
461				
1267				
2456				
5207				
4033				
6545				
4450				
2006				
4323				
7455				
9042				
9751				
2007				
8592				
1464				
3853				
5343				
5678				
1077				
8310				
2063				
4288				
2634				
6438				
8102				
873				
5261				
9611				
5802				
3963				
300				
5313				
6573				
485				
9644				
8497				
5546				
200				
5789				
9503				
9688				
4696				
5008				
257				
4660				
6844				
2885				
7206				
8069				
8183				
7861				
1286				
2801				
5442				
6944				
2151				
7315				
8365				
3934				
4856				
8143				
2825				
1929				
9441				
1092				
2517				
987				
6143				
5182				
9605				
2191				
1032				
6963				
9513				
9729				
5343				
4				
3781				
7019				
5658				
8124				
7600				
9690				
2769				
4438				
7931				
8651				
1687				
13				
9995				
4496				
9090				
3122				
2564				
3548				
1727				
4293				
133				
5808				
8901				
4182				
9552				
5730				
3587				
4610				
3827				
3328				
9996				
6563				
3388				
7019				
1004				
8960				
5456				
3442				
1351				
9458				
8171				
9225				
4219				
9386				
8866				
3400				
3626				
1554				
9216				
165				
7251				
685				
5765				
8285				
5584				
6833				
5993				
8521				
8810				
2962				
8674				
3472				
2609				
8225				
9803				
3605				
8146				
8629				
6194				
9385				
2038				
5350				
1620				
1427				
8117				
100				
5176				
2143				
8994				
2636				
1754				
1479				
1928				
2510				
2756				
3613				
1413				
172				
4465				
1528				
1342				
9545				
7321				
2137				
5358				
5123				
9656				
7470				
6575				
3005				
890				
565				
4018				
8525				
3283				
7720				
9731				
6416				
1875				
3316				
3619				
5310				
1549				
5722				
9385				
4473				
1805				
1356				
4460				
5425				
623				
332				
7025				
1507				
7564				
22				
7172				
8148				
9229				
7804				
1546				
739				
685				
6817				
2522				
1163				
9535				
24				
5585				
8922				
7952				
6703				
4468				
5434				
136				
7331				
8162				
711				
4212				
2950				
1552				
1368				
5646				
9429				
6960				
9485				
6288				
6968				
9882				
3860				
7778				
2591				
7474				
1706				
6654				
9244				
103				
8487				
1815				
2553				
8007				
5552				
6759				
8814				
2911				
6537				
7753				
7066				
8189				
5979				
2298				
7826				
8645				
4381				
7840				
409				
2792				
4043				
8376				
9230				
6257				
4530				
3300				
590				
8314				
5623				
8146				
3249				
1182				
7800				
1847				
3544				
4818				
9036				
154				
6862				
6711				
5150				
2199				
2421				
3590				
5812				
8014				
7140				
9909				
4576				
4692				
6550				
431				
9972				
6213				
1355				
1374				
6923				
8182				
332				
1379				
4108				
4414				
7697				
7576				
5224				
6771				
2735				
6430				
2040				
455				
4259				
50				
9064				
4807				
255				
1875				
3293				
33				
765				
6193				
6607				
5338				
5258				
1300				
8623				
9207				
789				
778				
2919				
1890				
5575				
1266				
6203				
9487				
7506				
847				
3810				
9068				
1666				
369				
5185				
9823				
9510				
4383				
8649				
2540				
8401				
1921				
8674				
9602				
4910				
8027				
1387				
3558				
2768				
2455				
1153				
576				
8629				
8258				
7871				
2404				
4801				
2905				
8092				
9967				
1241				
3465				
5370				
6433				
2555				
5538				
9469				
2081				
6967				
1100				
5978				
3089				
3003				
7152				
7848				
7159				
9375				
4670				
9573				
8623				
1078				
7870				
7253				
5807				
2864				
7667				
2717				
4852				
3997				
3753				
9344				
2586				
6687				
2887				
1899				
2406				
5744				
3781				
6377				
9449				
6314				
9156				
9272				
8965				
8886				
2142				
6196				
1710				
8242				
2495				
813				
4452				
618				
6652				
4313				
8727				
2459				
8145				
6693				
7578				
2554				
48				
5939				
2809				
9834				
802				
150				
9990				
7485				
1				
7521				
9574				
9503				
9375				
5032				
5164				
845				
8387				
2416				
4589				
5780				
1175				
6610				
5131				
3789				
9905				
3510				
6316				
1457				
3205				
6103				
5041				
295				
7338				
1883				
3436				
7350				
3824				
3812				
1661				
7756				
1453				
6140				
9177				
1966				
443				
60				
4221				
8341				
9011				
8246				
4435				
3930				
1772				
2188				
2525				
2973				
9994				
6151				
8696				
1966				
2656				
1230				
1510				
4106				
8566				
8121				
5306				
3245				
9823				
7963				
9435				
4181				
7803				
2126				
7123				
1204				
4007				
5868				
1610				
3899				
289				
9822				
5361				
6971				
7811				
854				
3861				
9979				
9534				
786				
3931				
7946				
7028				
6659				
611				
1098				
1278				
4931				
2582				
2012				
949				
4203				
3292				
2813				
5812				
1002				
4401				
1876				
4026				
2807				
2721				
4843				
4751				
4044				
6068				
2275				
6227				
7269				
2369				
9516				
3565				
3898				
7432				
4298				
9968				
2839				
4679				
9272				
2994				
6085				
7628				
2349				
4231				
8656				
8823				
7795				
4147				
4091				
4391				
8762				
9926				
7321				
8306				
3656				
3238				
4489				
1215				
3136				
2080				
2610				
4981				
14				
3550				
4626				
5528				
8743				
685				
2315				
2741				
8241				
4323				
9240				
3407				
6737				
2387				
1910				
3188				
814				
8477				
5580				
1226				
6412				
8208				
3910				
6982				
920				
3942				
9270				
5448				
8215				
9173				
9812				
3401				
2975				
2782				
3503				
9605				
7014				
2018				
5992				
5651				
6114				
6756				
1708				
7262				
2854				
7237				
4586				
1350				
7032				
1348				
1371				
8487				
7418				
5652				
4105				
1036				
6499				
5609				
922				
9053				
2225				
1347				
9627				
4038				
3724				
3835				
3943				
3820				
3125				
7298				
646				
3014				
9839				
5811				
673				
1696				
1935				
9979				
4652				
389				
6472				
1415				
9624				
4984				
4684				
3293				
5754				
9739				
4689				
9274				
2297				
7873				
7312				
294				
3890				
9209				
6067				
595				
7580				
4165				
1806				
6618				
4634				
5379				
2109				
9577				
8085				
3352				
2653				
5188				
7015				
182				
5578				
7062				
7173				
9374				
9169				
7555				
995				
134				
2134				
9316				
1211				
143				
3668				
7885				
3938				
9743				
2279				
5774				
7546				
1459				
3935				
9267				
3857				
2257				
880				
8189				
7874				
3811				
2423				
7694				
6858				
7033				
859				
6459				
9623				
2606				
2409				
9185				
2303				
4600				
8677				
7800				
5171				
2628				
5575				
9876				
7840				
4856				
4272				
2087				
7753				
6780				
5157				
8860				
5984				
4202				
9165				
2669				
6051				
4646				
7245				
260				
4854				
48				
4628				
2681				
6128				
6781				
1847				
5479				
6377				
5384				
5815				
8424				
6774				
7342				
2833				
5297				
1605				
4377				
213				
3350				
4333				
6899				
7858				
7866				
6424				
4001				
2551				
9601				
1374				
6239				
8175				
2679				
2480				
2212				
1312				
8897				
6148				
1590				
716				
3457				
775				
4695				
3750				
2748				
8195				
7282				
9846				
2976				
9654				
2429				
9482				
2645				
3225				
9047				
3065				
834				
906				
2895				
5795				
9835				
52				
8671				
114				
635				
1413				
8133				
6187				
8585				
4260				
6647				
9157				
3863				
9678				
7554				
9138				
8747				
4593				
9333				
324				
2471				
2710				
3314				
7523				
5822				
8367				
6398				
4389				
6997				
5797				
9549				
8016				
1913				
2270				
5632				
6412				
6476				
4809				
3658				
848				
8502				
335				
9339				
5855				
5795				
6519				
3448				
2416				
2558				
1299				
2403				
9678				
9990				
7289				
1713				
7707				
5251				
8469				
6246				
3070				
9676				
4661				
352				
3457				
3350				
7230				
745				
8571				
4493				
1263				
1922				
6069				
3431				
3643				
4446				
5435				
230				
4388				
2101				
6447				
1585				
5139				
3439				
2976				
8426				
6024				
162				
8077				
9894				
9830				
4949				
8138				
181				
3531				
3785				
3691				
6446				
2341				
6507				
202				
2990				
6710				
4034				
3811				
6153				
8171				
4771				
4528				
2165				
2153				
292				
4140				
5570				
3008				
6154				
8664				
6720				
1081				
5999				
1302				
5397				
5548				
5903				
7379				
4931				
8857				
2849				
4344				
1951				
8671				
6462				
2611				
7147				
319				
5415				
4829				
6084				
4384				
2613				
2213				
4306				
6297				
5347				
7877				
3392				
2200				
5598				
7396				
8497				
2187				
1569				
5431				
916				
6033				
2257				
5056				
9544				
1999				
3904				
8425				
1362				
803				
2653				
9201				
6494				
6376				
8160				
7403				
5592				
5811				
2296				
1755				
5544				
9816				
3754				
5084				
3687				
3057				
4320				
1515				
3716				
4415				
9158				
9755				
7961				
6597				
837				
7438				
3389				
4967				
4927				
2981				
8635				
3842				
7299				
6085				
1945				
5563				
9283				
7555				
3197				
2999				
8984				
695				
8864				
158				
2478				
1073				
6940				
4994				
4173				
5629				
1224				
1603				
1473				
7743				
2001				
2641				
3459				
4021				
1949				
4968				
7945				
8400				
2929				
4131				
9439				
1655				
354				
2789				
6141				
3891				
4427				
2505				
9346				
4818				
8154				
7135				
5150				
3157				
3048				
4101				
7120				
6444				
2273				
2705				
9218				
6607				
1662				
8366				
9173				
7113				
1403				
9074				
8554				
9586				
4042				
8652				
7545				
2044				
928				
7582				
6354				
2847				
2899				
4294				
7135				
8444				
4067				
7775				
3921				
4562				
2447				
407				
6915				
3483				
2883				
2676				
6612				
695				
9003				
8085				
8495				
4223				
8930				
9934				
121				
3502				
4424				
2251				
2046				
3324				
7739				
5453				
2886				
6663				
3658				
2455				
2776				
4105				
8236				
3955				
7547				
7193				
9516				
1139				
6419				
488				
374				
8354				
7015				
1942				
6373				
4933				
9759				
7512				
4354				
6616				
3472				
6336				
5144				
6068				
6716				
154				
9374				
3461				
6272				
7638				
9609				
2556				
4643				
1712				
9635				
7848				
8934				
425				
5298				
3039				
7478				
318				
9774				
8430				
9980				
5400				
9902				
7874				
5074				
7172				
3801				
7327				
4132				
9017				
2332				
3705				
4712				
4176				
8361				
4609				
2484				
1530				
4980				
3693				
8344				
3089				
4366				
4016				
7466				
9099				
2470				
5869				
7892				
6471				
3055				
1978				
8338				
8594				
6735				
5905				
7542				
370				
916				
4766				
7614				
1899				
4934				
5549				
7062				
8537				
9879				
4042				
9650				
8172				
7057				
7056				
1143				
9338				
7744				
8338				
9968				
2887				
2469				
5115				
8893				
7756				
9580				
3659				
6882				
1070				
2330				
7983				
7873				
6634				
555				
1401				
287				
2925				
3211				
2647				
4856				
7007				
788				
5835				
2081				
6690				
4194				
1319				
3627				
1020				
7914				
6356				
5870				
8375				
5426				
1658				
4134				
9553				
4652				
3418				
9305				
6061				
3258				
8511				
9647				
9480				
5653				
6633				
9922				
4718				
8803				
4778				
6319				
2860				
1037				
5054				
4429				
1454				
8999				
8983				
3548				
9817				
3057				
2118				
814				
4404				
1669				
9403				
8913				
4756				
1252				
1238				
1497				
940				
2585				
6350				
742				
5521				
3750				
7188				
2940				
994				
6771				
6843				
8330				
139				
2833				
4926				
4935				
8718				
4641				
1121				
159				
5607				
6564				
3577				
5881				
1505				
5936				
3676				
5982				
7742				
2420				
9007				
4000				
6385				
6610				
6937				
1034				
1335				
72				
2473				
5044				
8998				
9832				
7533				
4588				
9641				
4054				
6489				
5088				
9075				
4418				
1132				
2902				
2125				
4380				
3254				
506				
4741				
4895				
1475				
5930				
5605				
1965				
9024				
9736				
1987				
953				
994				
5202				
2719				
8630				
9177				
1662				
7246				
3103				
5987				
1844				
3726				
9617				
9401				
5720				
2740				
7242				
5805				
7862				
1284				
6760				
8324				
2999				
365				
5014				
3233				
5062				
8680				
2087				
2742				
3058				
7003				
2635				
693				
732				
3501				
8205				
5552				
7489				
7982				
3701				
3854				
3907				
2219				
4731				
9944				
9988				
556				
2459				
70				
18				
4496				
3420				
2944				
9084				
7251				
6017				
6542				
7971				
9148				
2050				
5107				
8454				
1200				
4910				
326				
3250				
559				
5935				
3306				
4145				
7421				
9419				
9112				
7768				
1764				
6363				
828				
1074				
6796				
6689				
7939				
7746				
7831				
502				
4370				
4763				
2966				
2926				
9770				
9158				
3405				
3587				
8389				
4845				
9074				
1473				
8828				
3982				
8141				
2103				
6296				
7033				
4395				
3682				
4231				
767				
6524				
8976				
539				
9643				
1793				
9727				
2959				
6589				
63				
8532				
9321				
8280				
9358				
9768				
6187				
9944				
1386				
5737				
8097				
3946				
2117				
3137				
2511				
5172				
8926				
2642				
2798				
3498				
6516				
6112				
107				
2093				
8628				
3648				
8681				
8478				
943				
7689				
4523				
3156				
4280				
2367				
7907				
8221				
3630				
5703				
9290				
970				
9324				
1814				
196				
6433				
5543				
8147				
7350				
3611				
7281				
8909				
415				
9988				
5648				
461				
4242				
8629				
9889				
3801				
8970				
3770				
9997				
3456				
7235				
9164				
6800				
5662				
4649				
9954				
8715				
2305				
1169				
8123				
6418				
4201				
1848				
3857				
1292				
5295				
9292				
4681				
9351				
9708				
1871				
3359				
6085				
4886				
8566				
4592				
1820				
1894				
731				
7492				
7867				
8213				
8148				
776				
4826				
4741				
9327				
2664				
2813				
6678				
6915				
3824				
4495				
6145				
9122				
3221				
7049				
9492				
7519				
2395				
6643				
8121				
1873				
2193				
3700				
9005				
8353				
9690				
3510				
6327				
3998				
1449				
8272				
2896				
9264				
2061				
971				
7955				
3975				
7295				
3786				
8430				
858				
6087				
2790				
7598				
6089				
5795				
2665				
8147				
597				
4577				
3608				
1048				
1720				
6881				
4876				
2227				
9315				
4353				
7679				
1815				
2258				
5677				
3265				
120				
5128				
806				
9320				
8850				
6597				
3869				
4999				
7295				
8132				
4089				
5718				
8374				
3061				
8865				
5756				
5647				
5948				
7761				
8365				
7729				
9282				
1553				
5412				
8056				
4350				
3573				
296				
1679				
4134				
1120				
3965				
5911				
6879				
6013				
7866				
4902				
8692				
9197				
9150				
621				
6210				
7131				
3259				
890				
8165				
1012				
1933				
5417				
1166				
1779				
3328				
285				
2184				
7312				
3596				
2596				
2446				
7444				
616				
7558				
2388				
6360				
8279				
9095				
5719				
4115				
7662				
5018				
7514				
1650				
8289				
2073				
7647				
7788				
8956				
3625				
7241				
9883				
8679				
8629				
2276				
4726				
4256				
2988				
144				
5256				
7171				
6096				
8228				
5162				
3309				
4431				
3896				
2835				
1947				
8716				
7231				
2666				
2140				
1644				
8039				
942				
6072				
4882				
4732				
1130				
97				
5034				
788				
5191				
1014				
4282				
2526				
2953				
6054				
3393				
7548				
5813				
2261				
5262				
9532				
4470				
5979				
7981				
1352				
4206				
3752				
2903				
546				
1347				
4148				
513				
6789				
4525				
6475				
787				
4481				
8476				
9104				
9842				
1709				
7109				
5709				
583				
9620				
6085				
2835				
2698				
1681				
9903				
7157				
6466				
1469				
1928				
4796				
9790				
561				
8038				
5129				
3024				
5307				
9384				
2706				
6200				
3057				
7251				
2604				
707				
3599				
5024				
6686				
5428				
4734				
5323				
8542				
616				
7382				
6023				
3774				
1999				
6094				
460				
6532				
4513				
5156				
9643				
3639				
694				
8258				
2285				
9651				
7054				
6211				
4585				
9201				
876				
3673				
2090				
2978				
5127				
2213				
2450				
8731				
8212				
4963				
9836				
6328				
7091				
8913				
1365				
3066				
3859				
2275				
4366				
7630				
6251				
3039				
136				
6539				
2563				
9130				
174				
8857				
861				
7026				
2709				
7470				
6013				
2860				
7246				
5694				
5092				
636				
9144				
5089				
8857				
147				
6354				
8126				
194				
8398				
9463				
5903				
9619				
4490				
7356				
757				
2540				
9799				
3301				
631				
5137				
2684				
2974				
940				
5520				
8514				
6132				
1185				
8796				
1901				
7470				
4477				
9358				
5264				
5393				
4921				
9463				
2747				
2808				
8387				
9527				
947				
8992				
8525				
3194				
997				
9900				
7830				
6348				
8623				
8033				
5043				
379				
2154				
1920				
9815				
9520				
4937				
9122				
7473				
7817				
9896				
9556				
6959				
2093				
5678				
6240				
8999				
2912				
2779				
2269				
633				
3027				
8375				
8129				
6948				
1233				
7271				
1225				
4900				
8761				
2739				
7321				
5475				
5126				
8466				
5452				
2833				
3356				
5247				
1700				
596				
2021				
1425				
461				
5708				
3563				
7460				
7922				
4843				
4696				
2366				
4774				
9994				
3111				
9913				
8672				
1089				
2823				
6749				
1581				
6326				
1572				
5722				
9324				
2751				
8709				
3949				
9221				
6617				
3838				
3302				
4666				
221				
3964				
2328				
63				
5616				
8750				
5422				
5235				
707				
5989				
6562				
3416				
6580				
8154				
6650				
9326				
4355				
8589				
3952				
2396				
1714				
1780				
5085				
567				
1814				
4974				
2124				
8581				
2689				
5507				
3027				
118				
3721				
5335				
3914				
8045				
1027				
6971				
6551				
2537				
6675				
3532				
2345				
4009				
9797				
6245				
8119				
2306				
4436				
9760				
9935				
5497				
7139				
8997				
685				
9547				
2256				
8442				
8829				
9673				
2012				
2212				
735				
2370				
591				
6033				
9016				
8201				
2472				
2421				
8671				
6606				
5173				
367				
1154				
6341				
5603				
3858				
3742				
1826				
683				
7191				
3244				
3649				
8652				
5886				
3243				
8676				
3689				
9258				
64				
8592				
5997				
4978				
5167				
9669				
7491				
4228				
583				
6416				
6619				
2731				
6809				
8436				
6178				
4902				
9794				
8018				
2140				
4865				
8319				
9892				
8395				
2476				
635				
1752				
607				
2438				
6818				
9101				
1581				
7549				
5503				
2820				
3547				
7686				
2119				
2776				
1192				
6041				
1573				
7724				
5523				
7465				
7204				
2471				
3210				
5418				
6014				
1806				
2623				
7999				
3249				
5862				
4635				
2579				
4672				
6706				
7964				
7300				
3313				
4252				
1931				
7299				
3792				
8185				
2188				
2969				
2305				
8402				
2217				
7624				
1608				
7051				
4875				
8895				
3119				
492				
9547				
7986				
4178				
1955				
4096				
459				
7835				
4691				
6486				
8823				
5676				
8496				
8895				
7339				
3390				
895				
8306				
9372				
2661				
3034				
6117				
7593				
446				
8032				
5403				
8562				
3076				
129				
2488				
56				
3192				
6340				
4058				
5847				
2647				
1041				
549				
3229				
9208				
8938				
4213				
8166				
9400				
9931				
6306				
3895				
6492				
1994				
6976				
6019				
4960				
3266				
2985				
189				
5913				
7356				
9073				
6597				
6796				
124				
3034				
1206				
332				
7745				
5887				
8192				
1527				
5516				
6616				
4964				
2401				
7919				
5764				
3323				
1101				
5934				
8550				
5868				
363				
2623				
8080				
820				
4415				
2240				
5587				
8009				
5869				
4114				
1407				
5736				
7345				
3861				
8552				
5538				
7618				
2674				
3543				
5240				
6055				
9301				
2466				
8833				
2655				
6449				
887				
6855				
183				
437				
1482				
6725				
2170				
7272				
349				
441				
5217				
6735				
7313				
6426				
2434				
3383				
5845				
1593				
2367				
9951				
4340				
3333				
7702				
7115				
8196				
9953				
6292				
4518				
2806				
4268				
1897				
848				
6327				
6414				
9955				
287				
8014				
610				
6094				
1904				
9262				
948				
6039				
4133				
8852				
1560				
4613				
5377				
5931				
9341				
5126				
8503				
751				
8848				
6847				
5729				
7845				
6296				
5526				
7004				
5922				
1557				
9368				
2927				
2691				
6867				
204				
3660				
7910				
6578				
6528				
7911				
7731				
1198				
5579				
9831				
7565				
9352				
1155				
3990				
8315				
9889				
6885				
2814				
6519				
816				
3775				
4966				
7163				
818				
6693				
6938				
9588				
5809				
340				
8435				
2602				
3224				
770				
292				
6006				
9531				
1376				
6531				
8279				
4668				
8721				
1725				
1275				
3757				
3275				
8163				
4380				
9863				
6118				
9272				
5365				
5566				
8702				
6257				
8208				
1707				
107				
8740				
4176				
1311				
7255				
8140				
6515				
2732				
4781				
394				
7623				
3727				
1590				
9941				
9770				
8600				
6088				
5097				
2937				
3152				
5419				
1517				
7629				
9750				
8062				
5267				
2124				
6058				
5999				
439				
5322				
8250				
2512				
1863				
9672				
2007				
6769				
9414				
5089				
4762				
5805				
7434				
8124				
2633				
8467				
6422				
9333				
3530				
902				
3486				
3220				
199				
2335				
4453				
4602				
9161				
9460				
5870				
2496				
4385				
5648				
7959				
9675				
8260				
5362				
6243				
1956				
8285				
304				
4046				
4171				
2146				
6581				
4728				
1079				
9990				
8560				
5415				
3839				
5729				
610				
8076				
6362				
6764				
3252				
5583				
2404				
9506				
5632				
9506				
2049				
3580				
6977				
1225				
1682				
4570				
9825				
8064				
9626				
7469				
4451				
5428				
4678				
5113				
8773				
8835				
1845				
1735				
6765				
8804				
8439				
8178				
5732				
1137				
4495				
4205				
5962				
8203				
332				
3473				
4385				
1166				
4746				
5209				
4912				
6521				
631				
4595				
5841				
3597				
4382				
2055				
7622				
5889				
5379				
1232				
8267				
4876				
4907				
7698				
930				
6677				
9570				
7724				
8558				
7733				
5822				
4840				
5878				
5883				
3318				
3946				
6086				
6696				
1260				
6700				
1061				
9684				
4906				
4565				
2539				
7244				
2611				
7905				
6543				
4702				
9712				
3334				
4929				
8739				
512				
2563				
8880				
6430				
1491				
7366				
2705				
4136				
5611				
9508				
6299				
8529				
8180				
2766				
8390				
2074				
6404				
3568				
7167				
909				
8159				
2787				
4571				
2844				
598				
982				
9379				
1029				
1302				
665				
2427				
2880				
653				
4052				
2019				
9932				
3204				
3365				
2928				
5321				
4554				
4733				
1838				
9771				
4324				
