8665
14
1724
5411
3922
4284
4277
6778
6438
20
4349
1921
4336
3400
9118
7604
9613
4414
8686
1060
28
7497
1837
9465
1071
2200
7687
6484
3035
22
3271
3044
9450
6401
8851
7789
8085
670
21
7195
6026
5855
3961
6065
6651
11
8400
5006
6315
7500
9681
2498
4247
9576
3326
5166
14
8077
2167
7360
2747
6800
9724
25
7576
7581
1950
2053
8476
1120
9028
6476
3471
3304
15
9690
3592
4966
2947
3983
3915
24
4766
5829
9430
1200
7430
2358
8126
2823
25
4033
2896
8220
6189
5329
4973
1100
2356
5236
18
7281
8778
6133
9756
1200
7377
6441
9148
5186
22
9823
8105
7533
2824
3658
1944
4533
6674
23
8500
4700
8427
2593
3603
5353
5513
1695
21
5597
9284
6241
4405
500
4850
6358
22
2720
6716
7111
7986
1873
5651
9605
465
29
7598
8907
9169
8735
1944
3976
6022
1887
24
9908
9953
4550
6425
5769
2921
8524
7320
4928
12
6030
1485
1597
9221
6650
8901
2600
19
892
3656
6476
8857
5240
1060
4603
5872
14
2831
7023
2008
9627
2061
3788
4803
1302
20
5870
8508
5150
3127
9839
5573
9167
4484
24
2499
6880
9016
1012
9683
5950
9582
8126
3402
9
7191
1512
9167
6949
6747
5439
3538
12
5034
6782
1827
5200
3078
9210
9942
8079
26
7838
1639
3600
5681
5437
3750
7684
3613
7619
23
1341
3397
6787
4945
4200
2461
19
445
9730
5489
4623
9245
7058
2163
1919
8512
9820
16
1980
4462
5014
6684
6370
3212
7466
14
7061
9253
1950
4361
3134
9220
3030
7268
8198
26
1166
4595
9557
3011
2850
8045
5235
15
9172
9836
2651
4946
9108
6961
3048
3796
1040
25
4487
8481
7953
6088
4268
9233
6447
7574
21
6452
2250
2058
3916
9708
4158
3751
290
16
9176
2468
9221
1654
7150
8863
10
1405
6204
6853
2480
6980
8000
9422
3826
1805
4723
16
8156
7955
2739
4420
9918
1551
13
3901
1308
2698
6650
5245
4037
6392
3436
14
815
5127
4710
2384
1427
6560
9200
5150
374
2167
14
5949
1008
6401
9266
8691
4134
2018
8502
11
8634
3842
7483
5849
6678
5726
17
2834
7743
8553
6950
9868
7293
9734
8760
31
8968
3398
8240
3214
5614
7913
6850
9865
2328
1108
10
6822
2290
4820
4778
6826
5391
5600
27
7686
8191
6852
6913
7289
6974
8341
9962
4581
26
2521
8700
9903
3867
3383
7602
8390
21
6546
3539
4440
5336
9898
550
1077
2376
18
6284
8732
6753
2161
3939
2135
1788
15
6184
2265
4917
3496
1907
8740
6064
7660
6047
1046
17
7103
7300
4158
5426
9614
8983
195
7353
15
7651
3676
4964
9917
9650
4324
21
5929
6357
3223
5182
3527
7374
9272
4445
3156
22
3586
6767
7152
3768
8869
9492
3465
1839
21
6715
5798
9150
1117
3669
1279
5692
2134
9161
17
3582
7380
8968
1611
3550
4567
19
6535
3225
1968
3752
1875
2544
8848
6842
7133
14
1118
3458
2575
6093
2068
8644
8345
7842
3958
25
3446
7300
8721
6268
4908
5960
9494
16
5038
2854
7087
4662
5967
9350
6014
7145
3727
19
2460
9362
9432
9697
1807
6180
3236
18
3951
6034
6562
8304
7838
4913
5292
2045
11
4487
9653
6550
5681
2387
1698
9165
19
1735
7165
9256
1324
3553
4352
8500
4191
1973
135
9
5205
8310
6111
7797
5151
7272
2255
3603
14
1196
3069
8345
3450
6384
9213
7354
10
3250
1827
8550
4385
9749
4223
6499
6084
4874
23
2656
9393
6811
1277
9200
4564
2598
4393
24
6380
5417
1169
1823
1779
7184
23
9509
9262
3153
2745
3681
5528
6961
6180
1204
3117
7
3686
7500
5510
9566
3284
9341
9856
3804
28
1088
2673
8625
8542
4900
9479
20
2696
587
4482
9696
1056
8617
2283
5528
5880
1369
21
4820
5589
1559
1280
4784
5473
579
3855
21
6604
800
6447
2524
6097
9632
6872
13
5260
5149
1329
3337
2403
7400
8156
8028
18
9826
3328
6364
3938
2021
9729
5922
300
2687
3
4096
9526
1951
3707
3248
3292
2015
19
6850
6092
8150
2005
1814
7700
6138
4550
14
1104
9318
7905
4511
1490
4050
8592
5242
13
2294
2999
6002
9907
7852
7883
5153
13
6034
8724
2941
7070
3359
8364
4473
4848
21
4296
2548
2596
3000
6729
3580
6302
8799
26
7991
4017
8217
3616
5267
4110
6400
1430
6897
30
6490
5717
5360
6699
4096
5669
2029
25
9637
7947
5473
4633
6155
6151
2804
9012
4593
8362
21
3764
950
6480
9312
7520
6897
23
653
6971
8228
8568
7510
5193
6200
6664
8903
20
7978
1397
7227
7292
9713
7630
2803
9627
1217
24
1169
6406
5825
6055
1279
7275
2478
18
594
1091
5900
1793
5723
7757
2288
13
5039
1147
5832
5970
3558
2265
5400
9344
7788
19
5419
2487
5916
7195
2893
4995
2616
5488
7249
25
1697
2209
6942
8640
2708
6068
16
7907
3616
7510
2000
6662
5148
8265
5910
9336
17
5147
9723
9363
4392
1730
1950
7828
6766
6164
25
9205
4152
5566
7548
5594
4753
3540
4588
25
8035
6791
5213
5207
9437
8356
21
4296
7761
4393
7050
2158
4882
1075
9712
7051
6095
20
7465
2897
9803
1304
6000
6871
5253
15
233
6621
3934
6822
4129
1807
2558
8494
7100
25
6919
1395
6792
5259
2070
5706
319
372
13
9179
2850
2571
3825
7757
9665
27
9881
6948
8167
9558
6013
4230
2100
6052
965
20
8565
4212
6670
8940
1478
6184
7636
453
6149
12
7711
6867
1783
8631
1564
7535
27
2129
5886
2281
3750
3108
2994
4326
7350
2896
8637
24
2909
7911
8147
4036
5600
4188
15
5064
436
9911
4215
5746
8531
3377
8074
23
4086
9176
7663
5497
7062
9392
6791
6900
4640
2177
17
4907
8300
3652
8410
1423
5410
27
5679
4976
4112
5484
6286
8726
8850
7826
5066
4745
17
8703
7839
5580
4468
4885
5174
9546
10
172
9911
9215
2306
9851
1139
8322
15
4526
6720
9310
5150
3165
3574
9209
7285
21
3626
4575
5898
2732
5521
8933
5600
1857
19
3032
1297
9199
8218
9328
3674
2159
6463
14
928
3443
3209
7100
7405
4118
7094
5399
8782
3626
17
6390
9000
9896
9070
3060
8569
7379
8
6101
5469
9875
3800
7310
7700
5747
4245
3451
15
7248
8514
7313
4456
5070
8607
4468
3029
22
9767
8874
6197
5543
3842
9562
6048
2080
10
7442
3250
3713
3701
5143
5679
5379
7087
24
6364
4046
7421
2272
1250
7147
6460
767
16
1941
7569
3999
4723
9291
8825
2171
16
3805
4776
9463
1050
4553
2494
7483
6
4713
3102
8142
800
4956
8549
6945
8029
2717
8165
20
3032
4832
9707
3180
7900
1945
866
20
6418
2692
5984
1847
7287
1814
3700
4468
3491
22
2944
4208
3341
1372
5503
4376
7214
14
7162
9362
4700
6213
7467
7532
5385
4354
7527
21
8329
2706
9947
7260
6700
2097
28
4338
6994
2326
2778
3221
2145
2257
2791
765
9547
25
9389
7433
4347
6914
3400
3303
737
6071
17
4776
7600
7510
2015
5551
4056
5073
15
9454
5332
7541
9439
7015
9050
3351
10
6867
6004
3949
3636
8229
3625
5602
5364
9694
1534
13
5848
2270
6323
3386
4825
2700
23
8078
4470
4699
2250
5413
8881
8642
4393
2947
9644
22
8707
2228
9277
9304
3150
9029
5994
6970
22
4421
7712
9843
2528
7728
4079
4176
485
17
1590
6580
3808
3777
1919
3979
13
9892
8500
2052
5700
7971
7581
9469
2822
9
7610
1251
3148
6506
5840
1352
6700
6928
23
4157
9671
8938
3066
7017
4685
3469
3734
15
8544
6072
3095
8861
8289
6137
2399
9948
3386
887
20
7252
9850
3793
6007
5688
8338
16
9854
1285
6726
3294
1463
9139
2350
9792
22
5359
9703
9252
2783
8068
5254
5517
4324
208
10
695
4723
7364
8441
9255
9036
3518
5491
566
17
3558
6300
2458
1294
4809
2957
9704
16
3283
3278
6471
5298
1888
5550
9798
20
5793
9830
9455
2976
3248
6942
7216
5268
18
3746
8325
3990
3084
4515
6891
6866
9625
20
2547
2675
3746
2950
8049
7075
1526
4849
7235
17
1812
8833
7382
1455
4228
9350
7255
2886
7874
26
3857
8739
7505
5629
4299
6760
1094
9889
34
1911
6451
4582
7708
7623
8691
3510
24
4839
5849
2850
5848
4339
4149
6526
21
7167
8273
2940
5285
2523
5605
600
7939
4980
6955
21
6328
2962
7656
2136
7895
2897
1447
5830
16
5107
8999
6639
8894
8371
1670
21
4446
9282
9229
1550
3980
9645
2982
8838
29
8795
3360
6572
6987
1210
8118
1150
2757
7004
10
361
7393
8167
3732
8573
1570
7291
25
9439
8472
8978
2365
1086
2092
1487
1662
24
8961
2439
2851
8800
4838
7666
4683
7226
6033
12
5238
8863
9501
9500
4260
4050
2181
23
5043
9761
4297
3652
1644
2922
6801
9563
3099
6069
21
1159
7888
9687
7399
5575
6015
8291
15
8610
1634
6850
3356
9299
4174
9850
20
2099
3602
1185
4909
3707
4074
9500
8401
2453
14
5281
6144
8805
8002
6218
8670
3060
9846
27
7757
4610
9462
9198
8466
6631
3473
21
3391
2829
9184
2050
6379
7718
2568
9868
6459
24
744
4076
8195
6539
5098
750
7915
19
294
3961
5028
8395
3041
6587
9440
1272
3144
16
8602
8864
2747
7419
8589
9281
2486
23
584
4676
7899
8050
7196
6994
4250
7294
736
18
2727
2720
5753
2876
1952
1650
2391
22
6578
8635
1237
1155
3668
4951
1304
5134
8723
5344
16
6114
8792
6853
9613
2493
9618
559
11
2810
4993
3350
5440
8763
6131
6793
22
5539
6273
4463
9601
3137
4200
5900
1745
13
9007
6340
5933
8077
3984
3934
8058
6339
6621
5802
15
2997
5802
2845
3582
9238
2267
16
2181
3643
7905
8200
1310
8527
2144
1553
2353
4503
13
8681
2606
5541
2563
9800
7542
29
3086
9596
4797
7203
6348
1367
1839
7207
9941
23
885
9963
5830
5075
4456
5783
1378
2722
26
4967
6287
6000
3465
3313
3029
5507
15
7258
8520
9326
7275
1200
5257
6950
5227
4686
30
7698
6195
9408
5077
4058
1386
2919
27
6030
9189
6271
3282
8516
8164
4182
9810
15
4821
1276
7215
6250
8705
3519
3904
7427
20
6588
5915
6749
9644
1320
6493
2650
9108
1096
8457
16
5374
7071
8929
1305
7500
1601
177
2505
15
4937
1123
8128
2535
7446
7548
8
1601
6438
8371
3800
6080
4773
7085
8058
19
3866
847
3742
8230
4146
2016
1050
2598
3445
25
9691
9715
8004
6507
4563
5132
2971
15
1194
3923
1063
2359
8690
8873
6194
8986
3604
12
3054
5258
4250
6384
6544
8781
7541
7
3022
1094
4729
8423
4861
4579
1350
6699
5325
8001
15
9888
2604
5742
6083
9133
1452
12
1038
4293
6418
4366
6671
3505
6682
1302
4315
1698
24
6244
8600
5364
3784
8765
8316
1658
20
2488
8047
3531
2809
4217
1450
5624
22
8969
6169
8742
4672
6669
7374
4556
3259
8547
5283
24
2918
4103
1031
3043
3248
6050
4241
484
11
6586
1150
6546
1605
6096
6240
5188
22
5572
6715
7723
5578
8133
950
6291
9454
25
2887
8504
8332
4520
5231
4123
9576
9816
24
985
3204
6052
5217
4349
7146
6937
23
9284
9820
3729
650
2335
6595
6086
9052
5142
8117
17
8487
6110
9461
7498
5950
6721
1748
7396
20
8435
2632
5484
2460
2980
5710
23
6827
8735
1628
9001
5016
7562
3059
2138
256
20
4844
6935
9300
7834
5996
8597
8863
8778
30
454
5961
8153
6132
5222
2400
9700
259
4333
16
6827
1514
8928
9427
4244
8375
3501
5881
9
7759
5696
6960
6267
9232
9225
4223
1490
11
7861
7450
3528
6382
1958
3238
7613
2154
17
7606
3107
1761
4308
5800
1844
202
2099
4
4189
1565
7361
2070
7553
9001
2910
6494
23
6876
3448
8228
6059
9735
8659
26
8297
9487
5763
8750
6961
5220
5683
5928
19
5677
6553
5520
6181
3872
6573
5850
4019
4148
12
1506
5428
9075
2471
1448
3732
8919
1980
18
4077
6156
4430
5133
6974
5515
1977
4863
18
3708
4687
7100
5330
5745
8974
9260
9193
22
6198
9398
2451
6057
7669
600
2954
17
2582
1773
9500
5649
4909
2812
6146
5702
3279
5035
13
9074
5378
8796
2916
1026
7357
18
8393
3249
2018
2800
9013
7949
8018
2600
9254
4705
16
4996
7860
9402
1667
7900
2139
2541
5199
24
5752
8349
5393
6217
8967
5196
4433
14
5973
5881
9091
2309
4389
6817
5119
9207
7428
18
8059
5750
4477
3286
1561
3384
3676
16
6136
2479
8933
4267
1114
7750
6201
14
932
6692
7150
8960
7587
9231
7277
1134
21
1598
7428
5826
7698
1545
9425
9593
1148
10
8773
3223
8481
3200
7849
1135
9845
9761
6981
12
1236
4700
4297
2229
8045
8950
2389
178
3039
16
3396
2253
1806
1643
8742
3700
5057
1222
7
7244
6280
4723
2839
1737
9403
21
7223
5709
3175
6600
9492
2804
9990
2285
9480
21
5100
8241
2987
7177
8968
2500
4906
1092
20
9164
7700
7509
6408
4304
9305
2068
3146
14
7106
8781
4068
1538
1298
1214
7523
6914
4423
13
9149
600
5988
3365
9540
9365
8045
5589
27
2102
3612
9020
8240
8600
4132
14
4536
1085
6707
7692
5405
2285
8362
3481
8958
30
6824
1807
8628
4085
2854
9403
7766
8744
23
1914
4330
4150
4341
6295
9001
9244
27
9486
340
9467
2831
8167
1749
9700
7219
8709
1949
24
6198
8728
5114
9763
3725
4400
12
3441
5027
5526
9690
3199
7451
7069
8013
16
5722
691
5756
5400
1745
3225
4763
9168
7617
2727
21
1067
9735
1313
1294
500
1847
4965
14
2453
3296
3706
7624
5208
2583
3432
26
9929
9962
2231
1534
9386
7964
3254
9270
1338
6913
15
6434
2800
9833
3758
3566
8573
24
9735
3611
9286
7997
5343
1544
5000
7124
20
1766
9506
2818
1531
8815
7282
8063
6502
15
9528
258
4576
2375
6652
2758
4658
2308
2001
3417
3
4936
9100
1947
9715
3543
9110
1493
21
6825
1163
1678
6156
3304
8100
3666
2170
19
6733
9013
4388
8017
6260
5142
6404
20
3688
974
5351
2658
1256
8750
4363
4799
4006
10
2162
2963
4900
8505
9097
7334
9617
6145
16
4474
8541
6447
8065
7402
4200
4366
24
7917
7746
8391
4907
7010
6553
6261
9463
8226
16
3418
7194
9449
5289
1147
2979
5252
7082
1607
14
7242
7600
5880
5536
9289
9415
26
6875
754
5514
9368
9619
7287
6500
6115
2
1001
908
2125
8256
5672
6307
7846
6905
8
5201
1870
4152
7963
2764
2340
8519
8701
3803
5392
19
9461
7200
2306
2707
9564
9560
16
8512
295
1851
3078
7478
7124
9650
2052
574
6699
30
3705
2742
1599
1513
4738
3742
15
6532
7017
9278
1818
6300
9802
7265
8417
113
887
5
5043
2200
6902
8432
2837
7158
24
2995
9339
3164
1628
7321
7144
7200
6350
14
5564
1481
2490
6909
9579
9133
3121
8112
8299
1
100
1262
3678
1808
2142
1969
7984
13
4616
2038
9527
9350
4818
4681
2899
2987
5124
14
5504
4747
4928
2860
1812
9350
3347
1120
9277
25
7989
5922
5605
6164
2079
2138
15
6513
3142
6940
4795
9465
5969
1490
7946
19
4116
3259
2731
8300
1342
2399
3743
4814
6114
20
6473
3833
4990
4830
5410
8350
4732
1755
22
7690
3836
6346
1951
3777
4014
7954
2586
11
380
4266
3802
6602
3913
9756
3804
9497
17
2168
6985
4800
2220
5755
4166
9181
5976
16
5281
2646
6798
6294
4746
3800
7706
2743
7308
16
6761
9949
9594
9009
2074
1700
5711
5406
14
1666
2914
3597
1421
9512
1896
3434
7615
14
1825
7050
9938
5474
8499
8993
7261
4452
16
7126
7706
9872
5429
4850
4148
3400
3080
7
1538
5538
2920
7307
8573
7738
3731
6372
14
1396
1228
2872
6288
5091
8495
1083
12
9586
4507
5300
1995
5586
4384
6213
417
3059
12
1467
2270
7878
1021
7800
4050
5458
3475
19
3720
8283
5900
3326
2889
2768
19
6258
4771
7674
5533
1371
9689
7179
8460
14
2066
4774
5252
3500
3634
2032
1664
3609
4537
24
4776
4274
1602
7235
2272
6700
6593
6841
1301
19
7544
7878
1638
9593
3344
2307
248
9435
14
4045
1029
1179
8746
2328
6475
3890
20
7576
3098
5800
9978
1067
1463
9896
3952
2029
13
3733
4537
2584
5101
5450
6302
8282
268
16
6753
9212
6399
2935
9972
9546
5286
21
5403
1199
4752
1717
8583
3289
1386
4436
29
9785
4886
2700
3713
6055
1194
5456
24
3193
6684
2778
1235
4855
1904
8750
4559
9674
21
7806
2635
6873
4803
2338
1729
1634
8058
21
7530
5873
7444
5269
1455
6125
8393
6175
9374
23
2191
4250
8915
4644
2678
8054
23
1330
6953
2583
5234
2908
7089
7950
5653
3156
2311
15
8316
2757
1038
6418
8946
7909
4167
11
1370
4758
1196
8448
4828
1413
2671
20
7161
3287
3472
2750
1198
3253
1082
8543
4325
25
4759
8086
5678
6186
8199
6750
7376
9127
24
4659
7233
4489
8966
1923
4987
9508
9062
8571
21
3995
3462
5788
2024
2325
4566
21
6206
4197
8838
9500
3559
8454
7508
9285
4738
5217
15
7892
5056
8456
4698
5100
5400
22
9832
1074
5488
5641
5052
3203
8287
7883
7487
8106
15
7733
1325
8266
5284
9070
2741
13
508
3197
7634
5000
1529
3256
3345
2469
2099
1384
20
4825
2807
5906
7256
8150
2717
5822
9548
17
1170
2802
9618
5228
2696
3031
9818
19
6472
1925
4195
1431
7188
5606
2957
9740
20
3791
7067
3050
1017
7202
8528
1976
3713
2646
18
1681
1280
9471
8000
5100
8655
286
16
135
1646
6529
7507
3744
7189
9213
21
6465
3648
5598
7317
8742
8064
4168
1067
3604
8952
24
2417
3300
5373
6764
2498
6642
4493
20
9601
2247
8686
4963
3100
6800
1042
11
1091
588
4332
9489
1448
7720
8540
6586
903
12
8744
8645
9663
1829
8147
8967
6643
18
9611
8163
1515
7800
4740
2908
7552
5638
27
6858
8501
3107
5304
6554
7926
2500
2629
20
6062
8426
9117
1737
9035
3613
3436
6564
9330
7676
15
7400
6981
1183
8701
4127
5783
5564
1926
20
9369
2850
2556
7072
9770
3272
28
7264
9919
2999
1744
9548
2868
7550
1107
3354
15
5324
7414
3563
9559
2097
3610
4359
7962
2683
24
9315
8134
9582
9736
8228
4662
5234
13
2281
2868
2650
5836
8500
7166
5202
3691
19
3922
6849
9005
4323
3352
1650
9854
4991
1862
17
6311
8247
9081
5998
8647
7450
11
506
9531
7291
4087
4300
5757
5758
2396
412
2735
7
7444
3050
6738
7261
6414
6021
17
1484
6956
4821
6518
4059
7483
8300
9390
21
2766
3909
2623
3305
2911
6596
9148
2503
20
2639
4396
5123
4903
6348
8125
2026
4374
3829
639
22
3772
9800
2849
3776
2612
7693
4026
12
9896
4033
5597
8020
6213
700
4379
8
152
8731
6137
9558
6977
8616
1241
9654
379
19
4403
1961
6617
6420
7352
8988
3935
6
2400
6407
5304
4200
5709
9167
4876
3223
4463
24
8808
1522
5528
5541
3100
5250
6605
331
8
152
3005
3532
1260
6348
4177
6349
9928
909
28
2140
4135
8109
6308
8012
1914
16
7180
8467
8885
7450
2537
9646
3741
6267
3478
22
5238
1964
7105
7666
3434
550
9950
21
9164
6816
5091
4078
2873
5043
8117
2557
3526
22
3685
5115
3138
3217
3319
7267
6903
714
8843
23
3916
3050
3755
2054
10000
3058
813
7297
12
3894
8528
6961
9136
4900
3472
10
1333
5620
3390
8376
7711
8241
8062
2820
3609
8250
18
5566
8710
3522
3087
5165
7998
11
1663
4241
1570
5750
2275
6020
8688
3454
23
8654
4201
9836
3530
4237
5298
9850
4853
2651
17
4850
3662
1689
5173
6934
3333
7661
7424
18
6408
5938
6388
7030
4209
9847
5473
2123
8
9266
8201
700
3245
5724
2566
2391
8475
2166
15
8668
8238
1062
3860
600
9836
4424
4260
14
5627
1110
2112
3910
3690
7955
10
4042
9726
8377
2589
6285
9418
1390
3257
6940
19
5553
8420
9950
3445
2556
5847
4209
2017
733
10
5352
1713
9331
3475
9600
3631
19
3637
3378
8217
3276
5341
3338
4303
1166
2211
8158
6
8760
6271
3900
1370
5828
2303
25
5039
9097
5912
3100
7979
5968
2385
9562
11
4660
1073
1208
4550
3260
2357
6450
2185
18
9234
849
8406
9260
9192
9690
3708
5157
6607
15
4029
3644
6498
5990
8237
9250
8328
13
4126
8581
3618
8200
1776
9362
8024
8757
19
9934
9361
2665
4336
9163
6747
9500
8745
1906
13
2029
2442
2897
6025
7104
5849
2214
1572
4300
15
5466
7979
9469
7778
1646
2963
7396
20
4871
8968
5250
3113
8347
5101
7829
9494
11
7130
7207
9042
4018
2132
9350
3885
8
4130
5343
2944
2126
9405
6429
3867
3797
9533
9091
19
4721
8959
9437
3285
1376
1471
8463
21
1133
4298
3700
3806
7154
5610
5400
1729
19
8171
9387
8206
2661
7293
2050
2737
3789
8894
29
1729
3828
6102
2545
1955
5722
26
7658
5089
2463
8899
8645
1591
9977
9899
17
5746
4661
2639
4300
3575
5402
2729
4559
19
4526
1189
9846
2681
1840
7227
9100
6105
4070
13
2173
4309
9803
8964
1407
1574
4982
2557
4569
19
3137
6769
3920
6506
3167
3605
18
4435
4176
4638
3150
5007
4496
1791
2708
7998
33
1192
2937
7789
7607
5192
6950
2364
942
15
4678
2361
4401
5303
2655
3766
9395
2911
18
990
2227
1710
8006
5686
7406
6671
20
5104
8084
8559
1600
1812
2896
3755
6727
16
2450
1357
7835
8510
8861
1211
4600
8845
9700
19
7282
2518
9129
9838
7869
5009
9799
15
3794
852
1297
2355
8199
2188
3852
5085
923
14
6669
8380
9550
4876
2358
1340
3111
2766
5545
19
5276
9578
7145
4543
4300
4895
22
7022
6844
6543
4842
1556
8469
4580
4459
7664
11
1811
7628
7333
1085
7690
5101
3417
3462
9368
26
9981
9000
5240
7291
3759
8067
7687
28
7173
5340
4738
7908
7248
9800
8408
6508
4734
18
1677
2360
7427
6134
2065
1688
20
2779
3926
4694
4565
2068
9582
1056
6733
8856
9625
22
3404
9200
5609
9427
1983
9586
604
6803
10
3743
4849
2757
4665
1350
4899
17
2447
6848
5091
1680
5242
3364
4048
3208
7431
1006
7
9461
9408
5754
7520
6945
2490
23
6292
7493
1789
4300
5357
2974
3208
1483
2478
9920
20
6338
6425
5587
4810
2300
9814
3234
608
14
4686
8296
4556
5326
7597
7016
10
2320
3142
7198
8730
9520
3832
4798
2838
7
5437
1051
3291
1950
6517
1789
4119
3013
604
6960
21
2831
6543
8442
4495
850
5099
25
173
9718
9467
7948
7933
2294
4328
5679
6431
6335
14
6839
4586
4019
9846
3962
5748
13
1705
9684
2087
3900
8737
4070
7703
4762
6637
1235
11
7176
9067
4533
4131
1150
1292
5771
3787
20
2491
9539
8863
4507
7053
6022
7553
24
3687
8059
5993
2217
4809
5657
9962
2354
6160
13
1216
8800
2083
9692
1331
3851
5518
19
7405
3668
6324
7311
9202
2400
5770
2075
8826
14
7721
7952
2002
4113
6869
2138
7635
8530
21
3880
1387
2915
5666
8814
1293
7909
6219
18
7468
7250
4836
5767
1904
1350
24
2493
3489
4193
3244
9358
9218
7300
7691
29
8885
2076
3294
9845
6606
3566
6605
6774
10
6301
4684
2369
8711
9913
8556
3596
4363
8663
23
4793
1240
3850
3510
9102
7769
2185
4013
4112
8
7131
8112
4743
1427
9050
6475
3634
16
2905
6358
3066
3791
2167
6857
8829
7009
16
6796
6870
9407
6829
2762
4104
9329
3638
20
2459
2272
3250
6162
7531
8516
6553
11
8697
3143
8072
6425
8794
8988
6100
8067
26
5894
5061
2218
7004
2238
7058
4213
6662
1037
11
8588
3540
8576
1241
5172
3028
7312
14
770
3133
6208
5600
9472
4296
3291
4020
9325
19
2908
6808
8000
2877
8382
7700
9887
7606
13
4342
8920
7475
9132
5995
1129
7293
16
3364
7799
4853
2543
5112
4683
9814
1292
6155
3857
17
8930
2350
6457
9567
5314
1650
29
5625
7949
7025
7816
7674
3153
8650
9985
19
937
2928
1219
5263
8527
1013
4706
4800
4579
26
9359
9990
8744
1645
9054
7291
2835
1082
21
7455
5988
600
7567
1204
7851
3900
6488
19
7165
1414
2427
9164
8323
2150
1092
18
3822
8433
9442
1279
4385
4656
3478
7276
8826
9325
19
4405
8857
6518
6665
1327
1775
3080
4907
20
6768
5150
1741
2510
5982
1251
20
6446
3696
7554
1235
9757
3877
5750
4195
20
4756
2648
3818
2007
6616
8990
1442
1418
5466
21
1040
1052
1248
6367
7688
9150
5050
7582
14
3614
5300
2000
9567
9260
1444
7127
9
1012
2331
7844
4175
9920
4424
2900
4036
8932
1973
22
2453
3931
9264
9761
1213
7075
14
9401
8053
8408
2270
2555
1896
9781
5470
7966
17
3716
6076
3000
8857
5758
2183
9514
9118
19
7863
4011
2749
4499
9261
3750
4565
9994
24
6459
4967
6209
9182
7569
7405
8560
8127
17
1664
4216
7764
2769
3514
1811
9884
2431
4976
26
8675
9150
9963
2573
4441
1880
3246
2445
15
3890
7753
4658
3315
3250
2650
17
6056
1139
6551
4693
7878
8604
6026
5283
9530
15
4902
2440
3240
8959
4900
4897
8027
9697
9332
31
7543
4250
4882
1844
7829
1470
9595
28
1375
3548
8129
6617
4871
5100
7351
1142
1478
8
1157
3791
6339
7321
8632
9816
7857
8773
25
6823
3173
1866
4972
6675
7454
704
11
8210
8140
2000
2286
1870
4074
1118
9371
20
7421
5287
9020
5396
6725
6900
2907
12
9776
3351
8513
2404
6184
7572
5066
4597
13
405
841
2823
6637
2639
5421
9909
6126
16
4147
5380
9886
8300
6578
3825
5668
6105
15
7690
762
7511
5426
9808
5099
900
4808
3150
4218
15
4982
5799
3637
8677
3052
1087
5627
9520
16
5317
3328
2410
4638
2212
2279
28
9253
8677
3499
2200
5289
5168
4449
9803
2695
22
5250
4626
8492
3392
9759
1350
7224
5687
17
8117
6367
1478
2507
7693
3844
7857
3019
9442
19
3034
5077
7595
1679
4176
5484
8956
1967
23
5303
5500
4049
2090
1720
4062
1098
18
6552
2623
4153
1489
7501
3800
6209
8901
7824
21
5805
9047
4038
1873
5666
7856
17
7025
6317
6491
4115
6688
1583
2518
2739
3479
162
23
6332
3400
9533
4361
7468
8691
4395
6619
21
6165
9221
1038
3741
8450
6978
19
5293
6295
8903
2574
6012
6846
5034
4590
1316
6379
25
4752
9780
8773
9987
3630
7590
24
7980
3620
2524
4850
3299
5403
4382
5139
22
6835
4837
7152
4380
4593
6874
4000
1964
19
6730
8515
3127
1015
4211
1535
7433
5329
480
12
4833
7354
1025
5044
7763
4080
1852
15
3525
1562
7323
5800
8249
8580
7588
5110
20
1667
6437
7888
9304
8466
6093
1000
8607
11
5128
380
3998
8163
4661
1772
5596
8629
9105
2361
12
9223
3629
6578
7085
1797
2075
5263
23
9923
2958
5300
8397
4250
3318
7903
26
4985
3700
9165
2653
9423
7477
3200
2385
14
4415
2489
1860
8509
2842
4954
8611
1239
6893
7167
26
7978
9538
1936
3686
5081
8389
4002
14
5261
7149
8950
7271
7256
7247
1627
20
6527
7252
3966
4175
1047
6918
4250
6051
722
11
5965
5790
5163
2157
7174
7045
2123
1085
5880
14
2446
2955
8543
8864
9796
7159
2769
7814
24
2465
8000
9495
1882
6602
1437
16
5416
1464
4886
1055
1252
7813
2100
3628
1564
1487
16
3951
8428
3691
9749
7894
7131
5205
2834
12
3412
1132
8181
9438
4278
4282
19
7921
6144
3171
4300
6652
1872
7724
5993
8051
29
9749
9553
3937
3271
4395
3750
9177
19
1459
1351
8520
6481
6312
4161
4615
4757
698
5316
23
7209
7893
1670
2656
4815
7221
8168
23
1463
1872
500
1413
7044
5978
4274
7405
16
3039
1337
3504
2296
3864
2050
3587
5498
7873
26
1779
4436
5067
4980
3731
2184
8166
5565
21
3846
4922
6226
9557
6907
9343
19
366
2359
1109
9050
7893
5827
9195
9661
14
2799
2183
3717
1990
4156
9721
3100
7237
19
5550
2458
7191
2968
2122
9668
7195
4538
2643
5884
25
2283
4268
5297
5564
9340
6338
5935
13
2074
9605
7450
3541
8646
6254
9867
18
1864
2790
6103
5398
4584
7731
4450
8224
758
21
1938
5207
9348
7860
8742
8513
8999
9862
9
531
2826
5216
9395
3509
7026
2090
5074
7845
24
9155
5500
3916
3991
3979
4187
3211
28
8686
6270
9297
4191
9106
9750
7633
531
9
5432
5597
2314
1288
2135
5542
2791
1486
20
7085
4369
7745
4102
7540
4868
2177
5090
29
6977
3663
7850
1471
6821
6062
6227
1779
1516
13
9430
3658
5215
5637
4250
1062
3046
23
8960
5472
3618
3051
5993
3694
2706
8271
9
315
2985
4571
8488
7220
6909
3768
15
9984
9312
6136
6850
6510
4424
1100
4753
2825
2681
17
6153
5842
7672
5991
7900
4262
3950
17
386
2884
6468
1993
9098
8139
2670
12
138
8182
1118
3575
2753
4504
6657
7001
5489
5338
19
7062
5750
6463
8910
2178
9298
9821
2529
18
8672
4992
6111
4834
3800
9845
8643
4629
21
7176
6034
5097
6413
8779
1172
3055
16
4237
5102
2449
8527
5899
2058
5289
8872
1556
17
9715
500
3160
2284
1569
8284
20
257
3278
3921
2270
8890
4441
550
2271
3382
13
346
8764
5125
3706
7232
7972
6207
9684
27
7569
4600
6587
2467
7126
2570
3964
1778
14
527
2022
3100
6482
4954
9094
4537
8762
10
2224
2947
6370
8555
8734
5450
9018
24
6396
6759
5587
2090
3372
8549
4931
2618
20
5255
5636
2078
4889
3870
3572
3590
5255
7084
19
8685
5734
4250
5591
3401
6184
2709
1270
9888
33
7341
3095
8174
1356
1200
5187
4447
2239
19
1560
4031
4761
7675
8086
8284
9816
24
1753
6820
8225
8054
2861
5647
9597
2985
2866
22
5699
6700
5388
9485
8107
4755
5777
2063
26
6956
9633
4707
6380
4650
1139
3585
22
4594
2774
6232
7186
3708
5128
2245
585
14
6611
8325
7435
2843
8932
7913
3047
2296
4411
19
8359
5650
7022
1930
8964
4700
7446
4773
21
3450
8039
8814
9026
3050
4421
15
1356
7377
8764
4845
9277
8954
1529
3974
9393
24
6668
2118
5598
3600
8876
1774
1466
640
10
6665
9791
4350
9713
5274
9823
1865
9322
16
1036
6314
3192
2826
8651
3350
8768
9
5130
5654
5182
6965
4813
3135
7412
6500
23
8821
2678
8563
9754
3418
8564
7033
2106
5507
17
5831
7706
1800
3148
8817
4713
8932
2647
6531
19
6720
9759
8537
9584
2900
7297
8311
899
13
1130
5998
2154
5209
4336
2588
2850
1832
14
4308
6605
7927
9961
5250
7151
1323
2980
19
3507
4150
4767
7430
2126
8794
20
7602
3926
5556
9000
2013
6615
1550
1739
27
8024
8748
3243
9966
1466
7928
7377
4725
1137
19
8821
9635
8925
8877
8127
6293
6479
20
8521
8327
7000
850
6494
5408
7664
8619
9505
21
3666
5030
6465
3765
7683
2850
8121
17
1637
9851
9651
9585
5929
9233
6527
6245
5499
27
6445
9096
3154
2741
5681
8859
7331
13
2672
8041
2840
2800
8676
3195
5431
9595
19
3911
9622
6618
4367
2480
3542
4400
9357
16
484
2918
2334
7271
7600
2624
8037
3506
3665
813
12
4176
6983
1175
6339
3661
9478
2209
5428
19
1527
8350
2267
4342
2387
7480
7861
22
2982
8807
5117
8153
8799
1950
8642
1667
3980
20
4876
2826
9037
2883
6331
2128
3030
8240
6
8878
9931
5174
9393
6645
8202
22
5854
4970
8529
9000
8106
2233
4657
8664
17
9251
6746
4539
8750
4099
6418
7950
7805
16
6876
9610
1376
8519
1915
5887
2551
4316
19
6490
7904
5502
2641
7572
5850
7413
4250
4
112
8651
1029
5150
2284
2663
5809
1476
6562
6525
19
2784
4428
5258
5369
8400
3199
6165
6484
18
6719
9357
5114
5597
4283
6970
1988
9282
21
1186
6101
4577
6628
9466
4637
4969
6490
19
1248
900
6578
7552
7990
2074
4218
15
4754
3132
7458
7782
2472
9500
4467
17
4382
1468
2078
5017
7145
7362
4423
4081
4930
16
3933
8629
8264
5491
1931
7665
8853
3945
8404
16
4585
1450
7490
5851
1032
8317
3969
27
9596
9140
9288
6455
2167
3200
4024
18
2128
6471
1938
8893
3645
7658
9305
3030
9089
18
6561
1206
2041
5942
3569
4397
3612
21
8418
2779
3064
4600
7466
7587
6019
3675
9306
6604
16
7968
6729
2947
6771
6250
5933
1881
18
2646
2278
4096
7191
5087
7548
6684
2952
26
6785
5209
6108
2806
5507
4312
4176
14
1463
1966
7081
5650
6356
8612
7193
8102
7893
27
5322
1368
8081
7716
1492
5650
7141
2805
7692
24
3801
1539
2033
1698
4901
1963
14
1274
4763
9291
9414
2920
6273
5411
5576
153
8187
24
3913
2050
3412
2566
2775
2917
19
4870
841
4501
8814
2831
1353
1800
2498
19
4807
6777
2359
3041
9689
8114
1128
6546
19
1514
3709
4446
1618
4936
1496
2283
6542
2056
13
5134
6643
2950
2487
6583
2116
9636
5607
15
7233
3145
7073
7287
5539
4900
4323
985
8448
24
4407
4139
9582
9455
7588
7647
14
1123
4280
5911
2275
5701
5687
5555
5559
4034
15
249
5119
8150
7110
9015
4135
7271
2179
19
3680
3298
3950
5364
1415
5550
4557
24
1968
8748
6166
4843
4966
5067
1122
4654
6788
6616
29
3606
7772
4307
8212
1010
7037
2612
2016
9
9016
2850
8113
6519
4782
7365
2810
13
2902
1539
9882
9685
6561
3700
8358
20
677
1340
9629
8481
8258
3896
5874
2186
8828
26
9775
4665
4336
4555
9492
8825
8722
9860
9695
29
2201
6950
9350
2142
9771
4725
1733
14
9892
7145
8320
4767
5875
9050
1026
3470
7120
14
3825
9130
7723
1228
1216
2886
3709
19
5512
7165
6551
1107
3031
2232
1318
6731
17
6362
4594
1350
9359
1434
8708
2117
3964
6477
24
5659
8804
6861
8603
3000
8210
674
7441
16
1873
6429
2583
5248
3956
5538
16
8338
844
1647
4627
6730
3441
4751
7419
578
11
1523
4143
8450
8776
6868
7252
7710
5101
7
9051
1193
9228
6010
4165
6150
6760
9
3303
3555
4034
1497
2430
1263
8539
7623
22
9307
3379
2988
9788
6044
4015
5543
3262
4779
27
7584
6011
1500
6966
4019
6212
7366
7275
21
3117
1319
8388
3661
6641
1450
4667
3959
26
5627
7031
7807
8124
4919
9230
6973
4113
9364
22
6778
5468
7599
8570
3940
9932
10
2053
4395
3231
5550
1061
2000
5221
7447
3305
11
1455
7990
5881
8351
9579
1050
9780
8355
9502
16
1532
7202
9479
7197
2458
6222
1737
979
25
3551
4575
5912
7761
7476
4990
7581
2887
25
7606
8800
1754
6581
5998
3248
7701
4483
19
2263
7644
2737
6000
4500
3578
8079
14
6530
9383
4256
1362
5864
9266
7092
20
2201
488
3004
6933
5445
1729
9738
1895
8948
7411
29
9226
3800
5036
5167
7787
3495
765
27
9837
1589
9855
4301
9350
4500
9381
2309
1484
17
3124
6277
9495
3996
1275
5133
8363
20
3077
3537
2245
2108
4665
3827
6601
693
8628
24
4196
2650
3713
5591
4211
4872
25
5882
3859
4898
1842
4719
1060
1400
5931
3867
6800
24
4036
9558
3010
5733
7770
5238
6178
22
4555
7820
4495
4860
8523
8317
3795
3718
19
5090
5786
5750
4810
3237
3952
8649
2560
3837
21
2297
1708
3317
9836
7500
1633
4470
15
6571
3689
7494
1412
9926
8981
6801
21
3219
8427
3580
9231
1809
1600
7064
4957
1910
11
5363
3060
1000
3653
8612
3830
3121
13
256
4008
7918
8404
4290
7879
5250
9563
6538
22
4634
9717
3277
8589
9472
6574
4788
8744
4700
23
5174
1061
3187
7766
8949
3214
251
9444
21
1114
1700
2875
3472
4496
5412
2345
14
6319
6498
7545
5621
8399
3350
7299
8865
16
4192
8880
9778
8883
7249
8648
9180
884
367
16
9302
7681
8296
6300
4468
1793
16
3163
3265
6387
3350
8425
2775
6557
2482
3439
19
2985
7659
1002
3917
7748
5000
8615
904
13
1133
8711
3169
2191
4037
8243
2360
7289
6213
26
7153
6300
8327
3100
5051
3750
24
1599
5357
2062
8500
7608
1215
1380
6883
25
8050
6397
9179
2849
9331
5782
4350
6504
2777
7753
23
6599
1985
6266
1952
7859
2236
1111
21
4935
5445
9042
5616
7303
2677
6271
1762
1957
22
9788
9950
5880
6087
9714
6151
22
859
8872
1960
2370
7333
2381
2700
8100
5470
1745
17
1259
5661
3240
4456
4240
7429
10
4079
6004
4216
7647
5766
5336
7831
5673
3023
8
6561
7334
7700
2722
7554
1497
2280
5990
6987
30
2022
1812
2219
1945
7000
9135
881
1669
22
5396
9051
5413
2131
1842
6802
4231
544
13
9237
1805
3276
7487
1105
3881
595
8258
19
8455
7050
2575
9801
4607
1816
8535
12
318
3803
1893
5809
8323
5350
7883
4354
8684
16
6883
8734
9282
2277
4638
7515
4664
13
3316
7213
6841
6048
3430
1739
2258
7779
5625
30
2786
7300
8381
3563
3322
3448
1050
17
6344
5398
7589
5783
6990
9250
6897
23
2720
6287
1273
2671
1255
5968
3609
9324
8009
17
9627
6029
4534
5342
1875
9599
5493
26
2798
7546
1637
950
1424
7081
2546
1169
5401
26
4499
3774
2855
1843
4993
8000
1736
19
4193
5941
7396
3327
7515
1912
2807
3110
7107
15
2422
6511
7430
3877
8592
8447
9327
3210
6
3785
3845
3450
9644
6164
3570
9429
7107
4787
15
7744
7159
6298
9255
9600
8373
9658
28
9769
7265
6784
7593
9417
2953
9223
7587
10
6031
9714
5382
2664
7292
9039
2047
8617
22
6941
3370
9300
3305
9853
3291
1264
13
154
328
8320
2405
8886
2283
3200
1166
18
8729
2583
6814
5060
7933
5138
3362
5231
20
6016
866
5870
6320
6074
5695
9699
6218
26
1226
8486
8212
5400
6676
7272
1934
8921
12
750
6589
6033
8448
1035
2750
7900
9028
4621
7
3130
8368
3993
2051
9012
1672
9497
15
2790
1158
5607
1717
8397
2515
9094
8569
3605
6719
23
9406
4150
7557
8888
7037
6346
2742
2247
15
9865
7024
1466
8553
7750
3117
16
1164
2653
3770
9083
5733
5490
3347
4574
6604
21
9525
1602
7609
7078
2642
4369
6338
16
7504
3086
5373
6700
2316
2014
1535
1716
1982
8788
20
2188
5537
5138
1574
600
6573
22
3846
8428
7358
7598
8487
9734
2147
9027
6114
3931
16
6145
3575
3588
8345
9499
5097
12
1335
1698
4360
1800
1136
5013
1670
6097
14
6481
1094
7237
7548
4940
7894
700
1505
21
3162
6843
4546
7288
3460
1002
1148
8386
352
5588
10
8244
1915
2185
4371
1216
5343
4861
17
9512
9740
5700
5839
7292
4933
4460
848
648
18
8692
3399
7016
2611
4800
7424
1640
1030
11
6371
5232
5943
7643
7897
7948
8084
20
7841
7183
9762
4910
1291
8619
7292
3310
7
2296
5061
1850
5796
6556
8296
9833
8246
1849
20
7177
7802
7792
4044
4150
3043
16
3241
4570
9465
6250
6469
5749
6115
5871
6440
411
14
5897
4212
4995
5159
5842
3776
6661
19
122
7312
3300
2983
9257
3849
7014
5727
5789
29
1901
8590
4306
2670
7250
3939
9
2115
3426
5181
4088
1255
8230
3828
6517
16
3596
6334
1989
8986
1939
9370
4083
9927
15
2094
9130
7514
6650
4338
9162
6705
1498
20
8155
6527
2064
1929
6831
9203
7850
7698
1496
20
8648
8074
1001
4044
9675
5031
6436
2043
8236
19
2890
5883
1483
5249
1563
6580
8
7311
2060
1473
7600
9754
4672
4312
3853
10
4193
613
5374
2691
4750
9923
8200
8454
16
3391
3416
6373
2431
1149
1034
3250
7283
19
5365
1836
9691
2431
9234
5158
9569
8676
12
246
9654
8352
2450
2498
1270
6112
2138
8364
3320
21
3156
9464
5170
3489
9500
1871
3021
30
8859
2144
5070
7898
5487
5544
7354
10
9942
2134
7398
6986
4903
4837
8587
6748
6130
10
9912
2356
3300
5414
2102
3270
1472
15
6612
6386
7475
8958
3414
6929
4850
9258
8048
20
8182
3015
2724
1656
9569
9899
1366
2430
32
9977
3445
1533
7945
5339
4308
3874
7
7627
2302
1874
6500
7016
5565
1354
8557
2869
25
8363
8017
7522
1536
8255
8300
7988
20
8156
5906
9252
6858
7989
5167
5250
2663
2680
8684
26
1467
4203
8932
5044
4999
9584
5891
3120
23
1758
6950
6927
2607
5422
1550
6843
4982
23
9548
2924
7469
3295
8000
8862
4192
1872
18
7651
6866
8083
1648
8149
4893
1225
10
6309
5136
8374
5650
9607
3216
3199
18
8046
9818
3747
1050
7198
7859
1231
6654
838
3820
19
5677
4295
6746
6535
7800
5797
6978
20
4961
3818
3251
8740
5934
9917
8284
9135
29
6788
3860
5714
1239
1199
1705
5845
21
2487
7392
1267
9250
6833
6613
1746
9668
9448
4001
25
5275
2822
2738
1407
1500
3219
23
7683
9662
1286
8194
3421
2359
1954
8947
10
1180
7439
1936
4320
3830
9960
6238
7586
1998
7151
27
5484
4600
1625
6050
6808
2413
3340
9
4221
1927
1578
9808
9259
4800
6389
4215
17
7325
8606
9242
5472
6746
8251
6921
4651
18
1890
1214
1719
8274
2765
9576
3372
6654
18
6183
3902
8900
6700
8620
4403
3649
21
9309
8445
4468
4226
6933
9905
7300
1442
26
5957
1343
2370
4962
4011
1376
6131
5857
16
466
9228
5059
1126
8815
6832
5338
6591
1381
19
2809
5616
2300
2771
2267
4190
4859
19
5419
7184
5816
6944
2885
3844
2800
2376
9065
6079
20
2379
3664
3530
1870
9767
5393
9370
22
5647
8212
2265
7417
1633
9096
7570
16
1258
1606
9864
7800
2216
2251
7127
5224
279
18
8588
1865
2362
7225
1381
2600
4111
21
6771
3614
8301
9132
1204
7016
9020
4810
2220
6
3445
4634
2246
7357
6162
6435
2241
4699
6590
28
3194
950
9180
4247
2477
8732
14
2352
2273
9391
1626
1410
3727
6250
8797
3032
12
9111
6228
2707
7608
2363
5541
5830
25
4993
1272
9431
9913
3376
3791
1295
9671
2592
18
1634
3097
6850
2477
4792
1262
6554
7575
5017
13
3443
1650
8097
1489
2050
1619
993
3680
17
9451
1996
4741
1028
9703
6150
7308
13
292
5099
3794
3906
2344
6442
2141
2136
15
456
6485
2250
8978
5405
7268
3916
9541
1075
19
6584
3407
2007
2844
9000
4183
2989
28
3770
8022
5067
7662
1225
3109
4952
16
1218
6136
8984
2998
9023
2503
5007
6681
7216
16
5425
2652
9850
1172
7541
3065
4315
4
220
2841
8539
1349
9395
7204
8150
4069
9756
9186
24
8044
1825
3168
9750
4688
4193
4139
17
3228
1935
8599
1696
4718
5988
5673
15
7152
726
3319
9700
8871
7158
5774
3728
6944
23
1619
9233
6991
3896
7173
7650
7422
24
2613
5847
7721
4014
2892
1609
5405
9940
16
1555
2151
7836
1122
7403
9523
8336
9528
1268
4533
17
4390
6950
2866
6955
8066
5243
25
889
5775
1893
5543
6761
7411
5650
5968
7266
16
808
2093
1178
6605
5591
3860
9438
7494
8305
16
8738
3184
4224
5072
5886
1343
6
1203
3013
1864
4850
5265
9200
7235
2398
7174
471
12
1822
4227
2733
4398
6850
6184
3232
20
4538
5700
6353
3962
5049
7763
1582
8566
4936
25
2282
6609
7582
2964
3706
6664
9095
3821
14
2581
800
9813
1338
5451
1762
21
3048
8157
6461
6759
1704
3611
4550
3100
9102
12
530
6633
7784
5033
3194
5779
6336
537
27
5688
9464
6885
8474
6295
9088
4556
21
550
6627
4041
3550
9329
7648
1430
2898
9305
6218
17
6471
7005
1926
1163
7100
3185
6890
5745
21
7032
6446
3199
6270
6280
2181
8302
13
224
5043
8399
5383
7392
4344
7765
4231
9502
10
7413
2300
5602
2827
9364
9939
2455
3654
18
7564
3181
7910
6629
2500
1438
18
2340
3168
2750
3267
5288
5505
1930
5875
8433
18
4150
9181
3612
8639
2059
1439
6334
7886
2748
29
6262
3000
6017
1822
5273
5226
9517
22
6569
8736
6053
4033
2266
2450
1087
2234
8812
19
7140
6633
8907
1737
4377
3054
5715
3147
18
1470
5996
3348
3535
3373
8530
22
1975
1909
2684
9400
7673
7441
3208
9467
17
3601
584
2753
3340
7885
5262
4500
7964
9357
4198
24
9388
3155
7884
9082
5536
2280
7704
23
7844
4663
1763
8822
5601
2943
2540
8421
3626
15
3464
6900
5495
1251
3865
6074
3195
8580
21
2578
5126
4062
7736
1500
4518
5414
13
4351
2810
8132
2356
8932
5919
2077
5438
20
7990
4253
4561
1099
7710
2543
5702
13
5224
3158
7296
3800
7271
7243
4741
5102
889
25
4330
9270
3684
9024
4419
1050
1040
13
8364
9211
2762
8904
8778
5876
7683
6600
18
6285
1458
8963
3103
4024
5208
4745
6103
1924
3935
16
1005
4650
6041
6427
1731
6195
5141
11
6311
8504
4737
2253
3653
5400
2452
18
4698
8190
7797
6022
5943
7809
3226
1070
16
4686
2833
3934
5162
5249
9665
4772
1966
4221
9831
9
4764
6300
2229
7966
2336
9195
2518
672
15
6465
6786
3068
7915
4050
9364
7596
4973
23
4516
6955
4568
6216
9115
5173
18
1098
5666
5712
9914
1742
9259
9414
5201
822
12
5101
3996
7350
1334
6944
4954
4655
27
9968
9369
8522
1815
4354
6381
4750
6950
9182
19
8326
9391
7115
4458
8110
4440
6506
1020
3588
24
4606
8288
5469
3080
8607
1589
1118
1562
11
2804
8050
7838
1300
2338
7739
4700
891
11
7584
7001
4379
9753
2650
1214
4961
20
3382
5131
6460
3983
9142
9215
4715
6002
8
2451
1288
9064
5222
6268
1066
1807
8916
2718
24
7740
1450
2729
1851
2061
5368
8753
23
8536
1550
9952
3449
1717
7750
8052
8076
21
5134
8535
9770
7012
2878
9425
2718
8
2510
5715
7268
8761
8645
8291
9118
1942
9020
11
884
5770
9150
9554
1345
4236
7973
9648
25
8926
7283
5196
3012
2545
3200
7916
20
9524
1824
2073
5421
7037
4875
6843
2134
255
9425
12
8539
3262
3679
3783
9035
4686
1312
6097
7
4950
9100
8061
6492
6304
1620
3885
24
7926
3491
3368
4988
8818
1100
2978
1898
26
9683
9418
2705
3784
9972
1031
4977
22
6196
634
5564
1772
5266
6572
5976
8627
16
8738
4615
7559
3550
1777
3751
7874
1456
2560
12
5313
8842
4134
6894
6320
4000
1604
15
9114
8282
6398
7426
8494
2232
9094
1005
1208
4777
25
3432
1502
3556
6745
8834
4299
9056
20
553
1452
9400
8806
5858
4600
7312
4698
27
1733
1789
4835
9511
3388
5800
1820
9334
27
6777
3583
3484
6339
4812
6854
4544
462
6264
18
6825
1794
6597
9161
8614
5456
