-4541
563
9089
8691
-1734
-7822
1708
2214
-6864
-9947
8197
-2682
-6019
5924
8224
4817
7621
-3968
-8720
1643
-7467
-5044
2220
2395
-9171
1009
-6525
7349
7677
341
9396
-6847
1543
6538
2955
-5728
9810
1605
9210
-5186
-610
6846
-5881
830
-1730
-3184
4738
3697
8624
-6659
-2804
8172
9588
-7444
-3808
-1742
-842
-6637
-2790
-7338
4674
-6552
-3461
-367
-1530
-1371
6210
-4698
-9070
-5567
-6348
-2091
-1792
-7296
2262
693
-3550
2174
-9414
-9186
9763
3815
-3415
-6708
11
-4370
1604
-6333
-6644
-1130
4689
-2700
-2598
9624
8829
-5065
3757
7051
8681
8103
3010
-1532
-928
-2619
4773
-6864
4107
6408
-5533
9267
-2474
-4562
-1405
9040
-3280
-4400
1633
-3440
-2510
1267
-9747
-8163
-4588
6400
6175
-5720
-1375
-7748
-7088
-5244
-5135
-6973
8179
6693
-1016
-4181
-8916
-5765
1802
4979
-2351
2818
401
2403
-2976
-2522
5668
-2846
-4144
-7331
4715
-9373
-8117
1755
1810
-4254
2727
6054
-1229
-2998
9443
3378
-6546
4631
6506
424
7203
6089
-9635
1446
-1222
7310
-5709
3616
8994
-5829
1103
8386
-7476
-1486
4329
8647
-8535
-8382
-7074
526
8887
-2294
-3788
-1283
-200
-1792
-9432
-9090
9232
1096
1359
-4209
-773
-882
2575
2997
6056
-1559
872
3213
-924
3487
939
5699
-6515
2610
5840
-4456
5724
5124
8105
-4793
4155
-5306
7373
8282
-861
3325
-2217
-1634
-5916
-4084
5914
2003
5686
-5703
-4567
-5288
-3445
-3880
-3883
-9926
2362
-5546
-9265
-8089
-707
-2431
9416
-477
-9241
5296
-4007
3151
-3736
-3971
4280
4067
3314
6822
-1290
8270
8211
5989
7571
8430
3448
100
453
6759
2651
3224
-6980
8110
-2888
-2904
9587
3343
-120
-5269
7831
-9123
-4680
1578
-7978
-8673
1698
474
-2686
-8068
5255
3392
4137
9853
-490
-6612
-9900
-6488
-5659
-7357
7425
-9733
8371
3018
-8396
9104
-5217
-2127
-2537
-1893
-753
-6304
-1771
4743
4653
3520
-6851
6953
6101
-8344
8122
3430
-2635
-2171
7812
-7341
-3024
-53
-8101
-815
3155
4933
9299
4000
7904
976
5802
-6227
6893
-4029
-5193
-9506
-1205
3255
-2143
-7131
6403
8683
-1331
4315
3812
3484
7402
-6304
288
-7879
-7184
9876
-5072
-6968
9969
779
-7614
1351
4561
4859
9786
8771
7916
6559
1131
5367
2554
8286
3938
-7458
3594
9049
5607
-1747
-7502
-2675
-126
9464
-6983
-3954
2364
2360
7376
6142
1233
-6135
-4804
4037
-3570
1331
93
4357
8001
3305
-6105
-5969
-4280
8476
-7244
-6273
-9221
-2323
3297
1582
-4780
4295
5810
-1902
7422
8447
5520
-284
-1279
8929
6665
-1972
-3707
-7135
9659
-1526
-2323
-4089
6647
2614
8889
-8656
-3851
69
388
8575
6943
-5062
6216
-7222
4522
-7963
9297
2392
-2453
-7667
2051
3957
-35
7218
-8970
-9271
2943
8236
2180
-6155
-8492
3067
-9270
-7394
6150
5013
-984
-1359
1877
-9164
-4472
5077
-7602
6087
7437
-6160
1628
2382
878
4641
5
-7156
8490
-3942
-4105
-1370
-897
2876
4301
3955
4302
-1386
1701
-8355
-2505
8723
-2475
-3171
5993
-6340
6441
-8492
7200
3838
-7522
-7716
1991
-7473
-3002
7725
-9437
-2207
-3777
8009
-6524
-4461
4615
-3893
-2633
-2113
-2477
-6327
6968
4786
932
6834
-5021
7686
975
-1556
9094
-3895
-8228
4092
-2737
4598
-3610
6188
-471
4079
-873
-5530
-6480
-4346
-677
-8918
8333
-4108
9264
2059
-9916
-277
-9111
8041
-135
6824
-3567
3394
-4948
-7393
-433
2221
8180
-2991
-3740
1292
-497
-3759
4718
965
-364
7077
1171
432
9881
-1858
8594
7957
-1496
9081
-19
-5220
2739
4776
535
-9232
-3972
7121
-2344
9787
-4147
-5454
6249
-4153
-1407
-3325
-3782
8045
-4265
-9953
-8783
-8617
-4085
6569
-5127
2625
-1005
-670
-6683
549
2498
2356
-8357
7336
-2674
3267
-6371
-5026
-7291
-9843
-7516
244
-3341
-9691
666
-7773
4509
-2258
3436
293
671
5417
-6930
-4538
2771
1902
-9933
-7368
-9372
-4526
-9054
-1753
2563
2966
-7030
-8475
2128
2007
2581
1455
735
-4153
3544
1338
-5252
-6622
8604
1462
4794
-7258
4087
-3269
6011
-4013
-5674
-4214
-8668
-5077
-5922
-7841
6650
2527
4574
-1684
-5821
-2080
7051
5892
4232
-351
3764
-5123
5699
4863
-7359
8098
-5149
7169
9151
-6401
2390
-2264
2803
320
-1898
2201
-7291
6388
6592
6372
826
-3659
-2569
603
302
3265
-9984
6118
-1572
-5025
7913
6761
4864
-2556
8158
2285
7094
8647
-5409
-421
-1587
6248
8842
3184
-8187
6169
6489
-4120
-6975
-9447
-1937
-8807
-2107
9093
3408
6309
-8635
-1125
-4102
-6195
-8457
5212
-2257
5151
-8098
-9149
709
-9430
-6867
-9730
-696
5956
8563
384
7250
-2936
-8608
-1346
-5308
1459
-7028
-9446
-2268
6248
9186
5540
-2432
-7066
-4569
9062
-3535
-6510
4908
5570
-2775
-7285
5658
5703
-5200
5462
7429
-3158
8848
-7028
6397
1967
2529
3962
-2586
-992
8413
-3635
139
465
-5677
-439
9773
-5446
-4777
-1531
-554
-1713
5728
6015
-9042
-5385
9107
3765
6060
-6898
789
8581
9889
-1863
6724
-9000
-5311
5738
-9415
7123
-7131
-6543
-9365
6530
2051
-2896
-7432
8603
8696
-8976
-7226
-3113
-1608
1385
-8097
-6274
-4801
9717
-4506
-929
-2876
-4717
-9691
-4762
-1970
-3262
7887
4446
7183
9109
-7005
-7019
1760
2116
7544
2420
4091
-182
5213
638
-5842
-6815
5434
-6377
440
4314
-5079
603
-5684
9996
9466
4207
-9005
4461
-4476
8086
4239
-3946
-5446
-1811
8074
-324
-1768
-9399
-6922
6147
4582
5235
394
-5536
5002
-6104
3988
3466
185
-856
-810
-1486
8397
-6357
1702
-7810
2934
-5233
-6945
-6494
572
3045
-4474
479
8131
3137
5847
7356
3978
-3741
-5493
1154
-7915
-1497
-1686
-9096
-1562
7929
4742
8606
-9078
-7678
3820
8914
-2516
46
-207
-7881
5661
3389
8064
9102
-4738
-1780
9787
5700
7571
-5860
-3631
749
-4002
-7092
-6601
1886
1382
382
-1396
8336
2776
-9439
7147
2800
800
-5788
892
-1655
4641
-7716
8628
2391
-2958
-3136
-1961
-9211
-2934
1041
6443
-1630
-6784
-9170
9516
-5798
2065
4539
2509
-4506
3492
3485
8976
-4074
2155
-1409
-3474
-9955
-8716
-9652
1044
-938
-6933
-1332
4013
-2912
-3778
-7232
522
-1552
-9822
354
929
-8513
4209
4903
-3810
9830
7769
-1022
-1637
9929
4011
-6325
9186
8952
-6412
1329
770
6236
3188
-4212
5216
-4596
-9893
8973
9579
-5872
-5317
2307
3109
-9184
7027
-8934
4975
488
-4801
5746
4791
-5402
-5716
8082
4246
6772
-8313
2772
9233
7501
76
-1276
1528
179
-210
9016
-3930
-3848
986
-3139
8410
-2418
7189
5978
4354
9422
-7482
9676
-9644
5473
2002
8453
-5965
-9045
-6521
1213
-5881
7196
8870
-7255
-6593
3257
2253
5228
5394
-4605
8189
7356
583
-9423
-8450
-1220
7347
-5203
3558
-51
-7719
-2081
-955
-1958
3746
-6657
9084
-675
3194
-6759
7954
4463
-7012
320
-2945
-2521
-1853
2798
7929
-98
-9647
6137
9512
-2573
-4006
852
-2895
-4218
-5484
-8621
1783
7027
-1340
-7710
2345
-2037
-3474
-767
4122
-5734
5348
-1552
-4809
-944
-4293
-1440
-3835
4477
-4001
-7141
5796
-6627
8568
-3635
-4489
3474
-2226
406
-8488
-6564
-1062
9439
-3800
-90
4522
2967
239
-59
6199
4458
3250
7835
-5958
8734
-3787
3872
-8410
-2832
8508
9616
-2758
-3278
1299
-6019
-2247
-1154
-4092
-2115
7933
-5794
4482
-2680
2811
5295
-7409
-3791
-2148
5617
512
1535
2152
3646
-4030
5939
-4644
-2116
-7616
-4569
1956
-3716
9365
-2684
-6764
9649
-3038
5939
8782
-7628
-7453
8002
-9791
-2868
1301
8550
-6063
9767
1020
2236
2320
2651
-1972
7841
-4749
-1559
-2645
8679
8215
-8295
-700
-6400
5858
5689
5418
258
-6459
-3861
-9748
-7441
4991
1526
9401
-7431
6189
7654
-1457
2141
-7153
-8037
5131
356
-2948
-1104
-5273
1135
-8187
-9759
-6414
-1014
-7771
-9335
-3699
-3374
6432
8556
-7442
-5630
-1811
704
-9292
6184
-5116
-7480
5337
5217
9789
-7948
3203
8933
-3656
3164
-1957
7577
9811
1365
134
4671
-5470
-5589
-4042
405
9478
2563
-9046
4772
-8775
-9197
6949
-3159
8801
3796
578
-2604
-5787
-6730
-260
-7366
8108
5006
2228
9939
7218
3623
7092
-2153
-1396
-4310
-3349
1444
8215
-1475
6865
7853
-3512
-30
8181
8798
1484
-3649
-7412
-5646
3654
-3873
6266
2580
8758
-3062
6526
5940
6834
-6723
-2363
-2851
1570
-7728
4390
-6194
-3022
9691
-1420
-2348
5000
1301
-3260
9647
9065
-2029
8091
-3775
-8574
-3571
-6280
4594
6253
-4406
1284
-3204
-1904
-5945
442
-3116
-1656
5168
8835
-5107
-9744
6979
4541
5917
299
1491
-6409
1159
-3439
-6669
-7120
252
2665
503
9221
-5093
6435
-9479
-2402
9484
-6886
-7078
2098
6483
1011
3312
-4928
-9275
-1859
3057
-6771
9036
-5019
-4107
5296
3370
-8967
8825
-2834
511
-2913
9513
4098
7084
6666
-4735
-9089
6954
6115
-5229
765
-1769
-3378
-3730
4494
7044
7326
-6291
8429
-8366
-9813
-2885
-4346
-2729
-6730
6006
-9475
-1239
3159
9043
-5701
1946
-9382
8835
-7128
2431
4946
5596
-3574
-2225
-9965
-6038
-982
-1680
809
1421
-5974
-7005
246
-113
-495
-7626
-7626
-5246
6682
9015
-4608
7632
9862
2242
-9187
4179
6447
9406
-5513
-410
7979
-1842
5429
1332
-454
-3442
4743
7480
-1259
-6219
-1920
-2716
7012
-5477
-1554
-6706
8502
8000
-6776
8212
-9709
-4364
6346
-5841
2362
3617
18
1312
-4479
5714
-8477
-9474
-6564
-9506
3383
9411
3755
-9187
-7860
-626
-1585
2014
6847
1180
-7203
2041
-4975
-6467
5300
7630
-1771
714
-1645
5162
-7952
5264
2916
5369
8430
-627
-2844
-8786
4789
-9420
-8104
-8062
-7994
3671
9870
4622
-6556
-9074
-5795
-8239
7941
-9241
6893
4429
-3375
8316
6777
-3538
5022
2346
8990
8122
-7932
-2936
-3941
-4497
-784
-7735
8987
-7286
-9699
8016
-440
-6684
4194
2051
4804
8134
4326
-4549
169
-4164
-3475
7426
4956
-1713
-9213
3734
5581
7848
-3734
5829
9145
281
-7011
2121
-6265
9177
-5579
3268
786
-5631
4535
766
9564
-1406
4887
-6458
293
3027
2198
8506
6210
4754
6065
9727
-6979
-3972
310
-5962
6418
-5235
9731
870
-850
-4050
7396
6993
-6338
-5864
-2298
4491
9388
6584
-8555
-5425
5442
-9331
-4069
3948
-7704
-9728
6175
828
-9838
-6428
-3583
-9345
7312
-287
-3673
-655
-7389
-838
-7582
-2445
4901
-7686
6325
2308
4748
-8092
7281
6934
-923
-3558
23
266
-1439
-139
5734
6056
-6462
3486
1582
-6126
-6727
1614
8349
7090
-7603
1905
3276
6505
-1759
-1853
-5855
-2171
-9673
5913
5858
-4693
-2953
6038
8371
-1166
-7136
2328
7674
2511
-9991
1435
7143
-9214
-648
-4918
3273
8583
-526
-1481
-8530
5219
2268
-2629
-6718
-9649
1275
-5010
6665
-9290
3839
8866
-8239
-5040
-3096
-6609
-4786
-5361
-9791
34
-5909
-4595
8883
4750
5767
-6747
-8552
-9597
-2275
-6736
-7567
3719
-5568
4821
-7039
5604
-5954
-5901
-2382
-8862
-651
1563
-7781
6978
-2239
-995
-7164
5824
-2221
-4065
-9463
8453
8104
-7525
7018
-2385
-5065
7655
-2213
-9840
1582
9642
4697
-448
2561
5455
8193
-3908
-6916
-1966
-4369
-1169
850
3481
-4258
2908
5136
-3388
-4241
8627
-4715
-859
9548
-3526
3488
867
7284
532
6309
-767
1977
-5592
599
-8739
-8867
9805
-7117
-8088
-4832
6455
-5933
-2427
7717
934
8553
-7486
-3637
7123
-7364
-2344
6245
-7803
-891
-45
7726
-9817
-8052
7428
5306
-3021
-5148
-8511
-5355
2387
1680
3863
9442
-7104
-341
-8724
3611
-6201
-2935
-9768
3629
-8610
-6418
-9501
-4746
872
3341
1300
5524
-4369
-4275
3218
3819
5538
-3324
7418
-7070
-2153
3388
8810
3695
-6484
1640
694
3292
1825
-7815
6432
-7021
-3795
2321
7437
8935
7190
3639
886
-2993
7674
-6687
-661
-7156
-3204
-6685
4954
4693
5943
4117
148
-7440
8018
-9581
6499
166
6544
4260
-9049
4006
7354
2324
-9960
-2635
1225
-9791
8554
-4331
-3749
4423
-4974
-9192
1930
-9263
-9815
-4278
5862
2427
4441
-4138
-2152
7513
8891
-2631
-1198
1600
8926
6496
-356
-9524
-6101
-6400
-5120
-2417
-2010
-7727
7309
4590
-7627
9087
-3041
2880
-6014
-8787
-2626
2180
-2291
-7217
-5412
9427
4432
5618
7172
-564
-2798
4867
9763
9335
-8606
-3468
8926
-4686
-8843
-5583
317
5449
-7107
9043
6095
4295
5192
7816
-7491
-2432
9542
-419
7350
-2512
4160
6977
-24
-511
-2348
-9428
8923
4849
8418
2651
1508
6218
-5679
1368
3492
93
6328
5914
932
114
-1502
9697
-2515
896
9631
-9848
-4691
1331
9052
-8709
7061
-1183
-4194
-1082
-486
7302
3553
-5800
4498
1149
-9218
-5
-6420
-2101
5733
551
5313
621
-6374
-1041
3198
-3047
5070
-9791
8992
5804
-5681
2209
-1605
9871
-2616
9768
-9695
-7990
3141
2664
-2420
-9574
-3681
862
-9845
9554
9876
2213
9789
6013
2557
8521
-8821
7641
-39
5117
-8257
3032
-5498
1370
9639
6411
-9953
6119
4276
9511
-6490
6458
9426
-3324
7429
-426
9152
437
-3842
-1983
-3947
-3851
-9522
3625
-937
130
3225
-9579
5676
6093
-7928
-2157
-4281
7628
-2950
-394
3426
8667
1448
729
-9098
5716
7597
4772
4795
7587
-5025
8030
8910
1311
8258
2577
-2783
-4950
-5904
-77
2056
-193
3350
-761
5200
1213
5412
4830
9944
-4344
-138
6405
-168
3926
1395
-1197
2852
-4874
7773
-9790
-9305
5517
3480
6763
5735
1590
3599
-8746
-232
-8800
3442
-8583
8597
7385
2295
-8480
9229
-5384
2373
8562
312
-9381
6967
-2
7895
7270
9557
9697
956
700
7542
-3766
-1858
1301
-7558
59
-7531
-3049
-7587
-8421
6760
-7089
5189
-7584
-2195
6932
-9479
-5654
7951
-9334
-7330
-4229
5310
-7681
-7484
8830
-9506
-2133
2660
-5967
5314
-9291
6657
-9190
4476
-8700
4809
-7025
1253
4762
6512
-1138
-3495
4654
-9194
766
-6791
-1327
7143
-2193
-3762
8362
4244
7044
7124
-420
-444
-9883
-4889
-9631
-9828
-6363
-3207
-9349
-9720
8632
-2305
-7997
-7942
-2859
-3120
3030
8934
-7899
6025
3969
-8234
-629
-2512
-5933
8059
-449
-3539
5211
-7918
4762
-2110
-2453
-4133
-9517
6387
-7194
-5908
-9895
7258
2837
5258
7548
1123
-1221
-2910
9330
-4806
7514
-520
-1541
-6678
2554
-5187
-4341
8543
-8457
2950
8136
-956
-1452
-3179
-3580
8008
3814
-2466
-6015
-7659
-5366
3875
-668
7459
6273
3931
-6431
1453
-6704
9375
-6412
9981
7121
2775
-7711
-3723
-6651
-8522
2136
-5677
7833
8490
-4037
-5807
4879
-1005
563
-8274
8173
-1927
-3402
703
-7583
3184
-6140
5208
-8976
5193
9276
-5138
-8442
-277
8007
-3390
7111
5481
-6788
9365
-5922
6380
-3957
8617
6478
7088
-3174
-552
-4057
9548
4544
-9642
3898
5097
1709
-8179
8096
263
4450
-9001
-3396
3335
9170
-7401
5150
-3509
-8756
6138
-2782
9805
3372
1725
-5900
-8711
245
-2122
-6966
-3309
-3446
8225
2143
-8183
6040
-4195
5246
9517
4007
8630
5237
2135
625
-844
-5238
5354
-3618
-6416
-3984
1594
7497
6574
-2432
4460
5935
-48
-3109
-2915
5100
-2170
8948
5823
2579
1778
9536
-9570
-4159
-6791
-7854
-936
8179
-2465
1168
-2584
9700
2406
-5643
945
7031
3427
-2426
2954
5150
-9405
-1155
4679
-1208
7185
4375
594
3744
-387
5328
284
261
-5443
-999
-1268
1524
8397
-5844
9171
-5553
-3263
-4824
-3000
-8000
9727
9676
409
5811
-7154
7661
-1306
-5072
315
8710
-4914
-8911
-9288
-6119
-816
-6816
9631
-6306
4336
4718
-6998
-7236
-4396
4758
-4427
851
-8572
-8745
5110
3641
-7236
9018
6792
6110
280
8787
7378
9325
9494
-7121
3531
712
479
-8579
2690
-360
-345
-3729
2565
-1294
3067
2370
2668
-4548
8412
9847
8987
-9187
-6361
5801
-2936
2402
8283
-9605
-7650
-8348
3719
-935
-6400
-652
2637
-7426
9892
-8023
-9650
-9622
295
-1728
4009
-5666
-266
2458
694
-3784
-8287
6948
406
-2337
1734
1446
875
-1112
-8187
-2826
773
6969
-1205
-5722
7581
2413
-415
4150
-7910
-2506
1002
9298
-4854
-5166
-5940
2797
-2725
5078
3486
1332
-707
-3909
173
-2119
-614
-3892
7106
5284
4499
1607
9293
9632
6305
-167
-9753
-9931
8109
8462
6636
-89
9707
8143
6511
-8763
-7743
937
-9777
5993
2913
-2746
-9182
3177
4881
-1539
-535
-407
-6674
6096
595
7265
2810
1262
-1618
9695
-7748
526
-6636
-2032
-2929
-5651
-7577
2100
-4835
-5408
-6283
-7091
-4093
982
643
-5442
1180
2067
-7840
-9866
6554
3287
6446
-6191
-9705
-2060
-6847
-1576
-7316
-9247
-8099
-9934
4663
2735
1357
9529
3197
8342
7634
6262
5526
-4129
-5180
-7167
8694
6063
6575
-3761
4534
3023
164
7567
253
8040
-797
-7112
4877
1253
2572
-9031
1428
6317
-9157
1357
-3243
-9600
8081
-646
-2223
-8379
-1847
-4094
-1225
466
8226
2924
-2326
-8590
-6237
984
-44
-7172
-5734
-8759
7406
9340
-9156
-8428
9703
9970
-2480
-1175
-8165
8804
3381
-742
7385
7565
1047
-6986
-1324
-5392
6895
-909
3187
-6248
9023
-2330
-4683
-2707
-5726
7809
-7945
427
4952
7922
935
3660
26
-3559
-720
-9926
-4621
3198
-3875
-7280
55
6062
5318
4190
-5863
-9458
6502
-4929
-36
5478
-3530
2495
-7491
7118
9317
-9294
8664
9434
6819
4914
814
2219
-1599
-4125
-7592
4295
-332
-4989
8477
7973
2083
3028
5020
-1932
-3195
-4625
-9365
6532
8769
-8304
-9497
7263
-1223
-8758
3045
1946
1830
895
7565
-8630
-1060
7203
4101
-2768
119
3390
-261
6595
3550
8889
-7414
6981
-8329
-5018
8189
7748
8938
-9593
8818
6067
4251
-4668
9925
3422
-4702
2318
-4809
6061
9563
3768
6470
-5168
-2223
8235
-3216
7778
5034
-9997
232
6421
8663
-303
1198
9196
-7056
-1468
7281
8122
-283
9114
1536
1305
-852
-8047
-5558
-3406
-1469
-4959
8548
2458
399
-8678
-5276
9088
-1915
2412
-2941
2635
1773
7109
8074
-3241
-6182
7845
5233
-518
-6921
9185
824
2678
4855
-451
-1129
-8151
-3024
1665
-7426
5364
-4524
3098
-3173
-6761
-4805
-4277
-5055
-1616
-7269
-9822
-4364
-6373
2236
8315
-5192
6924
-539
8354
3484
-7671
-7755
-7027
6131
-5332
6059
-6070
-2790
6167
1070
-3864
7914
-973
9609
-1401
-7418
8136
445
5134
-639
-9695
-4397
-6298
-9591
5629
598
3115
9854
-1265
-7562
-3949
3915
-877
-453
7738
3506
3289
7368
-5519
-1458
5272
8984
5608
6286
1202
-5364
1637
-2254
-1660
-7996
-4496
9749
3322
4418
6361
4092
-2330
6537
5795
8533
-8112
1553
2391
3557
7251
5246
-429
2836
-8912
1792
1778
-9452
9776
-1962
3204
3757
7277
2155
-2892
3413
5552
-1142
-6365
5538
-9417
-486
9075
1969
9845
250
-2018
8586
3900
6110
-4438
-5086
-6396
-2167
745
2817
-2070
4163
6479
9328
2408
-4107
-2970
-2757
4795
6089
-3307
4371
-9564
6331
6009
-4121
1400
-2782
-5202
4396
-3466
-2730
-8611
-4975
4186
-1316
-5833
-8326
2400
3040
-2567
4881
3199
118
7257
-2465
8851
-1866
-328
-2995
-5115
-5661
-5100
6792
6607
-5079
1994
5264
-2211
516
-3675
-2571
6896
4009
6673
-7012
1657
9230
-4510
6119
6428
4380
7561
-7066
-740
7969
-7190
-8539
4415
6380
-2820
-1824
-4326
4357
1354
-9857
-9327
5733
4744
4494
-1391
-7218
66
6932
1907
5996
8414
8461
-9621
-6379
1083
4841
3958
-170
-4239
2351
-3618
5492
4475
7774
6736
-9784
-5151
-7096
-2668
-7911
5834
-5599
3858
-4760
-2871
9437
978
-7451
-627
-5381
-1826
-2583
7366
3754
2999
5626
-3074
3490
-3034
-9755
-4645
-825
-6283
-2974
3885
-4823
-4861
-6551
-1272
-4281
2191
-2348
-6894
-4925
1684
-9779
-335
-9491
8520
-3139
-6121
-1316
8156
-7950
2921
7343
5379
9271
9136
-8499
-971
4813
-889
-7981
-4889
8995
8592
8374
8544
-9331
2454
4601
2662
3917
-1916
6420
-6201
-4432
7950
5303
-883
-8991
-1364
7912
5597
3879
-4771
-9900
-149
8733
-4242
-5367
-744
2178
-5338
-6123
4408
3426
2128
864
-2046
-4192
-7701
-7731
7003
82
-9825
-6778
3198
3534
1687
1871
1644
7860
-6565
8328
-3633
-1283
-4763
4087
8016
-9163
-6572
4007
-4416
7370
-5921
-1627
2606
4486
3639
-3427
-8041
1482
-1547
-6539
-294
9372
2117
7163
-134
-6576
-3173
760
-8594
1584
9617
-121
-1258
7505
-9106
642
6567
-7165
2165
-1599
-3808
-2559
-8292
6174
246
8354
-6053
2567
4946
-1662
4237
-9423
-5556
-4068
-7327
-9496
6674
1974
-7695
-9635
1272
9261
-5012
771
252
4909
-2203
-8789
643
742
-6114
-1460
6606
-5752
-5964
8138
95
9224
-9691
4656
-5019
-7519
1846
1491
-177
-7303
-745
77
5635
-5858
6617
9718
-2620
8475
-7971
-9903
6891
-433
2593
1606
2321
-938
1114
-1673
5496
9851
-9248
-7059
-6320
-2470
-8153
2919
-9952
1782
2257
-3929
-9427
-1466
-9672
-3387
1180
4164
-6250
2624
-4622
-5498
-9960
197
7474
-9182
-4670
-463
-4394
2192
-6441
863
-4592
7045
2202
-4583
3270
-7326
4453
-6233
-4037
6426
551
-1440
-6638
6001
1584
1909
365
8851
-9242
-3868
-8617
-2210
3682
2936
952
6044
-4149
621
9027
-3690
-784
8003
-373
8825
-6447
6501
-7364
-1111
-5821
7886
-4073
-1955
1944
307
-6234
-3954
-7527
-3860
4966
5752
-2426
-9171
1984
-1405
13
4894
-8366
-9139
1528
-8121
-3698
-2392
-2668
8831
-8759
9748
-9395
2830
1766
-4272
-2678
197
1398
-4954
-2795
-1803
4650
-7241
5456
6260
-2061
-2428
-5179
-2864
9860
9330
5514
4727
-7082
-1777
-9363
-2406
137
-391
-6366
5069
-6306
-815
2865
212
-9005
3163
2972
7723
-5471
-6230
-7669
-2287
-6580
2992
356
5614
-2898
2374
-9218
6999
-1458
-9547
5244
7602
2789
-1436
-9733
-6898
-9241
-3577
4593
-2803
3879
-6477
-3552
-7300
3544
-9076
-6628
7745
-8784
1815
-7737
-752
-6070
-8007
-5574
5637
-9196
7712
3586
-5752
-7026
-4444
-389
-9816
4084
2470
-3177
-9458
5364
3925
-1425
7070
236
-4492
-7055
-4647
8702
3361
-5184
-168
9076
-3417
-9304
4850
-2170
5140
-4139
647
1884
8395
-7343
6618
-3831
4786
-827
-224
3546
-8516
-7622
3389
-1765
3013
-6391
-2328
2222
-2771
4886
-4146
-8186
-6671
2258
-7455
2682
8019
-2475
398
-5148
-4478
-3747
3557
2189
-9927
9139
8938
1292
-9219
4245
-4495
7610
5461
341
8505
-3687
1019
-8361
3665
-8440
4670
-9678
7849
-9705
9496
3366
-3666
7025
-6968
-4791
-1385
4150
6490
2878
-5034
6309
-3316
-360
941
5417
-5640
-549
-6317
9514
-284
7443
-4028
-3179
9659
3877
1805
1232
-8040
-5210
-5016
1413
-4379
-2773
-7486
1631
7128
-2434
5541
-7602
-7510
2590
4133
-921
8553
-8246
3015
-5016
4273
8292
770
1933
2907
-2591
4633
-145
8279
-3984
6339
-217
4684
3570
-2524
3499
-2418
8987
7757
6951
5764
24
9179
-7919
-8564
-6234
122
8924
-5196
1746
9906
-6954
8138
272
-8029
-5543
-4230
2633
-9136
-9702
1067
-2097
-5321
-9950
2
-4893
2439
9885
-1264
2188
8386
1063
-7918
1363
5736
-1758
967
2571
853
2790
-6420
-4839
3703
-6084
9133
-662
-959
6897
9020
3122
4516
-7230
-7181
-8368
7685
-7304
-7959
5257
5939
4803
3055
801
8316
-8158
853
5326
-3217
-5764
7845
-4997
3570
2737
5140
-9587
-3875
-3985
-8229
6066
-2813
-2752
8922
4597
9918
4322
-1242
-3335
131
8888
-5902
8694
-3208
1884
2961
-1797
-9305
4420
5384
6630
6295
-8080
-3207
650
-2278
769
-8826
-3857
-7014
4077
-5030
1527
-2648
4817
-1556
-4446
-4944
561
-1101
9497
4061
-5214
-6538
8484
1653
-5107
2564
847
7728
2730
6844
9835
1234
-6002
7405
-9319
179
-665
-5597
3854
6873
5553
7206
4435
9627
-3560
5531
7319
6161
-7559
6292
9479
1463
-3544
-635
6717
-5120
1511
-5260
7896
4911
-659
4472
-1890
-3936
2463
8503
4475
7710
-3892
-1953
-4681
763
3931
2499
-244
9417
-6328
-8313
-6846
-6417
5241
8412
-4712
8406
-470
7333
3294
3515
-9290
-1419
-1162
-9584
6835
-5240
1924
-7774
7823
-1628
7436
6236
-3197
-4239
7039
-2633
-4379
1645
-1194
-2561
-751
4310
-4814
6041
1534
-514
-6468
-9030
-9448
7500
932
-7999
-9701
-173
-852
-857
-4055
7370
-2858
2382
6527
-2904
-9626
-3755
-8792
-9769
821
1632
-1356
-3109
7852
-7942
5345
-6101
-1014
2850
9345
2549
-5932
-2545
9404
4171
7287
951
-5159
5485
8905
2093
6723
9251
-8795
-9015
521
1240
-1620
-8317
3881
-2378
-6663
6827
-9255
1540
-2932
-1526
3890
-8302
9009
-450
3906
7323
-4009
-7814
-5254
-5854
1636
-9039
-8837
1817
9356
5982
-5471
-959
2314
-2627
4539
-8741
-7067
5055
8522
-6343
-8893
8571
-1842
-8393
-6693
2990
8040
-8328
6558
4394
405
4050
-6214
-7073
6825
5018
8169
1661
6174
-9557
-3497
-2450
7039
7603
7576
-8470
-7484
5506
-5622
8326
6800
-7378
3338
-5659
-1845
5883
3142
-7370
1473
-1873
758
9718
3440
482
8504
2591
9342
-3607
-3602
-5144
-8965
6467
7369
-1424
1419
4510
-6467
644
7554
-1581
5511
-2839
-3147
4223
-911
-2825
-6558
-7583
-1634
-7749
3955
9511
-6453
5663
-8666
-8740
-7763
-1049
5730
-4642
-5574
2632
5973
-8187
-4234
-5541
6945
-7338
5566
9261
1017
5583
9407
9782
7968
-132
6770
5376
-2180
-8569
360
525
-9838
7932
-7079
-5095
-1514
-7658
6177
-7260
-10000
4555
-5874
-9555
-5176
9250
-3054
4291
6416
2231
-5746
9218
931
5608
4338
-9777
-2058
-7362
3034
-892
4280
-4564
-2737
-6913
4910
-8062
7635
1537
8221
6851
1572
-6479
4395
3888
1014
6682
-2347
7416
-5872
-3236
5946
-2800
8895
509
1546
-3105
-4460
-5804
-1388
-2702
-7417
-3986
7436
-2981
4495
454
9141
-5458
1094
3302
-1286
2765
5237
-6999
-1683
622
-852
8591
9774
-494
-305
-6504
-1374
2904
3386
-5397
4776
-9383
-6983
2389
8238
-2288
-1452
7575
3846
4096
-8114
-7788
5436
-3384
7898
5169
3333
-11
-2921
3773
-779
-6922
-2703
-724
-6554
-1387
2019
-6989
-1423
3453
9717
-9891
-7613
1240
-4306
-2477
3230
2861
-978
2960
7957
4472
4191
4226
2298
4607
6109
-3347
9546
-6420
3528
8441
5709
-5790
-8794
-7413
6448
9051
-5100
7479
9007
3358
-7847
7307
6886
7555
-4949
-3139
5979
796
-6737
6311
3795
-6043
-4095
4035
-2445
-1071
-8178
-3975
-6982
591
9816
-8063
-175
211
-6074
4875
6817
-6535
-6652
5662
1473
-2122
-4212
-7875
7965
-8060
345
-4814
-504
-7830
-9690
-377
4755
-5066
-5902
1081
8958
9833
-6233
-1989
-9088
4975
1333
3416
-8953
9343
-9742
4419
4481
6843
-6892
7354
-5623
701
6250
7188
422
6690
-3391
-7256
-5006
-8377
9525
-2714
-6391
9513
1592
-3790
1129
-3688
-5095
-310
-2851
-2171
-5758
4393
1431
-8812
9300
7611
1831
-3582
2109
-366
-1065
-7104
-5567
-7622
3115
-9498
616
9061
-9503
7028
-2900
-2912
6124
6206
1214
-542
3733
-349
-758
-8490
4504
-3433
9771
-2279
-5151
1220
-4629
9265
-8916
-6986
5753
153
5493
57
-2017
9867
6812
-4241
-6033
8727
9329
7725
5744
4426
8705
-3842
-2663
-6092
7838
6730
-8228
-717
-5024
-2464
9970
4671
-7368
-453
-6626
9026
170
7086
-8986
-5117
-3195
2677
-7300
2649
2400
7992
-4993
-5640
-7469
4568
7876
3305
-6827
-2790
-2706
1918
-9118
3885
-2980
-6271
-760
9271
-978
-538
781
-1633
-5851
-9224
-2955
-1532
8924
9392
9851
4696
7156
341
-1976
-778
598
6927
5472
-4979
-5622
-440
8540
-4468
-5064
-696
8458
7886
6784
7290
8347
3217
7707
-5842
-9533
732
83
-8843
6949
-244
-5908
5358
182
-4406
-5756
-6259
-3643
-9542
-5832
-2011
-7832
-3704
-9916
9949
6918
5832
-6894
-8618
6153
7204
-8473
-4851
5054
6480
3539
-8787
-9710
1560
-8427
-2767
8491
2425
1423
-3394
-7311
-2161
-5429
9709
2642
-8802
1035
-4630
7164
-7098
3628
2847
6806
7769
-414
3779
-2574
5181
-8393
-2152
-1041
-8213
7952
-4811
3031
3724
9916
685
-4186
3463
-8084
1732
-6563
-5655
3794
1684
215
-5961
5981
1029
4779
9880
-3900
-9898
5094
-9701
8180
-6655
-5347
6445
-44
-9631
4264
-3732
-7902
4250
1124
5977
-6058
-4582
4554
7685
-5767
9114
4345
-478
-4727
5927
-933
1778
4375
8663
-1317
4242
7989
-7891
-6960
-6374
-9428
1807
6002
9624
452
-2516
1521
8956
1129
4071
8922
1090
-2436
-6478
8498
-5691
-9431
-6420
-3162
-4883
-8625
-751
9258
-8680
-9247
9296
-2766
-5905
-7281
4412
4203
9669
8871
5043
-914
8922
841
3197
6290
-86
5432
8877
7968
-5826
2107
-5976
-499
-7971
2116
-7329
1042
1364
-8826
-9535
7406
3307
6587
-5827
-4273
6128
8402
4885
4181
4515
-1929
-6436
-5273
3929
-9073
5597
6332
-9478
1948
-2702
-1339
-9170
-290
5757
3533
-8271
-56
-5812
2045
6882
2508
9993
-2042
8344
-3405
7682
2278
-8187
-5781
4563
2527
8492
-3015
4448
8573
-6922
-123
1389
1229
-3080
-3550
8668
-4804
1728
-7433
3307
-5341
7320
-4665
9849
-9835
2455
-7701
-2566
-4766
-6745
9973
-5527
3929
-6822
3484
93
1
-129
6848
-5328
-4431
6951
-2119
-2805
-8869
-6763
8343
654
-5197
7660
-6360
3252
-6036
-4394
5112
9618
1625
-8393
2563
1254
-2370
3508
-1310
-5448
7549
-4953
-8597
8255
2511
4725
8746
464
7309
2575
6304
1550
-6760
899
-3831
9623
1355
343
-4573
4308
-9566
-7993
-7139
-9733
1035
-8720
8626
-4497
279
9692
-478
-7970
-8897
-1990
1604
-5461
-4694
6969
-7682
2842
1562
6741
2091
-1713
6234
-1311
7439
9060
4430
-2948
-1920
-8929
-1711
1733
-6477
-7016
8550
6639
9193
-83
-2619
7773
-5260
-5664
-3918
-8103
-8977
8015
4263
7025
-831
-2043
-875
-8115
-2526
-9731
-2319
3023
3880
-1645
-9455
-182
1480
-9163
7144
3927
-6388
-5367
-5374
-3470
8375
252
-7525
-7671
-2504
4512
1480
-5719
-9186
9137
3030
-4155
8093
-1225
-1856
8117
-7339
9936
-4488
-4622
8777
500
-2386
6597
-3927
-5721
7370
7013
-3797
-9079
8288
-1769
-5756
-2358
1787
-9763
7587
245
-5796
-9327
3897
5025
-102
-3867
-3758
-5373
5447
-1439
-9180
-9889
1665
-7293
8607
7970
4006
-4292
5033
-8984
5530
-2148
-1021
-6162
-8008
3935
-8541
9122
-2736
368
7719
1056
-2750
6229
-9206
-3281
7946
-3320
9632
-8787
-7015
-2642
-3755
-3935
2875
-4921
-3055
3734
-6845
5994
-4193
-4429
9369
8433
3562
-3246
259
-6275
1453
-728
-2357
-7878
-3481
-3328
-8800
4936
5844
-4323
8848
-5233
6182
5396
5323
-5563
1956
9111
-1523
-4767
8724
232
6961
9253
-3808
-5541
-5547
-7416
6624
-3118
-7536
-6606
6193
-8205
-7505
-895
9342
-7645
9826
919
270
1558
-6505
7125
6325
6554
-7532
7644
2305
-5657
-9413
-2582
-6544
-979
5053
-5559
238
8354
7339
-8030
-1377
-4510
601
7574
-1278
3408
821
-7849
-3023
-5066
7632
456
8986
2776
-7739
9356
8970
3513
-5190
-8638
-6928
5088
-4847
-7413
1182
-3211
-8706
-1175
-9609
-7520
8056
7652
-9417
5286
-2958
-1243
5621
-8334
-9654
-9864
3249
-2976
-8221
5069
9495
6548
-2988
9867
8929
-8136
4013
3166
-265
4083
660
7029
-375
5539
-9072
-5914
4005
7604
-7194
2055
9602
-350
247
-2980
-4066
1589
6896
5952
-8749
-9849
1553
-1895
4847
-3645
5372
-2435
3934
1146
