5500
6971
3572
7600
2822
5687
9741
8623
7954
1029
9913
380
7965
3679
2626
3699
7972
8302
1799
5911
6896
2345
2048
5772
7308
7064
5155
7869
4414
1925
6966
3105
6399
1428
659
5416
606
6630
5682
7950
1226
2986
8264
683
190
6709
1730
8195
7897
406
618
8967
6141
2747
2184
1060
6496
1680
2840
1528
6302
7528
2628
2823
5314
8508
6118
6494
355
780
7067
8767
4220
902
3795
8699
9786
1397
6590
8925
5384
1984
1584
1064
1677
6095
3943
1547
7544
5289
1003
8039
7
2735
7084
3671
6493
5491
8580
2125
6533
4959
2038
6603
4346
1680
7736
6677
3765
7841
3069
9739
5640
2811
6111
641
8113
1383
4766
4282
818
9024
9398
8531
1459
7937
6146
2585
5037
7647
523
636
2404
2095
7604
8550
6585
3575
4285
5770
9180
9220
8595
5084
5615
5400
8198
2006
590
3806
5073
8850
5188
2877
4334
1259
2475
9425
2012
8105
3721
9476
1396
2011
8552
1436
8017
6163
6294
582
7580
5536
402
8780
7331
8706
2685
638
7046
1789
5260
1150
5092
9749
9812
4410
7561
7050
1780
3782
8189
8473
8608
7897
9912
5924
9980
5172
1365
4032
3436
7798
5387
4799
6139
6665
3441
5227
3421
9236
5403
4671
6171
6847
3708
6229
7141
8824
517
5502
7126
2631
9595
4073
9389
2026
1807
7967
1736
759
25
9299
3973
1963
8464
506
1806
8417
3612
9496
5578
9575
1236
7262
8920
2657
1999
1697
3353
719
8371
802
9436
5058
2730
581
5848
6259
6459
6769
9544
4109
2394
5998
3177
8237
2428
6014
6777
7447
7503
8207
7537
7519
3845
3668
5603
3930
6126
1183
2870
2700
5779
1141
7655
9778
6626
9197
585
1464
5357
5678
9007
6875
5456
6961
4985
651
1722
2624
1060
4647
1656
1451
1315
3021
6249
410
6161
4569
6242
7350
2575
9611
9886
6688
1586
5931
2635
7673
3790
7847
1879
4661
5957
3747
7761
7358
5643
2373
9767
3412
3034
7942
6305
3233
5110
4778
2453
2841
5542
6466
3767
2957
3401
1119
1660
7379
952
7308
2392
6339
2822
9886
4439
4660
4675
3046
28
9841
3082
1797
5717
8526
238
3277
7925
3769
2884
1967
648
6493
4694
9368
4312
5158
8582
6712
9094
4003
4579
6193
1224
9041
2664
4667
6398
3094
2498
8873
5661
2948
5541
7833
7593
2227
6786
7444
2910
9849
7996
3577
9940
7672
2971
8337
9874
855
3372
3844
3699
1143
314
4387
9138
8585
5508
8214
414
3905
7067
6792
8870
1590
4177
9461
9547
3734
3311
9795
1118
5668
1604
3993
4770
2548
5251
5895
2249
43
721
2890
5279
6835
9727
8453
6540
4710
5484
9178
8348
1040
7725
8798
1184
5829
609
2014
5871
6296
2760
7416
9904
4251
3565
4938
595
3012
6859
9728
7230
7155
8792
3125
4963
2349
211
5627
3606
8466
6796
6926
3804
4898
7857
1347
3831
9025
7790
1428
6795
5086
9422
4726
714
4079
273
96
8153
8607
3679
8382
8710
2417
4965
7489
1554
5793
7533
3837
1633
9607
2909
5053
1616
6704
6220
5648
7851
9910
826
2779
3559
19
9797
1899
3490
40
2672
9262
7906
803
2683
3670
4657
8652
4222
1623
3487
9173
869
8470
672
9259
1754
634
7376
6475
9074
9695
8296
9556
9656
5780
8955
8676
3719
5110
5201
3543
2842
1113
2965
9462
1017
3317
2465
2325
2377
5644
3612
9138
6053
5991
5066
4433
6721
4936
9443
953
234
8922
9899
3199
5155
8014
4228
745
742
563
6268
3496
8010
4721
2662
5651
2141
7990
4594
6884
6908
278
8848
7528
8348
4454
5169
3248
8525
9643
6216
8715
1513
7574
6735
6396
1036
3531
1996
1991
8531
8296
9278
1274
7808
8131
900
8609
3201
1862
3195
6228
5863
4150
4400
9472
9668
8302
6040
258
1659
3451
5960
1745
2137
3941
827
4702
4531
5457
7959
1173
1383
4418
1581
1748
3719
4699
8209
8847
1304
8879
9851
5212
3367
2079
2741
4886
3459
9775
2249
2116
9102
1786
1393
5474
9917
6826
3549
1796
9683
1956
3543
4775
1781
1994
9085
5975
1453
1126
5157
1088
32
4715
9669
807
1555
2150
2056
3576
8360
8915
9714
9622
8360
3959
1296
3496
7859
3756
2672
4019
2279
2029
8997
5873
3444
1599
6740
393
7869
820
2950
761
9225
8506
4407
3971
1565
1051
517
4200
7845
3449
6575
9944
4214
8154
744
6258
4796
6580
4176
535
5702
5519
4515
7029
338
1677
5347
9398
4087
6756
7976
9040
7132
25
9359
5084
3323
3676
7634
3234
3498
3027
7212
3985
9945
9147
2068
5990
2738
1840
6901
5402
1854
4460
2022
804
9046
9081
2027
8707
305
816
1310
663
2770
8237
7778
3396
211
4790
844
914
1113
7783
7609
7174
8116
9108
5391
1257
6546
5421
6814
8971
5110
7557
9569
8911
927
7265
9988
4552
8317
6770
1114
5772
424
8184
1491
7092
9891
230
3751
9543
7326
6132
6206
6619
1063
5538
5295
4714
3804
3151
5040
8971
6207
4955
4911
2119
6191
6273
2451
605
8026
9363
4562
8651
4491
2364
3855
5993
1364
8707
8068
4001
3297
602
9184
9666
4920
4886
7850
4407
9813
5380
6909
502
7926
8467
7292
2464
5159
5555
9654
8780
5274
2086
857
8884
6417
5106
6340
8748
3236
8618
2375
5568
3535
8227
7528
5739
2157
6253
2707
7488
1683
2715
6654
830
4317
5446
3925
6259
4389
5223
9492
7207
4385
2891
117
3104
5340
9383
6547
6030
7828
1796
7260
1566
1966
4168
3561
7589
7092
4702
6926
6855
8545
9939
5271
54
2333
5461
7351
4196
9981
1722
3929
8961
4743
2719
1842
5613
4625
5597
4119
8102
1148
9427
3963
3660
7940
7534
6150
7217
2946
7113
3099
2883
9845
8380
4399
3384
8249
8135
4402
86
2273
1132
1342
9076
4307
5636
5785
4177
9412
9472
8162
9329
6695
8253
3958
2800
4092
377
7207
2647
3295
5802
5142
8298
4679
4595
3164
6705
2614
5448
2815
2226
4552
5100
4366
4220
8669
8778
3987
4622
3935
9816
1898
4765
6150
5920
6207
7241
486
4212
884
9867
9588
4772
9257
5284
5770
2126
9360
7966
7326
1447
3397
4940
104
3929
2529
5055
9779
3216
3741
7715
7260
9117
442
5507
5568
5376
970
7634
1392
1171
8875
7010
3519
6393
4910
2793
7463
2277
6114
2142
3200
2550
6894
4867
344
8402
1956
8814
8490
2772
3721
5447
9784
1360
6975
2928
3752
9856
8402
3341
3628
9817
5426
4468
9073
3577
7709
2411
5692
3865
1397
4672
941
6005
6930
1773
346
6021
6027
5491
3401
2688
8144
8908
6738
945
4379
7754
8437
2047
3373
4735
5122
5344
5510
7225
4058
8734
4327
9574
1544
1078
4687
7747
5662
2192
2616
8133
2514
460
9656
7088
4505
4889
3774
5005
4353
8403
9247
4054
9944
5218
4391
8651
6929
6529
2475
172
4816
3698
5739
2474
1258
7396
5375
4347
6034
2836
8133
3505
3049
5705
731
4763
2301
8547
7505
9657
6484
4138
9575
866
1184
6092
3239
2609
9861
8328
1878
2570
532
1981
624
8863
3503
3591
4455
1054
7698
5548
2906
5794
7013
1927
1419
9957
680
2359
5449
6013
1460
556
854
3419
9635
9881
2593
182
6282
4129
8317
6153
3253
6732
625
1932
3827
3531
3374
9038
8807
2075
178
6927
550
2107
1349
7425
5065
2332
6780
6815
5287
4023
2756
3523
8234
9773
2927
2022
8135
6142
1943
2708
9117
716
6632
8422
4676
9822
8164
1631
7635
9616
1788
3841
2129
2935
8393
6559
8226
8104
3432
8772
9779
9770
3996
9748
6414
9668
970
9146
2434
6463
8723
1095
1010
6488
1145
258
3547
4162
6285
6401
7008
9051
109
3191
570
194
8544
6217
701
4256
4288
7061
813
65
2845
7531
3586
3170
6565
1832
5562
6129
1175
8659
5212
6218
4926
6286
4535
2569
5204
1538
2268
9126
2726
688
8051
8404
9138
6241
6376
2813
9624
175
4126
6191
6554
9697
840
4240
2953
6995
5202
8871
2095
9984
4156
6153
5359
9428
5126
8908
188
5232
5527
1254
5694
7369
1318
3662
1248
8549
6632
5214
7763
1250
6054
5906
8613
5655
6943
181
9373
5841
4469
9704
3767
4292
4672
2260
25
6256
9056
8697
6328
1291
5757
6178
1873
2207
2881
2094
8464
3234
4840
2053
9295
4081
3793
2048
357
1905
3825
2919
8683
2998
9282
7181
7844
4771
8229
5222
968
6747
9962
8264
2412
507
9029
3808
8344
3317
2293
3994
7847
5816
7141
8675
9051
1775
329
4768
103
6067
1277
7769
2244
2770
7041
8177
7675
1096
1352
1637
6491
4867
6436
2
1
0
4
3
5228
5711
9731
7023
5872
577
6219
9001
3678
6377
2150
5509
1183
7871
618
5540
912
3758
4107
2127
1154
5961
64
9244
9944
1406
9016
2527
4053
6903
7185
2781
4575
466
2622
1865
2315
9926
9533
8064
213
1248
9685
3760
845
4861
5430
258
4455
9966
6010
9703
5367
667
9714
7363
1827
5503
8660
1955
4536
3643
7634
2115
3004
6194
112
1575
9259
4412
8535
4908
6155
1467
1849
8343
984
7975
7877
9237
4981
6772
7581
9584
3814
2650
9115
3255
690
2166
3523
5149
9885
6183
6947
8222
1116
9841
5370
3545
195
7287
9596
3064
8955
4695
2277
5620
1610
7009
385
6716
1983
6548
1567
6073
3474
5371
8843
4893
1369
1390
2987
1280
6937
1944
8912
7032
5484
3053
6232
5182
6404
5988
2065
6531
5826
424
8249
8275
4030
6073
5296
4265
2799
352
1254
2892
4735
6440
6412
8903
6549
5612
475
703
958
9680
556
5798
1770
5417
5337
4972
7553
5741
1704
4241
8000
4637
1063
2228
4481
3311
5401
8561
2368
7759
5207
9632
9377
2690
421
7525
3652
839
918
3827
9067
2401
8933
9989
5275
7440
6254
8655
7942
9185
9197
5553
6758
7255
6773
1412
8379
1620
272
6489
4585
5522
9839
204
9976
1771
950
4462
829
3950
7542
7244
613
2837
3326
535
8685
4173
2896
7294
9765
7753
1318
7996
9726
3283
72
165
9184
6304
4867
937
198
6450
6839
7019
9796
3250
8396
2883
3920
6661
8479
1173
6576
9810
4897
2093
3810
1359
2230
803
1451
1301
444
3360
4158
3081
1008
8129
4316
5489
902
6792
9375
7916
7996
6560
8094
5753
5268
2266
2526
5389
9854
8231
6852
4956
6328
4718
5648
7700
7996
9920
8761
1948
9860
7154
4257
7769
7774
2675
3982
6660
6022
2297
1341
6873
795
6229
2315
3885
9430
3303
4795
7488
46
4684
7520
2376
9715
4794
8333
1280
3708
8126
8879
3522
358
3758
1678
4107
2656
3755
2419
6729
7845
2958
1992
5873
3071
4811
6657
4867
6813
3605
8102
111
5305
530
9353
8950
3554
5555
1668
7297
4072
8427
239
5577
2865
659
6692
6666
3413
330
6570
6971
584
1773
7528
3909
5490
716
542
8934
1554
1441
7927
2200
5866
300
1222
6763
7467
9886
2000
1937
8723
1696
9223
2402
9662
909
2075
3526
3362
7967
7187
8087
8225
723
237
3422
934
7782
2320
2363
745
3031
7596
8856
4811
8493
6427
1818
3406
7766
1304
1187
1952
9447
2843
388
5914
4888
27
4780
1392
5548
6235
1473
1083
4843
197
9496
1957
1182
2367
1287
7719
5349
498
3408
6568
9863
2741
7093
4925
9002
8512
7490
2618
2057
3512
2855
5313
8745
423
1484
6495
2432
6913
6156
5870
2990
5058
4194
8417
4197
492
2145
9849
9829
863
3035
3649
2459
4160
9902
7030
4018
7800
9447
4254
5702
7929
9829
3880
1070
8380
8412
7572
6321
7532
5141
1905
6499
3456
5212
7424
5455
6065
8655
1605
6630
2860
9730
9452
8604
4038
4568
7497
5500
6561
5203
9253
7211
8347
6596
8164
9459
2878
5222
2897
6187
5258
342
4222
9998
1967
1038
4914
2472
7961
3261
3711
9543
6449
9785
3851
6131
1048
9642
8194
1352
6229
2600
4678
5877
4937
4488
7951
6153
8562
1851
6808
944
448
4381
9721
5511
22
1253
2810
7679
782
8324
1893
1503
6383
3079
9314
8737
5832
8340
1966
2058
1867
2172
1063
8187
4844
7447
8774
4315
1087
4688
5701
7369
7866
1575
4799
2397
5545
882
2263
8835
6328
3068
25
7262
6484
4309
2011
3688
5451
9643
9371
1515
5204
565
5936
5113
5981
9696
4218
1696
9785
8708
221
6586
8775
7727
7548
7116
4632
668
4161
8431
528
6934
9096
3354
3102
6355
7984
1088
4418
2819
8588
9773
5391
5737
3129
8295
1081
5898
6347
2027
2126
1485
8607
8317
5632
9552
1187
1169
7740
4693
1356
4734
586
1979
9324
6656
2516
4636
7374
4866
5484
2510
9613
7101
2449
5482
9473
4779
9515
6104
3944
5523
2081
1473
284
2889
1438
9672
2275
8811
9913
2628
4327
5764
8761
1269
2277
7530
7796
1259
1452
490
5112
893
2036
9961
7056
6439
545
1071
700
3531
4126
9947
66
3050
8262
657
4829
2413
4122
5786
405
3082
1203
4570
8646
9317
8656
483
5852
1507
1499
7153
77
8373
692
3582
6002
5951
2348
2815
5677
3608
7614
1418
9737
2245
6330
3826
6505
8271
6857
9538
5914
8387
1297
1459
8924
5661
8313
3936
955
7570
3929
8585
5580
9470
2504
8980
7807
7735
5387
3787
1959
2648
5702
1824
6201
8044
2405
1478
5618
7594
4761
4701
7564
849
623
5212
9930
2278
32
1841
5810
1265
5738
2709
7724
3263
4392
8616
9275
160
6082
6183
8479
332
5262
2976
6552
7962
8278
2602
104
5097
5518
849
1397
5689
273
8696
4044
2539
6438
9615
8981
6738
4980
5195
5508
7388
8022
3778
612
7807
2553
5513
1027
6527
2184
5643
2379
5932
1649
9567
6205
9022
9905
2745
3842
5603
7672
3796
659
9040
3761
694
7464
783
7488
166
3459
8379
1
7857
9700
7687
8362
8517
6113
9207
2104
7401
8073
5945
1342
9650
8175
8359
7866
6589
6401
799
9565
8432
8843
5895
4006
1754
5635
5551
1314
1787
9556
8292
4244
8286
8131
9461
329
4302
4772
1242
357
2732
5913
853
4188
1821
1064
6235
9971
8516
5747
334
4209
7269
3564
3664
818
5789
3438
7006
2629
5418
6985
3219
4187
8454
2469
7011
4297
7822
1146
5030
8517
6341
8865
5279
6498
3144
1862
9848
8766
2549
3810
5883
18
1479
4199
1526
3320
4656
8528
8012
3433
5393
4735
3954
8331
7315
9298
4252
9623
7814
8001
3720
2967
9801
297
9
9079
3908
8606
9739
2248
5148
7227
7602
2051
7089
3183
7069
1578
1546
7448
8526
5653
6416
7126
5048
1552
8171
2693
7083
4487
9256
2541
6189
1660
8421
7755
5191
8133
6906
4329
4017
6140
8382
4083
955
3636
8754
7061
982
2996
4565
9037
8238
6110
1124
6282
776
9915
349
9655
7315
1203
1843
2532
8649
4917
6003
2347
584
6589
3568
2132
6604
16
9942
5400
6036
3954
8783
8154
8278
629
7530
1106
6681
2092
2197
8717
6339
4802
2129
9400
8186
8563
8582
7243
1984
5310
2371
957
1043
1204
9141
2428
2835
7230
2637
5520
6470
9499
9404
8831
3512
6149
1854
2794
9995
8707
7222
1122
1020
1262
6092
8506
4468
7597
5977
1459
4542
7331
9470
4001
9153
5921
9160
1819
4782
2001
9635
2379
1509
480
1681
5339
1641
8107
5769
9651
2701
1319
4301
7584
6440
1657
2756
3769
1822
4750
3836
2994
9128
2927
7023
3642
2800
5801
5908
5939
599
9295
2332
5602
3353
7822
2520
1571
2505
8197
1824
4138
6658
2712
7507
3244
6409
2542
6217
7599
4642
4562
2636
1854
4919
3051
8554
2954
1253
2391
699
8138
5413
1477
2992
2511
3644
6407
2721
1162
1298
67
7583
5677
9823
2634
1305
5807
9385
673
9737
2621
609
6731
3379
2550
2695
2973
2670
4441
6451
8506
46
3614
7334
9606
824
2084
1673
3581
1656
9653
2558
6779
9499
933
3126
3400
4586
7555
5499
9209
4192
7320
9938
547
5793
2387
9774
2306
4898
3232
227
5071
5259
8513
5022
2025
2519
3117
1863
5131
2570
2304
5345
5013
9551
8908
6710
8923
3459
1789
3737
8727
3584
3363
3901
4547
6958
5908
4
4
4
4778
6006
3497
9164
3109
62
6355
3371
6826
7427
8199
4530
1700
759
2336
1434
5179
8181
3968
9774
5689
4327
3863
557
5470
845
1806
3708
5292
9329
8513
7017
1781
5373
189
5447
3437
3715
8238
2487
535
1693
6725
3211
1599
6383
1035
8892
9959
5449
2805
3042
8580
8298
551
3388
4411
2106
3481
8295
895
7744
1026
9558
6119
9332
9619
396
3867
4551
1351
3691
6609
900
456
2110
3958
3737
6333
4849
4663
7848
6652
864
1805
1764
7646
5016
3976
3987
6857
2978
9978
7343
5901
7240
4096
4431
1598
7177
2693
4523
6573
9487
7432
9861
8551
9562
1205
9771
7200
3885
419
4768
7349
1553
3682
6091
4993
7769
8245
9639
8183
272
3651
6584
3158
2836
2070
8181
7217
8971
9714
4227
7875
4994
2489
4293
6742
5371
4234
6769
6516
9229
1257
492
4743
2629
8213
7580
6450
2220
7332
3241
4560
5285
1640
5793
4927
2143
4429
8337
4606
7491
7538
5381
5214
9668
548
1648
5284
4977
2564
1135
2762
7136
4841
456
3258
847
1910
7271
4441
9605
113
6310
9612
5811
1777
245
3858
2314
3037
3771
9128
926
2055
8113
9155
5814
9081
3162
4340
5133
3152
8816
9617
735
5208
2036
5546
964
9548
9771
6381
5251
2746
7898
3057
33
4964
2372
3791
3149
1100
7276
9552
7989
3915
6269
994
5404
790
3144
6837
6982
5254
3402
6960
6115
3195
5709
5558
6542
2972
2600
7575
6595
8596
6402
142
3098
6691
9748
8854
7929
5497
5732
4936
8672
8825
4115
8284
97
2143
2718
7658
3581
373
8283
7277
6420
9325
658
8039
3361
432
4684
769
7162
8463
3538
1258
2753
8977
7799
2405
7872
3974
9568
8643
4439
5874
6761
6108
8868
2100
2786
8324
955
9975
2480
3299
2885
1384
1200
3081
1
4953
8654
308
9248
3016
3015
8852
1304
2466
8036
2198
5364
6632
3867
1743
5158
5766
7665
110
8945
6908
1635
2440
687
5060
1025
8380
1777
1262
4004
2676
1984
9776
8561
5475
5002
3274
9647
9371
4014
2787
2163
5902
6256
3426
2226
4165
9758
7574
823
4745
1373
306
9795
4234
7638
1748
1836
1999
8815
6612
9291
9064
9931
8351
7299
3458
9864
4744
1109
6377
7324
4418
4804
5532
9112
3312
5981
2894
7340
9514
4982
8415
2736
2036
8585
6397
6867
1864
6035
5792
407
6171
8737
6813
8767
8792
3391
8373
397
1214
9384
8669
3686
5205
7197
9643
128
1946
8878
9645
1991
3289
6352
2628
8189
6207
7852
1718
5022
3275
6882
3065
3192
7570
2253
427
4239
7621
6295
2939
1549
7203
8087
9009
8296
6602
5328
7768
5904
7814
5608
1979
7408
367
5750
4477
1567
6643
2399
8279
4637
7544
1281
9583
6194
7171
9063
8857
8872
5374
22
4771
8474
7876
1119
2412
6874
8257
8707
7377
2693
4593
913
2010
2298
4931
9822
2060
8260
1836
5044
5450
4088
3703
2123
9741
7423
5685
6891
3492
3123
8382
9798
6824
8173
704
5526
8087
9460
8620
7690
3801
927
2029
7040
8947
1851
3398
9235
666
900
5222
7472
2144
6619
7731
4290
9120
3432
1167
3045
1548
5683
7340
6967
6977
1011
9605
3149
9238
5377
5800
4581
8875
8954
2304
7392
2754
9377
2981
5526
4093
6623
6767
900
6055
6515
7651
3804
7313
1750
5424
5712
6533
4292
5269
4872
2988
7
2842
2332
7656
2783
2264
3010
7695
7744
7647
6881
7361
1662
1863
9012
3540
6718
2221
732
7599
4330
9026
9243
8534
3124
7531
484
5301
651
6878
5048
8864
9256
7285
7123
9551
1692
6473
2320
5765
4418
3052
3392
1776
8059
2604
4752
564
8361
7875
394
17
7796
200
7438
9195
1261
6993
9503
184
6107
1072
4411
2392
7142
228
9206
4590
5568
291
2387
4309
1667
5904
4699
5424
7024
378
6479
7786
7706
1494
9453
5008
578
2559
7542
6220
3554
2766
8843
1452
2543
1768
3254
6023
2004
2055
6395
7529
6265
3249
7028
8502
539
4711
5931
1678
7851
8827
2863
8952
5236
5011
4044
8476
1723
891
8629
4136
7639
1745
5187
2362
138
664
9482
1235
6345
2608
2750
7836
9397
8536
5171
2059
438
5820
6585
4868
2247
8578
4377
5794
7995
3731
3964
5373
461
6763
1990
6696
9706
737
3670
1166
2035
1780
9892
3743
1388
8030
2679
3146
2398
8633
4074
4773
2515
8871
1077
1423
9013
1763
986
3205
4834
7085
2141
6670
5627
604
713
7046
7685
7388
7651
4743
1771
7113
9695
6333
7675
6988
4
975
4154
636
799
5173
3725
7099
1295
4349
2274
7985
3347
9639
4558
331
1139
4955
3012
7717
8436
84
1755
3241
981
9169
4605
4895
781
3518
9306
9973
3347
665
6950
5181
1696
3058
3310
597
4006
2089
4499
2842
6072
4345
38
3679
3796
8668
706
3442
8183
1198
2721
5284
2044
5968
6536
6510
7947
7129
5681
7759
5531
1887
3967
5361
6851
413
5837
4954
8831
3716
2193
5935
8705
1595
1411
4913
9704
2844
4647
4302
3765
9450
2705
7402
1503
8870
4335
9638
8120
4086
9555
3381
8762
1148
6211
4345
2268
7006
2570
1394
3271
7928
2857
1684
9193
6144
5310
8942
8781
3886
9226
7005
7316
4560
121
3543
3554
2655
8955
2829
5459
3818
1840
3729
3710
513
326
8987
6394
1646
775
9640
7292
6938
1260
1766
9503
9361
3912
5402
9880
2043
7036
8702
6615
6355
7809
5096
3036
6919
6419
6093
2166
1864
773
7891
527
7199
8257
4818
9222
3803
911
5772
6104
7798
667
545
8978
6881
2019
9024
5133
5552
489
8248
4098
6655
1884
2041
3578
5646
3246
7870
7920
9484
4258
4010
3923
2754
700
8731
2387
1138
2099
4760
2155
1320
2763
3048
6334
5116
4695
6072
1153
252
5082
8154
7425
1874
2300
1989
905
6883
5483
9684
5214
1381
8770
898
7281
4785
8205
6281
8883
2641
7135
2031
8531
2321
4779
3898
1407
2858
4313
5498
2440
4243
9532
5701
8117
1531
8826
9937
8088
6229
5324
4532
9325
6307
9124
4561
4703
5208
3175
7211
4610
4481
5750
1093
5647
8930
1500
2612
8043
5587
1664
5202
9577
9457
1467
9761
5108
9130
3852
3003
2036
6244
7055
3259
3298
7630
3933
9093
5227
3325
437
9325
2826
1268
6322
219
8116
2353
8638
2126
9708
3046
8186
8301
2637
3736
9421
6416
6690
1707
3698
9021
3885
1151
4130
2256
387
6684
7455
2952
2889
1605
7733
491
4118
5580
5189
2447
7200
2616
1887
3723
4149
5719
9212
5754
4724
559
8484
9459
3016
9109
6500
6064
3962
3863
6415
4659
6496
7198
855
7273
3054
745
8442
4714
7718
8777
2457
7445
2829
6237
6261
1907
7935
9338
2720
7850
3719
3833
7544
6285
5105
4940
3604
8678
6102
5420
4079
435
4710
1330
6383
8889
8538
2454
1621
6826
334
664
4220
6827
6496
2248
1526
6781
7829
5779
8384
7068
8265
8722
8516
4035
65
4205
7536
6059
2339
2169
5018
6207
73
1205
7524
9270
7059
2535
5560
2406
4727
7339
7192
6298
4284
2523
6916
6349
3589
8003
1409
6055
5254
1434
3897
7869
3976
6024
8898
6416
7061
3276
6954
8582
5997
3161
3397
7212
9791
6740
1739
7742
3552
8003
8587
7731
4111
1937
6850
986
2789
2821
183
6218
3772
6343
6750
9912
2494
6785
4624
114
785
9686
1154
7992
7662
3120
2092
1702
942
6717
7817
9879
7211
6179
5896
8897
505
7053
4719
9547
1187
6761
8602
8945
9372
7866
3403
9432
9046
4759
4696
8920
3662
412
4006
1123
984
8599
6495
3591
7694
5077
8993
8459
7340
8581
5589
8133
1192
7011
9823
6557
3620
4262
4894
8803
4697
6390
5184
1805
3193
3732
877
4660
1145
5924
9117
7206
813
901
2894
2844
1622
9901
7575
7488
6660
7799
4255
3855
7482
6293
1732
4318
5084
4060
425
4407
6532
1363
396
152
6729
7352
6385
6098
7811
3858
3382
9497
112
7131
5444
9675
8074
5033
825
9071
7232
157
2786
7983
2417
453
5655
3931
297
2386
9906
4358
2794
1052
4387
231
6861
9590
5163
7212
4947
9419
4664
7437
438
1675
1200
4191
8830
8062
5998
5254
9577
4995
822
5699
8742
6833
2557
1159
9960
6338
7516
4248
5002
9154
1999
3850
2044
2412
5088
4987
4717
755
4791
6590
554
6853
3648
2030
5738
8389
6402
4777
2643
3228
3382
8280
3861
3811
9337
6170
8511
9910
7282
8581
7970
3070
2880
991
9561
7250
5501
1304
1413
9597
4283
2900
5119
7697
6629
7976
3173
3369
8753
6179
7068
8684
8733
4758
300
5337
2613
1736
484
4902
3012
688
2568
4015
1381
8419
2542
5262
6784
6749
1863
3898
4967
4223
2520
9778
244
6198
5191
2166
9916
4064
3957
8689
4932
629
4222
4194
7832
5719
2932
3368
2544
2311
7075
8413
1796
636
283
1508
5374
1922
579
4058
8930
2144
2016
8632
3228
9050
5893
3320
775
9939
3940
4191
3465
7018
5344
5151
5823
9295
6421
4279
9911
4255
3060
4248
9604
5587
1012
6105
2162
2783
7079
5976
3995
8269
3426
5597
6112
732
2486
6980
6768
1426
2067
7337
7529
8956
3293
2469
8673
6433
6820
8827
564
8176
2867
1246
2481
22
8351
1770
8852
9800
8568
8629
7151
1809
8837
784
6096
3444
6879
9704
1374
2579
9458
1079
4447
9978
5727
7192
4395
5552
8439
7635
4763
3532
9605
8046
9124
807
5455
6170
7577
6762
2157
1955
9986
7193
4860
1818
1484
58
8662
8288
3058
198
2831
3039
4853
2091
8491
8748
747
1893
8689
854
6115
7031
8334
6679
6342
5712
4316
3830
2921
4131
2566
7911
6248
8738
9898
867
6198
1449
4199
9894
1488
8671
5155
8101
2176
7546
6373
8289
2095
9343
1630
5627
9879
375
9794
3759
6225
404
9874
8103
9521
9433
1999
8419
9130
8240
3159
1905
2301
3894
8201
6679
4260
300
8613
2790
8946
4319
3022
165
7595
79
1575
3849
8391
4793
6512
6139
7143
7200
495
6750
1605
9279
1264
8728
8536
707
3840
3493
284
7927
2363
7937
2288
6848
4658
4895
3886
3645
3869
8127
4222
7927
1980
783
8788
2770
8228
996
7802
5919
1153
7626
4417
5546
2537
4372
592
3003
2369
3804
9978
4171
7867
394
1526
9296
5000
2825
3997
9970
1244
3947
1748
7975
2440
8553
9734
5452
7974
6428
5308
2645
2576
2684
83
9895
2091
2002
6221
181
4074
7898
934
6273
2380
90
1095
5031
5212
7568
3762
9750
9366
6472
2
5317
3455
5941
9822
7245
9482
6404
6818
5540
9763
8232
5336
9633
3009
3009
8616
7108
8699
2318
5667
6500
594
1364
2486
280
2679
1759
8657
6054
3634
8124
4572
2196
8559
7863
2475
324
6347
2010
6404
1584
7191
751
7103
7379
6428
8996
7060
9656
6421
6474
5628
341
2866
3537
7412
6258
2516
6550
9322
2185
9301
4056
9108
632
9202
9538
6758
9513
4420
1384
5294
2044
2768
5984
4542
2807
911
4477
6613
1492
9886
6665
5881
6011
3766
9858
2869
1603
9039
125
5955
2604
2976
2992
8301
9717
1811
1381
3720
532
8005
6017
9845
68
6495
3463
87
6774
1327
2327
2520
1896
1511
9501
6591
6421
9600
1
3
9
7341
9479
2226
7667
9053
1847
7075
5955
497
708
5087
7753
3904
8573
9987
6005
863
136
5619
6322
3585
4029
7117
6568
1512
5496
6039
1152
8335
5932
2842
9432
5314
2229
745
3075
9764
4820
965
1683
2895
7235
7434
2954
602
1100
3300
9900
6850
2082
7623
5834
8364
6712
6654
9165
7097
2766
2798
7385
2595
7660
4508
9399
4885
5885
8582
503
1066
6155
9884
9002
598
4910
1111
1111
1111
6185
9341
6000
95
7562
7391
7455
994
225
2120
2768
3904
5624
299
6745
4584
6286
2792
184
9814
5819
6629
6571
3574
9247
663
4231
1369
6437
8777
657
716
9309
7756
9087
4776
2081
4369
5708
5275
2514
2270
8058
7143
1983
9515
7369
279
7832
8805
6533
4127
7559
311
1180
9371
3250
9724
8878
6029
6376
2391
2616
8807
8191
1347
3084
6505
3369
1513
3779
7395
4397
2345
7698
7038
205
3279
9824
5441
6212
5840
6546
8087
2595
8251
3882
7133
2103
9867
2113
7827
4822
4026
3815
1441
6054
1968
4627
5497
7268
5305
2130
2335
9608
2687
7343
8294
2656
2065
1359
4217
3772
8210
219
8444
3678
584
8320
4562
3365
469
1295
7367
7184
5609
3599
9649
3068
2514
5856
6878
8377
8540
2446
8179
4969
3019
9352
6149
519
181
631
1012
200
1119
4520
6717
7318
71
4836
7165
2835
1820
8878
4331
3714
8707
4975
8538
2768
4172
3630
590
8735
6391
7040
4246
1290
3127
3378
9026
8204
437
1656
2109
6846
8231
9781
3396
7332
9298
4048
3888
5933
1967
301
5915
2507
7570
3289
5088
4175
4341
7650
5001
939
5533
778
195
5971
7190
622
616
1926
8035
2816
8548
3677
2030
6139
7824
1066
8236
2007
9735
8578
9315
6439
4153
4062
3040
3806
8948
5745
3350
4372
8404
1407
9282
8617
5630
7319
276
2662
4084
1197
9691
3408
9431
3539
5781
1210
1742
5863
3235
2246
9227
8072
656
6747
4175
924
5615
7965
7832
2596
6447
6467
6735
3930
774
5117
1310
7373
4232
5418
2057
3435
4917
9473
1013
9320
913
2439
7221
3439
5332
7339
9810
100
5474
6774
3632
6086
1556
1766
9701
8651
9557
1981
6865
2206
304
5675
9284
8432
9824
6694
5190
2732
6141
8839
164
7082
5381
660
4643
9033
5499
8125
2364
6320
6638
7306
4528
3795
9107
9109
4025
5510
5273
3208
8133
6388
3713
4499
336
9567
649
4609
9247