76804
47583
27585
19756
88001
45889
76040
72307
78284
72110
89169
81448
92613
17766
20153
23942
59729
92591
77383
21673
45811
31028
86377
89037
79544
18040
59100
38974
82902
32435
18695
55888
10832
86632
75736
95763
77740
48667
98905
70337
85083
31204
95815
50554
58323
29480
97961
42264
71567
10806
37115
44843
87644
22008
88610
51739
74255
57211
93272
27468
34393
79139
12931
90693
20192
57579
30669
32315
78836
28291
38138
62782
47379
49114
49160
91674
49028
24578
65781
79308
39363
21326
80835
32654
92574
22486
50203
56775
78064
28286
56514
61265
64499
53439
26285
15909
90184
49379
86913
25934
94123
26517
34741
58122
25924
21076
44146
84785
22369
63776
57574
87818
75285
40097
26062
92808
70808
87257
17732
35308
62374
58012
46810
11977
61992
21303
51175
52249
13962
18336
58502
10842
88637
87533
27122
80845
32761
67535
76137
56894
45123
79956
19204
51592
65084
81205
25671
38209
40836
47864
11104
93290
52664
83824
77560
41681
54033
29656
86854
42708
66431
60606
76371
89232
54144
32553
89171
24949
11637
96086
69811
55943
51969
30343
96517
82309
27252
15338
56589
38689
95171
21408
39429
31747
80423
87809
90308
96529
66664
93868
31147
40580
31688
32304
60994
57072
69411
63234
18554
15154
12661
86029
66454
61677
65275
38640
27982
81002
91071
22729
75038
29562
31974
72579
77483
45455
61076
14607
80288
94387
36873
77760
23568
64535
81555
37627
34946
56616
87473
96425
12143
21801
19614
93559
19744
20490
19242
74253
83617
64019
56214
77028
67532
13069
74673
32371
44054
62508
96535
76486
16883
87136
81193
79997
22657
28035
50696
86659
94527
40122
20048
86393
76915
72220
54030
10730
41793
22480
71234
84509
31355
26558
55705
75990
19893
22028
98667
94805
90404
31363
78906
65951
47705
59866
58952
89401
84008
56116
97908
96905
19485
66665
31680
24148
24497
76985
30490
15031
78875
53394
62269
87949
27136
30246
34773
55258
74242
39237
67493
27983
99016
87417
29023
16016
96316
22228
28898
28958
42590
68503
10821
91273
90632
27865
93345
94805
25899
16617
67163
85509
35426
17103
61518
98891
30192
60293
76295
45400
96260
81614
57218
96963
14320
98057
84177
61182
89261
69379
40221
43071
44988
41783
71584
88558
18721
65058
28776
12734
52014
10400
30703
53313
78791
32475
63670
27887
21819
86325
20918
42984
89616
48071
95820
15526
16676
62226
30822
96408
14404
68586
28605
30294
78257
33848
14372
29140
61296
63540
44561
24348
64327
93905
18706
23956
55595
94768
30601
30883
28237
73542
93971
20405
31484
23027
19459
27277
57384
19026
37982
61711
96553
11461
38946
75142
50721
46627
47920
97319
97291
66172
24376
73352
70603
83767
11510
67040
85659
70804
45988
71474
14532
95340
94283
75355
94865
17163
99386
61419
47211
37037
61479
97607
34499
82365
65392
94089
31946
58884
66330
52781
15749
31477
53761
99401
71557
92325
68285
48258
95131
53291
84889
93384
82008
30164
16060
49268
53146
45919
61877
88417
87050
78387
50933
70799
29358
30127
49002
32996
28348
61873
82626
73155
78632
42951
87639
65148
25286
58214
17563
26514
82964
77073
27094
96284
33017
12781
42193
43455
24032
85904
79681
47427
22194
80581
16142
53159
93126
23441
57906
83761
31163
86344
56388
83362
88873
17507
27694
53541
44804
29642
63074
64925
10955
85569
91099
23943
27693
89995
32199
97914
39880
63512
26408
28541
66517
51359
60294
19137
76192
11724
45521
72633
54974
62978
17437
31265
93753
11169
16260
59334
98946
43020
29953
65531
28548
14915
34462
70862
21367
60146
99107
87843
54024
43281
56127
55728
69500
38383
11652
49040
25593
98866
86627
15632
76825
26222
82802
82568
56393
13202
93420
50331
33093
58070
93226
45074
26912
31479
74917
17197
30986
60805
89381
24689
70847
71696
72407
70555
21816
25977
69943
46610
21869
54786
54788
99822
71393
61082
97816
23644
20765
53528
16320
37446
27224
21637
15786
19872
29882
78584
19982
53481
84881
23392
70217
79107
79483
67536
94556
83977
52250
41333
16175
87879
70643
46924
63581
22429
25285
31179
20314
65863
94984
91699
18196
11012
53630
69004
85252
34014
83009
27885
10668
20870
12955
88911
64340
31489
47256
10331
54141
51244
36669
26020
26686
58746
57513
64632
63586
31315
15640
56322
87485
61244
74791
62774
60312
61987
67730
37595
14050
18507
73735
31417
13425
89795
58882
89280
24900
76235
19809
14278
87076
82552
63666
97057
12525
46881
52235
18416
95773
59824
31213
31561
61826
36557
20450
12324
18132
25632
25784
30642
98216
47940
30463
22381
37692
33645
12929
41803
10244
86736
15950
37536
26730
35517
22112
24402
29901
78024
44494
77554
90251
43481
67646
70067
26906
79002
55297
28755
96559
15522
56848
25302
16321
87555
62068
92894
89014
51718
28532
77970
83120
30512
82544
25591
18784
90899
12161
92243
84408
88712
12793
43816
10880
43028
13797
24263
33040
22233
23685
83503
77332
25833
33806
42224
36504
56599
19844
70256
78072
13277
32524
53681
31982
22262
27129
29507
92097
16129
54707
70787
20447
15620
23320
87161
82601
97375
72101
12695
81256
97847
40768
15501
18120
96225
21496
11890
63231
33856
23859
10896
75474
66114
15000
24037
87326
88775
49168
33446
91694
30220
64324
20004
99305
98606
28578
46728
16039
51199
83889
16177
61460
41941
99542
32539
30461
94447
75937
82629
47745
57985
45043
68545
82085
11706
99682
46299
18697
50627
72788
89072
31077
43851
31104
21859
76328
28868
91488
59909
11990
40918
21146
87356
35700
50013
20722
21393
22080
11150
98352
77242
43756
60890
17590
22477
80953
31710
34544
89897
85099
94312
60473
56165
77473
73999
22770
77401
86561
96408
90283
45989
64010
58392
16387
55557
90800
31463
77005
20168
15277
99101
11038
43673
19955
81931
24350
21265
55080
28505
82766
27072
66554
79875
88579
94119
70529
90779
37193
89557
32777
90776
17544
47650
25774
27608
13033
83274
62661
46200
14526
52307
37938
95638
53824
98875
36722
30353
54020
95836
45032
45229
43704
53784
12858
86145
88781
29619
27620
91409
95141
55186
48384
31152
80824
57858
97809
27022
22370
31156
52258
20550
64555
10270
22824
92889
77536
83456
10216
77352
48977
18047
48039
63035
27125
12155
96846
27965
21801
51176
23572
61876
64249
61372
55554
20119
63221
48584
26165
14494
98838
35873
88908
26943
75108
55911
28262
72907
46182
87502
86594
91000
80197
34620
61945
13099
92740
33214
80520
40040
29745
26935
71473
34328
28050
32166
94918
10637
32059
27904
28854
60611
17684
48149
35580
13185
49845
11494
73320
29939
28189
11845
31838
58432
58864
84612
42455
72367
23641
31890
28378
15396
32836
43977
66048
98179
89206
29035
48356
62363
91434
77711
20354
87376
17741
39321
98986
84683
92270
27696
58992
15234
72910
11531
94679
75512
36016
98561
44329
29348
44073
21445
19483
78448
57875
11504
38539
69732
42746
41813
21725
65496
54158
39591
23432
31688
81625
28048
85833
83243
31411
29980
62020
11211
61404
77798
83505
12848
81712
81469
82511
70146
82147
81296
23517
47903
32646
12480
28163
82972
91621
82894
75213
84164
54533
87881
59701
40281
29129
29344
40348
16963
26501
96388
52933
12942
94500
68674
45760
89449
24918
92674
35337
59700
12866
17096
59331
87107
46332
38150
19441
85913
51688
96879
66125
68661
13851
43005
15055
71647
83905
20009
52237
77712
75367
95826
99733
75814
84088
23130
18377
93641
94597
31652
52608
17675
22479
80461
14201
33277
25740
62980
72744
61931
12899
26213
65931
14271
40670
44202
80962
23931
37685
14350
21213
10181
65336
61018
97221
60225
71590
54640
75745
76621
22247
42799
28264
93827
10208
30585
25441
22337
17240
76226
60961
61805
80765
65156
61907
23145
78237
84374
62209
43266
69006
89667
18378
72184
61486
20754
97395
79870
85624
77509
91109
12494
70496
13256
44663
86658
10507
29112
80169
49282
89187
56863
70873
34229
24389
17483
23065
12241
83929
34264
97817
92700
95996
13376
16063
19763
50800
23060
57694
58128
90850
44866
60580
25439
53359
24437
19830
47243
73291
32953
95378
20758
36147
41485
19399
95426
84051
98682
20054
29579
99237
26789
26120
54248
93831
70959
47260
79027
88865
93211
12413
10431
41859
21696
30392
40834
28048
94824
28995
93752
86999
44684
22602
69179
17675
60896
44307
41427
24822
95086
29870
54488
97300
40002
27382
30422
51774
87684
59302
99722
26283
34982
98127
29751
33423
80002
28291
44427
45149
63800
53696
15567
46467
92275
94661
81955
37683
36127
59954
45342
42199
75074
77768
16767
72856
18298
51267
59432
30831
71672
49540
92525
44008
53126
13608
30332
94978
49412
80583
94514
61944
73475
23861
58916
27494
97568
69863
57190
63179
69570
43118
26442
82249
34890
40367
85927
29545
25961
92624
25112
14974
35287
60362
62527
58819
54300
15974
31850
88320
96591
46470
61985
51136
77126
41876
17565
68211
50786
32452
76427
28954
71570
61712
48836
75214
48708
60990
62662
78857
88861
89115
33874
27388
92866
21220
61682
31285
30119
57265
81442
24973
44176
24313
38302
17688
40879
69273
95679
26436
22357
21658
28939
11590
11065
47553
18616
10546
86955
90421
96397
55464
44482
32586
81249
11689
18642
62354
70041
13697
25121
81535
43888
28978
57120
26910
32059
49628
54771
28190
30997
35986
75066
24888
78769
74573
41972
84871
38313
40561
53478
98219
15936
87480
75673
51560
72168
93680
30306
95070
98827
65552
19620
64639
90204
28209
53828
33265
52316
20064
48650
39417
26390
89978
88630
93841
51203
72233
46490
34432
58155
73104
42044
27586
77250
32018
25789
33151
88045
85516
93403
26922
61941
24337
18056
79432
28457
72904
18966
18975
98651
23162
93198
56872
22219
46197
96998
35245
32050
80370
30007
91469
13184
22836
33364
58056
54601
85546
81659
10016
39330
15050
77828
31626
40774
53541
73608
43034
20156
29668
96584
22338
47657
77792
77069
86382
47465
71297
63036
26818
18704
91686
25748
85288
87870
91751
43257
12591
46559
14184
28845
74877
22432
13644
14436
45697
15752
28413
79693
82178
65068
29531
97201
29609
70841
82886
41184
94947
80493
41922
86285
46501
79626
81229
72746
61987
23459
47353
70890
84305
15994
69244
94336
44746
89792
56157
96981
26418
89158
89822
46726
62773
86786
49100
88210
21804
77440
15532
30017
88000
94994
93195
71989
29782
56625
23665
58900
56957
62808
83476
18467
86044
76941
62300
67100
88642
73308
11136
56896
56094
62833
93219
91179
34556
33404
93062
60512
62998
49104
23849
42576
44304
54688
87617
85958
91968
91203
58754
56682
35967
45702
71418
95300
86965
74506
54978
58344
29159
94624
16993
18440
64136
57423
31675
26222
68839
59107
28325
22696
67229
22574
77712
13113
87587
77776
14115
25876
47863
97488
23099
69588
23520
87266
30468
62982
14277
32041
31319
61520
85536
24754
26499
14290
18778
46987
84428
91306
86295
95381
68656
84761
89349
38214
44357
32343
78530
70598
53749
35902
21507
19563
71380
46839
25022
62519
30522
56112
19677
35272
61163
29804
79250
11725
87793
26405
99410
95082
28046
51233
54085
16995
56527
69282
87147
56730
22275
26780
24757
83017
91765
48498
53273
83749
11968
16669
90993
11531
97978
24338
35511
79486
98879
18854
65041
89857
58664
81729
48299
63165
73350
53266
85021
75534
38481
32637
19457
52019
52594
19979
57373
83467
94565
68600
26480
62339
32184
62662
38171
44825
23604
30490
92784
16611
65553
33722
34698
98646
38531
21400
56582
61766
32060
57692
50758
56497
35897
28223
18905
39203
94764
97755
18362
99125
91228
99495
47215
51008
62965
91305
69266
39988
29475
18874
82147
25243
44505
64433
41968
89425
59495
66036
98417
61832
24344
42520
66085
65091
10000
23568
81795
42536
62006
85793
50275
60626
19994
94327
85057
19983
96278
56363
90790
11532
93753
24776
18506
86112
10960
98954
18500
57027
67213
68054
26691
24041
78412
62036
72863
82416
22314
86106
26653
95316
97577
15699
10336
47494
64739
99288
42328
29232
20202
12770
30345
29378
62523
30362
71280
82968
85664
73066
28086
18060
51890
73140
43631
36021
37135
93871
23749
18194
32276
90757
31615
15907
35453
78199
88848
90693
84839
21997
89191
27542
33242
29307
92978
91368
65602
31610
28214
82450
96056
96823
88012
52560
47528
16028
70096
76762
53502
81288
44890
15666
99937
31788
50436
19704
39498
62658
93034
53205
16402
97104
61272
39301
15056
75576
61442
18180
25190
10818
11614
38757
53520
62368
41846
22516
19269
28982
26213
30056
23890
68614
90701
97734
89740
31525
39863
14432
89769
55559
45336
31199
97474
65650
35829
55017
56219
89420
48872
26818
96329
85557
95770
91428
35483
39012
10948
27699
44515
69006
36067
12095
92242
77680
29074
78418
52123
42664
17756
68892
96144
26849
93984
40761
43088
88092
41450
22451
98148
75956
19454
41980
21869
93153
90219
70591
74769
20222
13065
21868
84036
12625
26205
46443
75139
86828
61326
90324
18651
10777
91019
77153
13890
30122
39982
58798
61401
76093
30850
11289
96115
36469
32261
43055
80040
24933
99458
38535
23886
31407
13489
82995
94386
48690
55101
20842
27398
38913
10319
91438
77833
23296
51473
69121
86101
20818
84346
83161
27725
88196
32579
57668
31244
53127
24762
64002
47425
61682
63666
89776
39301
17672
97450
16032
75120
23785
38239
12248
49002
61199
42803
39805
39246
41611
32521
34431
75149
22417
94862
90458
19531
62474
27525
19528
87929
12741
74336
10121
49386
23395
31979
22385
93780
33858
71030
71796
67195
60156
20180
13978
83556
61400
43818
69207
15119
48097
77414
95685
83587
24636
78536
32404
17779
99222
18229
34368
21378
94859
68625
16207
12482
79563
45667
43913
30506
18352
24459
41921
75089
17329
56609
32593
30098
70744
70955
19223
28436
31220
42973
81494
63306
99172
51678
84176
41977
23552
30456
31772
65370
98795
94666
24835
77322
58180
40815
92531
68957
33371
85179
39789
75641
31466
75108
35580
16096
59954
67861
69702
75266
94840
29157
57673
20142
40834
37972
44317
52104
24548
83536
65928
72962
96586
72977
99126
39554
43880
87602
70743
52336
73791
88672
39129
91358
64517
60712
23277
35690
66963
44029
85839
25192
51280
16146
68857
86412
38123
29558
61842
69399
92015
65934
92682
51458
44200
95427
26866
23902
62395
93822
19835
44560
14403
66535
11846
57693
57267
79016
67492
92422
77406
42270
17381
52553
96740
85588
30051
92473
82968
86177
18145
21257
90016
26627
44521
91013
25101
30668
12615
44908
17107
78311
30912
22670
95474
94600
87241
57484
29935
84264
44556
75392
38024
31060
26738
49366
11480
76896
23737
52213
45419
64522
80781
22825
52648
89094
32886
86626
55843
79997
34379
15395
91936
52755
38376
82306
26896
64527
31020
65531
24881
45596
86827
87007
68274
54146
91659
12329
13673
98403
50384
93196
77798
65478
70332
40616
53001
54439
13881
67898
51584
94813
14649
34474
55013
22671
10856
11284
90252
11912
24021
13043
38700
43982
41761
27883
18107
42024
66559
70138
31741
25022
98940
96360
78458
23653
58689
11832
94783
67725
35092
85245
99090
71976
89856
88515
13322
38320
15621
40386
80032
50152
94072
55551
16516
44550
43272
47273
29429
28552
27400
74070
59503
75325
82707
47040
60804
41920
88066
52036
31591
38464
72471
14188
54705
89944
47504
62400
89860
49730
85801
66277
61825
94248
58700
96896
96934
87428
44160
65283
60474
88525
30204
24455
87874
43608
17057
77424
92613
62797
25858
86436
87699
98505
44584
28020
86340
80626
92002
96077
83601
54232
18909
45784
28724
55282
95803
47158
43966
74028
43856
67825
58452
73957
91225
46506
58070
24970
44230
25554
95897
78657
21787
96359
96453
45249
42868
46776
39581
43767
19860
14569
27131
27164
15428
89075
56190
42601
63210
95770
29930
81604
44264
99547
16842
35650
41213
31378
89144
89921
43639
27889
12494
41743
83196
97809
90753
92376
55962
59336
92273
87704
21861
79050
61996
56708
91344
21621
48281
26468
23885
71283
97585
50215
29493
88040
61014
30661
37192
26343
16301
70716
98055
58952
16929
19473
27996
23102
54418
22629
78403
73202
57448
39808
99139
11056
94156
83585
10642
74263
87777
83204
21827
46981
27603
30036
86361
16524
80456
48575
71255
58568
76872
50267
62547
83036
75488
70362
21472
68274
78077
19051
19503
17800
49944
88064
51480
90470
95211
59480
94359
50047
98861
60819
73056
24955
29043
30008
62228
38821
57151
42475
32440
77520
15059
30450
28040
77983
42584
33992
45844
96106
80787
40287
91055
52986
83630
51966
32894
44364
32872
63271
75594
76016
29582
78248
89307
53387
40643
23793
86034
24126
31738
88046
97111
61264
43777
81678
87203
58307
32322
17924
14467
90805
64472
43253
82565
95517
42026
82153
81246
18652
43755
46295
52787
24694
17859
21203
86863
11808
51414
31826
27183
15985
95558
49092
14413
13499
54677
89607
88660
94693
27874
94501
16153
20226
55953
83714
50626
56316
44002
45602
80937
88606
28259
28733
90737
71693
79644
35337
75208
32162
25152
12443
99011
52783
95488
20745
44680
93351
28569
97904
91891
82432
32892
13384
44901
31879
22574
20618
75223
88768
69734
63760
11724
86865
65222
42128
13420
74279
76844
30516
11936
44643
39727
93906
22987
74544
66020
27148
58369
39852
56704
28920
74336
82147
24269
92112
62128
31403
18487
43266
78258
36103
69180
59828
89152
71968
90348
82229
57449
42328
40362
43824
28052
24092
23561
31470
46140
68074
73779
47096
26266
31702
76899
57304
16322
27400
58896
70589
52762
94011
69776
24426
89600
83780
47861
53960
14738
63323
72748
23436
88969
59955
80773
39982
21699
20429
56838
48829
26492
13302
63642
45733
97839
27506
16008
95369
44983
94786
57054
16382
69702
16065
75256
92698
77178
41620
60129
96197
90454
83696
25090
87632
10022
47607
70803
44294
81032
22163
33941
13226
73429
11843
19691
53392
56576
99682
91920
54804
15021
16266
25665
17433
30149
99201
35714
91768
55371
78043
80397
93903
39464
13926
88342
76820
32061
24395
21787
28124
54286
11593
77915
27447
84425
10409
63006
10032
57606
94231
72323
87353
23822
88283
70298
81376
28539
88527
31969
66840
92030
53402
61898
46290
40824
37568
22385
99726
45660
88254
41960
14211
46864
58111
81614
61729
93257
80228
97428
28764
21781
84786
76623
70801
25706
64557
31653
63416
20624
68005
45091
75817
59215
36464
43200
81304
96515
85831
17336
78138
76868
13003
87307
56446
54431
58955
29212
32551
48818
52799
55171
23746
82657
93802
17167
26128
94467
32124
55216
17580
83279
75654
41736
67711
81640
59563
71678
92552
13977
45095
42058
15045
91045
32176
14289
11378
17954
29934
99904
37322
76947
77915
12273
76190
47068
52429
79672
43571
18121
88024
79617
70995
62025
60059
36585
78013
51772
12872
28656
33121
95476
88718
15680
12379
64967
72469
74491
34412
63057
43191
69164
26160
64033
31067
57144
50131
75830
28168
29340
83587
61602
41762
15125
92228
32505
47499
28327
53992
32265
45546
16130
27696
89049
55780
32423
48164
11381
80269
32011
73197
66350
57552
55989
89497
15478
76814
10329
60648
21870
91854
27534
59091
44028
26390
23290
80975
63880
63042
85316
21188
96958
31585
63216
27282
28333
52171
33160
66947
79260
26445
39365
95856
23527
52616
16288
80935
60599
19193
28834
57220
25285
60444
25946
21439
18870
70726
58423
97464
28934
92689
29839
28351
81929
93839
87082
97728
23853
42217
29116
35868
47255
73669
44849
14664
87064
25538
76420
60861
36565
41339
68676
21292
28839
11818
88167
75848
92082
29784
95129
56686
28616
63511
18802
40290
66938
31128
92137
23813
43251
26465
14432
60984
40262
76491
29049
21771
20205
70382
40558
36792
60554
24391
40631
10779
48699
27720
21013
68268
15889
17444
29109
60266
49352
22101
38688
61500
88752
76996
42201
53832
86797
86826
24848
25230
48200
42936
25814
32517
97315
32645
26003
81793
25262
75841
57450
99206
26158
34632
41483
58891
86866
76328
90156
52659
27183
89232
26787
11379
26321
55394
94331
31632
25179
77556
25022
87928
91478
84296
97608
97541
81704
20018
15771
14578
44371
38279
50970
28525
80139
76585
93136
56631
95507
87644
87621
60420
23246
86057
76881
68631
76400
72155
62146
26536
72470
54513
99010
54979
24496
10105
57508
86620
51587
65244
66957
59530
46363
78219
35965
96946
29278
90715
29713
28387
29875
30000
33835
96741
17117
94273
19100
49344
90274
56974
52039
95035
75960
86540
22234
70253
86638
29390
85464
12167
75780
20345
95118
44420
44025
86418
90113
91433
19776
83249
27067
91448
23692
44512
60520
78347
61525
18947
30083
70915
89802
91538
13460
77601
99006
49305
80776
20833
87953
19857
54595
16448
60616
62129
14574
48088
26170
28590
62659
71567
57236
27641
23779
29844
93443
31748
48568
96672
76868
89105
20129
97624
44615
74291
41483
68616
44080
38917
91463
52073
94771
92606
35604
59096
30499
58932
63561
75459
95870
94716
46264
22128
15187
71027
96974
84501
26794
33783
74555
14770
18906
27158
21204
81283
80232
92706
94755
76130
27070
76273
51673
31693
75049
77109
23149
40505
31811
84505
82001
78504
82048
31089
27777
70544
80325
50056
21313
21978
23645
85596
86825
90956
61311
64710
65094
51395
31799
50168
96549
86612
49225
89350
30155
27189
48667
32483
24210
66783
55457
44575
76874
88016
68965
68184
17228
80136
85089
11905
44872
53201
21895
81738
56696
54309
94519
29061
61423
29311
94993
56062
85659
27341
30472
14651
69340
86029
96311
26954
77750
90729
73486
92806
73448
15629
32021
94337
26848
85727
40575
92341
17159
75697
13403
84941
10730
57474
32514
54084
41250
24940
95237
86880
23722
37409
58016
22696
83846
54752
28763
86983
23169
83867
56711
25614
93616
26420
38311
20616
76184
29582
68478
39561
55908
24399
24298
15418
95801
54882
34996
14754
26524
45180
74785
47563
93984
27477
48674
99506
16772
82882
69842
45704
18378
62492
49390
88289
93416
48189
41366
20395
84257
81102
29333
95618
86741
31231
11529
49427
52196
57926
32533
97372
60556
88513
67987
44882
80974
80517
41131
47575
31742
24769
86237
97996
71910
70203
67675
93352
31607
73208
71306
57230
18791
76742
10273
85133
96065
90571
29042
18859
73416
15188
84431
26387
74392
53268
80791
58229
50923
51536
29221
19676
95745
24282
46070
90950
19173
11806
59441
85396
59742
44846
67260
35419
59580
67345
27104
65870
72035
30059
21218
81728
41290
29922
74752
24199
63994
21276
13785
62976
23376
11545
88945
64659
39543
85912
42848
52223
67534
23354
24817
94320
79442
64539
72775
84270
22907
30814
15168
56372
45302
10657
67852
84596
25902
30663
17923
44680
96569
88913
41926
54980
23204
98240
41230
49796
35109
18379
19205
28683
15924
24270
77456
86583
81048
40212
52973
85511
94041
74450
10627
27824
90153
59040
94745
24987
48928
23344
94781
15400
51233
86378
59592
50305
60545
31336
34768
84942
53325
32339
55560
35667
65270
71793
26779
32205
96675
32343
26198
17148
35225
76322
31065
65641
27406
31999
25449
24937
98906
28822
93441
26934
71056
86501
53081
40108
20723
11148
64042
82864
87592
47340
58006
88785
84553
20055
74770
51635
86190
11926
99581
65097
59850
37806
99983
68685
47190
83930
43613
39414
37528
15318
14330
63003
29216
16665
29415
17940
19367
32381
52781
18185
58877
25162
12904
23850
16051
24409
48306
29470
75552
54570
85569
79157
59427
53840
71677
75279
73592
90478
54992
10642
80348
63517
30199
14227
52629
29634
62880
30633
34727
47620
30698
80004
95262
38974
45071
60875
69915
54412
69611
61620
36873
15809
94586
93786
32707
31764
40841
24893
27519
43546
27694
85611
28713
68169
11300
17672
29097
34185
66859
31324
74089
74606
68280
28162
53485
39315
81560
72728
75844
73233
96868
44523
33484
81808
21651
47398
62936
53190
24593
62510
14219
77646
92612
77024
76465
29858
94495
47072
25891
19799
84895
39232
24089
13993
97679
96956
89448
17233
25228
30154
25886
29374
87677
27045
70245
61860
36068
19625
54631
28589
58176
24610
54853
38331
49844
17865
74976
19218
98191
31988
25485
18941
76164
93411
47288
23669
13489
42369
42845
26895
29520
35928
12999
70419
34410
44866
90714
44563
30483
59473
13225
52097
95867
44156
57163
17355
75190
26730
83736
47529
52294
20489
47530
97824
95438
83916
49226
32087
19954
13762
40208
89868
80130
95565
45008
38356
56815
22249
67086
97371
15363
15033
70248
62998
61226
46650
61134
71723
16584
27982
17665
64094
12361
44078
23730
53853
70932
56953
74923
23936
22554
24468
23216
29594
81129
74985
15757
65414
16034
85391
43722
88340
22609
12327
28760
73030
60671
57644
39459
26144
31491
86100
74880
29964
29181
22547
13064
52832
26796
62040
77324
98794
47919
52947
16822
57914
84290
63227
25445
87353
53274
81564
26836
58040
17944
91028
35994
61474
93582
58399
65022
11913
31849
65067
21368
28798
18673
36515
56133
37535
53348
97885
93835
77302
59030
26420
87882
29907
85094
40555
70562
65474
75987
62408
41856
24873
97009
95294
91141
15890
16345
25276
46000
29155
43208
19989
81944
92558
85037
14859
80717
39364
79736
90864
60973
45896
61598
67894
18175
58668
29430
79519
41633
64776
26200
33035
58155
37751
44658
32870
13109
82116
20169
67653
39672
25633
99656
33020
13172
60946
80872
75857
23053
64186
70964
74328
60929
81045
57731
48682
25646
10832
34251
28975
16021
51040
60169
68198
36996
88160
24058
49633
23314
73760
80944
92099
71408
96231
51192
34370
52563
24525
26438
96139
11790
68570
73693
53960
32207
22249
25372
35781
40639
78589
28655
69697
43787
40905
65772
53087
98561
69692
27873
16037
27637
19983
51544
39952
66669
29988
55107
88174
52819
22788
84585
28601
16339
75146
61628
66335
17911
89034
11204
97261
75163
29729
30272
57745
11605
52981
89659
25996
48130
33819
26130
29340
93894
40646
44368
94471
64959
17415
69271
41665
23650
64134
20961
19101
43543
49235
88849
78018
27485
30001
34170
78753
35368
24774
48195
28529
14618
86252
46984
11953
23897
99984
45119
20866
29350
62550
75871
78041
67129
77639
36914
40604
99878
17476
74864
36547
14655
73283
28282
84516
23034
70880
77410
31330
77721
37953
88954
57939
60227
31503
34008
61833
92757
28713
20412
85826
26402
48642
31489
31621
87091
91137
92505
27565
68292
56893
75841
30506
46465
40497
32748
37841
68263
28026
29091
21609
96883
13016
64535
90766
60496
76487
58564
85144
20516
69347
36784
26281
73218
95256
90787
85629
44085
89005
35354
59906
27165
94501
89091
81423
27212
78710
94695
65138
23423
30970
97762
49155
29465
96425
92849
15406
95628
25664
24994
21368
65265
78700
24600
94975
49676
27917
42808
10077
24220
58513
51820
62258
88451
87275
20474
24022
87362
19602
90523
50601
43071
31304
39200
10149
87454
17040
39463
77578
30873
19955
61879
27273
31010
77169
58946
58438
62736
48389
22037
46367
18688
27032
18287
18668
24566
76362
61381
65790
23688
47892
12245
33887
69483
40197
89267
98532
55768
94976
60104
97226
97932
94328
41541
65456
80817
27777
90854
29437
99765
75085
91852
19154
97913
80497
61778
66873
85233
27648
48507
21516
88553
90639
13749
94750
24648
60995
26984
87637
32363
79705
74634
66389
22304
77777
75933
16451
87036
54568
58755
92330
26446
17794
74887
22413
77814
76132
86856
27040
90195
54028
67487
45707
92749
28205
91593
49250
39467
67109
28559
95235
51723
11297
60032
25391
59228
90841
88232
51726
91528
97860
94783
53103
30890
11666
52540
71939
85122
75915
48469
67420
61045
62349
98686
87513
97292
47172
57760
57207
93361
46481
53586
46994
75876
45087
34675
96457
94287
31648
22778
29759
74263
77723
31336
98629
68541
61788
27448
53332
84059
78794
70586
30394
57515
37102
27373
23034
34068
13384
42659
85585
45173
38374
15714
99537
13517
60464
25149
15081
61491
92785
26490
76010
12398
82637
78424
36856
70395
29415
76770
96393
49174
68418
57223
53803
14031
28078
25876
64018
77514
24338
26001
23826
61398
88709
94796
79788
88652
83334
26960
67849
45393
71063
48798
26960
24029
57095
28660
57461
42539
61918
16368
57591
78865
84167
64651
42105
46184
25526
22603
17784
33495
59738
30011
84864
32532
46301
83382
54253
92693
48296
84472
53555
20191
25728
23622
53184
99949
45799
28008
68074
86435
93224
28249
32177
18636
13481
92377
51651
90715
25634
19180
20339
76913
27544
77865
19067
28063
72838
96063
46463
43911
23963
86117
53525
61997
86293
14089
90861
47424
96088
27915
85471
50948
20878
67992
79721
23750
29057
78252
92382
75523
11213
64107
25623
82859
81955
14866
99577
77473
90341
38739
56316
25868
87531
36002
56878
24105
46664
93315
42928
62120
91992
61400
61558
92806
49306
30239
53815
39929
46288
91675
24681
58404
61029
94431
30261
55617
26639
82184
39594
75519
63680
10788
89889
49693
20157
89763
40784
25354
53718
77692
97838
93206
12269
40460
12890
46507
87785
97744
62383
91934
59012
83809
73938
68820
22942
95417
75099
76186
88140
90929
92120
16174
47226
69882
66478
89509
46410
25688
24342
79362
33490
48177
93197
30159
49047
92940
77256
85837
39040
84805
42003
32757
91212
95777
17920
18913
90917
90548
27321
71555
81092
61648
13484
69926
29253
49038
56464
25704
60990
49441
76220
87812
70442
82476
21329
61728
12602
40679
31426
66696
23390
11019
15079
23065
78832
31857
32354
91036
76637
80192
82673
73861
82579
11372
93899
55616
70737
45259
73860
13248
99222
49669
75770
92472
96106
42045
24875
86272
21538
23696
54207
71328
13853
99919
23035
46472
81153
83873
60817
45767
38116
72551
99639
97066
96617
29430
29133
55363
70874
27570
93252
78923
19476
11882
19905
47490
32879
96529
35483
31898
73636
15610
84562
39960
39914
63184
14338
23229
40306
35791
19157
89691
85320
89130
84233
23734
27491
99344
41301
54360
76109
19485
81878
89697
46720
97950
57682
47312
28758
85571
26834
16789
93791
82720
64236
95944
56337
91087
79435
51755
94806
45744
49309
66204
30388
92875
90416
26800
77153
68817
80939
61059
33371
97445
98795
96302
68948
90905
41118
27216
43642
42562
23269
47088
13131
93282
19120
19018
49078
17639
39980
79745
84697
56029
74856
86494
76109
47113
89448
85142
32673
18886
24816
17445
99403
47919
37701
93216
35133
51749
47611
30785
13909
35272
28651
44825
90850
57742
26245
96243
90421
79097
26057
95115
75172
72184
41627
10990
29572
83402
61450
74554
28614
34038
74866
25228
43181
68922
75576
25430
60429
54326
20539
48816
39308
24161
68364
30924
90968
43853
85654
78428
14232
24296
77449
97457
66185
93286
74971
81528
11068
46123
40755
48975
98842
90064
82003
71493
55666
18011
77016
94735
64061
16435
88973
92422
22564
27892
14749
47335
59577
81598
53925
56971
38938
70596
81609
95799
50958
99907
58053
86309
43321
79375
19585
75992
29340
54752
80184
60293
28143
77305
96533
81587
94471
16225
81121
83659
48840
18402
76559
30396
43070
46860
88004
71156
89192
14925
53386
84383
28431
32631
60239
12538
24603
17986
35241
35274
22249
27040
24288
97913
31188
24926
51436
34639
46502
99759
88913
23667
55746
94265
65154
90701
90790
10350
39854
43174
73560
15072
48829
59815
68785
35237
19859
82150
72899
82976
92726
14402
52234
28778
64616
40480
97091
89586
92758
40784
91589
38208
76233
92819
49360
16764
24917
85261
82007
56477
89055
87810
81621
91900
77320
89404
81346
92622
15107
29909
17113
86810
97406
76136
97484
28343
41540
14898
84314
87777
47963
71774
87620
46913
62221
58486
15065
19421
26772
87153
33617
86506
64539
87369
18226
59010
13255
64785
89003
28624
53315
58451
72004
89682
13692
11065
80337
75723
21137
64498
11273
37387
18907
49328
23724
32658
81990
94859
17948
78092
91236
14547
24462
19682
98365
18193
76017
30348
14569
79296
39749
79720
77470
23068
82083
64579
26387
83910
96208
93027
69669
91714
39851
94128
95159
94608
54744
48240
99610
69325
61950
49997
73120
26410
36683
69675
79344
22305
40837
61624
13946
68872
97613
94148
55791
61607
46810
45843
51775
60501
90273
14091
58435
25105
40642
96551
45978
36606
13232
92685
21257
32482
84515
14572
87883
19771
64133
85849
14806
22828
32491
95369
83292
32159
63834
71724
48457
32531
46601
54066
64832
99917
11301
91179
14257
29185
59187
14736
17086
12633
22870
58912
71248
59895
98769
78487
39432
31774
43272
83296
89312
76234
27450
61707
28086
61908
84707
19903
21487
32328
81982
87145
19848
87144
56773
20216
75112
56870
19179
39966
25180
31363
40987
15915
32215
53786
70053
23823
82395
78862
21021
20465
73956
29286
84964
68016
76041
64604
49929
91397
79515
82746
35118
53496
93718
15405
75663
16244
49881
61049
78500
99859
41156
22968
26764
75213
92016
30439
49029
71480
77744
26866
52101
73312
27296
38363
65058
94645
34550
22800
29046
24758
80457
96991
31350
77955
14996
91044
25776
53376
85662
59546
14688
65159
19801
57612
38821
80934
89601
17018
89853
80006
22484
97487
36955
72180
67877
58712
89653
26037
31566
21276
79127
72216
38109
96938
89340
13314
28230
30072
65016
92782
59151
27305
65281
41634
80459
81514
44453
52706
24271
83601
26208
23236
49620
61699
62787
87563
57853
49799
29585
40898
27600
83777
49584
36076
47214
36174
81733
82130
28713
92008
25422
30605
12868
84055
26510
73221
28101
83267
97523
88120
44842
52976
24645
97418
13023
47584
15875
24110
55335
43403
62788
81368
92400
68938
25678
57418
48567
21963
88460
30003
20084
32186
79122
90790
96227
16034
80043
13069
87685
90648
56142
80794
71960
85144
31441
42210
17033
49813
20499
27342
95494
29369
54121
69419
26499
11928
51792
80261
32347
58658
25993
25961
63501
82784
57178
98947
86890
56303
74328
76677
27429
57286
31593
15187
89858
91915
92687
32259
28522
63326
84484
80587
32158
96322
17572
94915
43382
32659
87621
13608
95068
95593
53100
99812
23594
53927
30239
30245
90371
45896
90270
54461
51752
61516
95799
21059
67629
55846
19332
86768
80382
40100
32369
57987
91960
61353
32474
61790
33062
40125
61811
97537
37036
52712
19064
17554
69480
57342
93640
87704
24878
68090
76889
87785
68241
36514
54690
37927
82146
25198
33245
25430
12418
88802
87122
51176
86235
32110
31693
74940
11841
81515
91271
59222
68291
45660
22366
39360
38552
17873
78137
25550
88330
48994
28216
28204
78864
96353
29912
54676
63476
12463
24711
66215
69267
52147
16011
61470
89677
74862
45932
57546
10673
18978
46336
93793
26180
20681
61593
77120
12978
22951
76582
96414
50236
37408
87304
51781
67006
93526
15361
33828
87434
25027
76777
80054
96075
49987
55833
96412
30759
81191
72120
26515
85712
55468
23210
60429
31910
23314
16667
91801
63208
96768
76914
92688
82583
69360
40927
18506
30015
99341
89197
31400
29532
84613
17232
58840
26477
26040
98147
85529
74313
73160
80773
64656
89682
95068
57553
90819
71043
32312
84685
48261
97098
20000
11056
15980
50349
59926
31563
18864
61738
28226
28420
31601
66068
54975
19106
48987
92239
45823
24275
18948
23451
28886
70716
75780
16039
95760
26411
51752
69635
64428
88469
37137
99644
43338
19810
29172
96055
20953
34453
76748
14932
28610
23502
57344
64342
22622
51830
51656
45016
26488
71426
69701
39261
62539
62222
19248
84509
30866
11545
64184
36560
54444
47683
22313
42369
74567
76488
86041
29872
56671
81089
29676
90996
89619
83651
41492
80155
13432
49428
93049
34609
97100
41061
98464
16159
86507
53421
80848
25333
41975
58771
86359
15210
27307
52919
46515
45543
13777
65667
42229
15066
20533
64569
24786
47349
60189
55384
30423
89707
11460
92890
57645
86514
84536
16293
50651
95361
69191
28635
30692
29082
25698
73200
88177
29479
94089
48756
10017
18282
94353
12426
31554
10905
72565
15857
85892
43736
10891
31841
31228
86117
81240
90858
96351
71965
61190
33684
71769
55733
64810
34755
27133
26712
13386
56083
59916
48222
49821
91137
65502
96269
91000
23167
51608
89661
43017
51742
10539
13696
90277
28703
20645
15920
24201
55749
94299
75865
32377
43678
56802
30915
73608
23171
44836
43176
90641
22227
57481
57455
27648
46504
26833
47248
31192
74704
29065
96244
43180
57921
28033
61084
87116
30682
60435
21315
93150
15161
31844
36297
21525
31499
92698
91945
36309
28740
96775
85692
34172
54149
48833
17798
83976
47864
39037
36489
28217
53766
26670
94969
81513
28049
25625
60450
27627
86075
42455
67175
50719
28050
47416
53319
40279
65177
25939
72783
65552
55614
30592
48591
64891
82595
81312
85996
73642
43700
81138
59928
56332
77627
77021
14649
85433
57172
12931
97104
27290
97002
95045
18976
77971
90062
30081
48136
70870
89520
79549
33445
34440
44581
87713
95001
18885
80288
88872
22164
20776
75658
22926
82580
99424
39804
57682
50633
93723
42348
27385
90904
28714
18390
39695
87069
91064
56326
35262
63918
21143
45065
50178
29234
57477
33845
90500
92675
95705
38016
59096
61795
96966
55272
79602
10261
59027
57366
25932
14933
70584
88503
84619
73231
30198
28542
17198
93709
27280
50888
38761
60689
98385
58117
61775
38241
77977
41251
52963
74329
83259
27157
94627
12363
25908
23837
56443
47533
62028
15396
18210
28741
44688
36881
46509
25775
81303
75321
89583
96258
17419
74720
96408
87619
59064
90403
92187
38977
33933
67305
31218
73610
42625
88173
87425
69401
83075
52994
49300
41744
88780
93066
90352
95342
13541
57537
20929
67857
63182
84532
98644
10065
16282
22060
83761
91244
11807
51497
71993
24496
66177
18828
60048
70273
92249
69802
28192
22417
40088
19852
80403
30999
85555
23972
73265
96621
44502
39298
63658
26957
90867
51725
65346
51792
99486
61568
13821
38816
82776
25130
82500
79105
11133
72895
21922
78409
67783
62470
94794
50176
61292
46926
68734
85601
20230
63007
82542
96473
51218
76776
94960
35080
54427
12425
64526
82807
71693
16544
40454
14163
91534
48642
13793
47048
29954
38998
39692
75518
67447
28152
34439
30810
90502
89950
88431
37824
77457
54768
33806
77226
32701
26296
20765
24469
56118
96885
59999
60482
50092
87306
49032
31308
80492
88938
21984
37356
78699
29406
85729
11782
87777
96008
95226
84656
94914
77104
64567
49426
27713
49249
72438
19923
81560
60761
75040
70053
85678
93699
94710
31461
20776
45829
11062
96681
51782
49664
76560
16184
19661
42193
64452
24569
32777
13581
65312
56184
54401
60825
67342
60278
33838
32046
13673
13480
27236
14739
25491
42305
94897
12268
60726
93498
86648
95495
90850
94544
27540
54027
16895
11083
94748
41097
47681
62506
76760
79042
12370
38098
52608
15052
89625
91781
21360
86967
29094
29753
21691
23344
95822
53482
20359
29792
91368
60223
75246
86936
33463
74936
90566
27786
79537
42416
27597
29567
10640
77443
28209
20305
21880
63311
32005
49305
46887
76058
70067
69072
38143
87660
86563
75347
19105
32396
83269
32446
25288
58447
58050
83224
48132
93003
47431
19081
97839
42033
12405
63546
94423
88801
44564
82518
18080
15016
77261
22673
88057
91673
52733
62848
75697
66566
83662
26981
72948
23290
18152
90829
24471
12903
35323
49879
31684
59696
83914
50341
27987
67565
74884
87780
39350
30387
90852
28142
79702
66717
94224
78902
71626
71325
62824
91110
97064
22429
59611
12233
15319
54908
81916
30031
64352
22281
27101
84721
16628
68762
94231
67718
23727
58815
57267
66642
61795
49120
89420
53274
32125
26938
30188
74693
43834
97088
20506
43981
27660
70579
79295
50336
91746
92421
61522
22037
89120
68699
22603
65055
61973
62400
58106
12626
82994
99599
75831
23761
74768
37576
30618
92849
74497
21867
84994
54747
46686
73402
43988
66061
46180
51931
21715
98819
15123
81138
89104
75104
59393
82723
84022
86990
81611
92992
48644
16176
75609
73860
77097
17709
95334
21029
42247
85061
94553
70296
77969
39877
10772
10548
12796
83964
24874
45467
91648
37918
59198
20803
80894
20248
69189
51936
66876
27269
85104
83336
71708
92038
65538
50595
70375
12764
81271
96566
28902
11126
41097
91814
24816
75661
21888
47214
95715
28244
24577
31539
96326
62285
98713
13233
47347
83182
40605
85353
23732
40919
78029
56481
99878
24405
88956
44492
25891
29867
33045
40012
32038
75552
27087
29649
63237
76357
60081
71392
25333
91148
23115
95348
48196
41935
12212
97200
10561
87401
80749
14847
48544
59754
29104
80265
48960
23770
48946
81905
95124
88629
62107
85185
61064
47840
60518
27116
25728
92431
14089
48600
31915
13947
34602
64223
51533
10764
81602
43504
73800
42516
95961
68218
55240
38774
44749
54646
23493
93840
56168
71417
82046
93264
68842
19528
94569
30318
89625
81341
62440
41816
29910
23041
42507
77420
14151
22043
98246
16026
93749
11457
89685
32697
27888
64720
71213
46816
21513
34076
81630
27438
89457
27662
76419
61601
10892
21341
25926
95852
32186
25409
26195
52001
33196
16129
61884
63802
49315
84121
47360
77610
99333
21303
63847
19985
26040
78720
14849
82192
23893
34741
10578
72189
37452
70451
82828
29493
94921
65253
99329
79710
24918
40646
28916
22090
88323
80204
79321
91585
46280
26467
62704
73956
17032
21088
49164
61665
74416
76977
83392
59826
45865
29175
94462
81873
25252
25288
27161
83088
13720
82672
33876
32549
93984
86444
41602
90308
57417
17184
43113
53817
74175
92144
27242
27615
40386
26256
89709
44558
12312
13971
53125
94377
80625
29861
19397
71201
89287
12120
25400
22810
64516
16483
60430
18357
27114
10897
19410
32425
63028
15433
43331
27659
45611
39405
48498
36605
50429
88197
28820
96817
25251
80345
20508
44455
18803
71744
14279
97218
95108
69617
88919
81091
23847
61439
54352
42102
77034
81668
36702
81620
94973
13879
68537
21205
32106
45309
95356
16038
89760
27082
27762
13656
64772
46448
44978
76960
75097
85097
86029
96457
95763
52933
81384
63904
11318
35609
11249
48469
67446
82523
17915
93639
22549
23844
20111
15043
54568
32490
19784
61706
43018
38361
57334
99511
35997
46569
77497
22336
13251
31320
18532
31483
20089
23754
48693
59309
73104
85353
89739
57851
70277
56768
11449
26492
27302
38659
50135
11085
29681
11217
29196
94392
31245
63093
12550
78912
56571
35414
49299
22635
91533
30994
79043
12363
51515
17434
86690
88423
61916
28074
41150
44000
83020
96575
23088
34257
24289
57000
61443
19273
85611
11010
48652
95560
44099
94911
49450
68063
44304
30266
92275
62430
93660
83612
45582
82564
89741
60070
48561
78391
95246
61803
70656
27123
93649
93830
15396
43330
53379
19918
83556
23984
17616
85767
38055
68831
52515
42904
95584
18089
68590
30130
21705
77029
67829
89887
79524
76624
90331
55764
92646
19689
27531
47055
75589
16929
55688
15081
23498
88906
59441
96403
48682
37508
61379
96351
77721
73600
92420
71004
94502
99900
59525
85793
14740
63880
30708
85079
60947
79007
55504
15547
59686
65608
30353
24793
14574
95810
94241
87746
79450
54774
39527
77624
50786
34239
75594
71353
22925
52088
57379
95337
43424
43074
46759
95328
29461
53293
91264
29939
89622
19980
82270
92257
90469
24931
36059
25174
10040
80753
23467
13120
55264
75424
40712
48995
92433
78247
31128
88594
16194
57999
44665
41509
47927
39011
15704
94248
65629
19845
33416
88590
42068
46853
80802
90387
61719
92696
94311
12702
87022
21953
17832
88264
50238
90800
62051
87984
24662
24650
56773
31383
97226
84055
44133
18252
50699
49900
99359
32480
93553
78020
61182
94932
67546
99211
28288
36706
56219
64888
26537
91600
56328
28009
29876
32546
31513
80897
62599
98109
77667
72477
40146
11751
71358
94939
97816
31004
27030
57575
21991
19440
71400
80106
66809
45105
88050
24645
95762
51417
37047
18531
29476
76112
14169
89136
94230
51202
83405
91971
93818
95870
84944
79528
22819
79313
95765
51855
79684
34355
69994
27198
15948
97201
19032
93399
74685
94023
27916
74360
78657
24092
64981
93381
97370
45341
40189
16976
23377
26014
58824
91666
25746
79415
66444
49532
93620
19444
86664
66501
45262
40589
78536
36189
40970
31746
55808
60723
16653
97297
93067
48596
89470
29966
93300
50528
94617
29792
63227
25487
52271
66304
29214
84098
93314
71024
38736
95798
45267
63978
22362
15377
48381
24568
70563
86028
32609
59716
23932
62280
38820
96388
93448
10088
61871
12299
82796
81924
15459
16340
40315
61111
66844
14872
72520
31738
16130
19169
83128
27136
67445
18001
42832
26362
53405
13887
16658
57569
54525
33114
35674
29822
49957
20283
46186
97382
67915
62803
68992
76916
29416
26288
89464
60288
22123
26223
78278
95130
99922
76109
82827
30423
55362
25354
76332
54781
64817
89720
82082
83113
40296
87262
11268
59133
91012
78790
10673
44960
75312
13377
42617
30147
91992
51461
39761
60559
27058
27816
45677
82176
21232
26070
34694
58268
86388
42798
41182
95016
73905
52152
21475
78224
69346
75273
29729
21186
32137
47528
86858
82594
30893
94040
48568
84085
39497
53268
31159
92932
22127
20568
82237
69283
74566
30332
17141
35380
57549
17380
59634
45129
26259
97382
48962
61743
16711
10766
79932
87172
29914
99060
85105
48618
13380
44848
18531
88042
65388
42800
24823
34686
88712
87288
31006
57606
42382
91201
47118
59009
43912
89630
36150
96294
83937
60497
84008
18798
50862
71213
37983
76292
59945
47352
10792
82447
60083
65171
22513
94954
74482
94410
19003
10856
29299
87396
51894
57738
95819
97666
18116
26323
20588
27066
79624
95771
46083
29879
28668
38067
15163
23930
24955
77323
48992
26051
50594
45595
95568
68859
64652
93570
94757
80129
70366
10704
60945
94240
65384
28431
73238
29577
53679
28745
12439
49045
35562
39658
71696
12159
14289
10237
99621
53071
76162
90249
30578
81105
22570
83411
93966
60999
20139
79497
39296
41722
80849
73156
78923
54165
14003
29583
66554
53761
46269
61917
80521
40661
89759
33128
86541
97164
76939
90048
93020
29533
89606
80010
78355
21758
84150
68203
18095
50992
52792
39871
14167
14601
98469
53277
99394
22250
70464
98111
40843
60887
18742
18909
29805
60712
41704
80765
52024
43909
19321
90657
31923
23352
83996
83556
13019
61982
44382
16251
17872
17521
59042
81090
59066
81225
22114
88091
74288
10175
96181
59919
61774
86575
82385
60512
23929
96481
59316
39994
36662
85617
47776
80600
63524
48561
31389
49665
98264
99306
69464
55087
73478
44665
62659
88608
80404
16871
81321
58514
48454
66382
62635
60083
54613
21922
41181
52287
76540
96651
18289
31041
32654
91033
70446
88578
91411
39263
82651
61975
52027
91267
17680
65430
81949
94255
19542
22602
12300
91076
94922
44052
60056
72192
29167
95554
10370
80790
77106
29653
40859
40545
64568
14305
57156
24173
26481
92256
42328
50617
36410
35230
54082
86965
42825
38697
74706
90552
80796
87335
22696
52536
59887
65600
95943
82547
45733
85689
21962
89878
14751
83608
73604
61420
47603
77835
94861
27430
15311
30776
56976
98213
14147
53536
30770
60409
15111
89051
52904
63923
74100
64253
87241
95836
31108
14295
39312
40524
36879
12409
99290
57477
30158
63041
81541
53626
72980
57532
15611
86093
34637
14106
57904
18626
28337
87579
63504
19665
35262
20924
39470
27684
93834
71503
48498
95046
95309
57432
28051
38014
82975
36547
11144
43765
88280
95065
51456
17537
99272
40513
63064
87821
61844
31586
29065
35423
80935
23543
10538
90672
71288
77406
18721
24873
59526
30962
94862
86051
90993
96936
18838
94621
40897
38865
57327
68443
46127
39482
85420
51442
73329
82848
17858
42568
63156
30409
31877
32945
71192
94294
26073
53253
24118
83139
34376
71260
19952
89551
41104
98951
19771
67315
22075
48089
24499
76650
64999
95346
25766
23739
17084
68547
17203
15618
26442
95783
38590
53274
24130
94193
61458
71697
12497
90329
30484
22810
83576
24303
23301
55388
11998
90661
61852
93860
68230
19831
51306
91536
61962
21145
93504
74411
99643
22565
52455
10104
86165
94932
91266
51344
99521
12144
82011
95238
22556
49270
25292
12699
26415
38508
60307
80680
34015
51748
22384
91979
88459
20332
87114
31485
97875
93881
24195
95513
15440
43909
10176
23595
93901
90638
59894
94756
87659
79207
33021
25205
24730
23668
29689
16021
96016
25365
14492
85968
21793
95308
96024
88106
29989
80992
63480
52332
95420
16317
69036
63060
86102
62076
47086
78937
47386
30296
28716
32435
44040
35990
11372
99494
74166
28164
48415
99394
64173
11590
78946
64161
29852
94630
98377
71084
39985
46803
83993
17357
10740
31995
60830
86661
25183
48723
32851
20650
51505
96631
88389
21364
61144
85080
89425
87248
42221
93148
71893
76238
74564
94453
93137
78993
35708
69733
88182
19273
88665
23847
33530
96644
16048
19148
23757
15236
29382
93144
62428
56329
16341
22108
84875
39422
52863
96165
70607
50428
71350
25842
12559
19405
71235
59522
15354
25305
83201
71151
80291
10837
30642
18745
22745
15474
96906
39692
88817
17200
57699
91853
10859
30373
64566
69292
27342
70685
39063
77821
79742
47534
11915
63175
40384
13508
89782
45786
15986
82944
41985
37696
58696
62945
39488
18010
12779
98246
10796
14929
99613
92489
78930
21201
53152
72846
17353
59715
85132
78228
94216
94783
75811
12968
26817
23451
19570
92576
17113
61620
84744
80840
16191
47092
50572
20112
81534
15787
47844
45129
24422
49921
39352
53950
31234
27414
56065
74389
66097
58240
57621
90351
89987
23469
90705
23561
79758
53074
25016
96645
99283
85889
98442
76116
71868
32249
61825
89171
38192
98579
50892
53867
35442
47660
31130
91054
28479
67067
14981
30299
32734
58585
68837
42409
46183
69476
26933
79651
39324
83365
77017
21960
53321
91670
31428
94766
42219
31158
58136
35803
91148
81184
25426
19353
89873
16518
61940
14656
53418
43370
80331
95691
93145
97871
16143
76416
63502
33942
51727
92961
89544
41957
92253
24255
65752
47106
36328
36719
73272
13348
44894
11341
44419
78738
82353
40090
96680
24742
15722
85649
29201
98164
64474
29727
85345
45419
96980
26629
86132
19563
93672
75763
40392
10664
50733
54245
69072
47798
47366
95013
29608
30403
52757
32409
38593
71424
62489
93696
95872
84657
99466
91251
22502
44533
46073
29835
35167
85746
99816
86170
27308
25246
15859
32905
34253
56753
31683
32617
13766
18858
37665
11146
70000
63498
77400
45987
45234
86152
27238
87442
15425
42320
99472
48902
76428
47940
70213
78625
31534
77113
29927
29765
29548
18224
77209
35604
66257
75714
98945
72245
51778
80366
93475
23889
20764
91329
27468
32924
11138
24500
14297
52607
38745
97625
25435
72379
19417
20532
59770
89960
53506
22874
83368
26926
16686
52690
84667
95062
76840
59977
46738
38488
44805
11926
51618
16998
31721
29504
82792
64280
48775
54443
70526
11841
58416
38749
78302
13600
65412
15309
92492
43110
33228
45201
37143
47556
77066
31724
23577
59543
66860
23200
68018
75424
57590
44417
39978
57494
51040
26561
87272
76998
54688
62989
79243
10706
73616
20184
23365
34716
64993
32664
33732
15832
79777
55074
85724
39481
46392
66129
10216
10693
10000
26438
84850
15707
86436
60425
51119
26799
77016
64972
50129
95326
28502
28928
20557
41715
44095
44542
31820
43394
62279
87794
74988
64580
17060
46927
74092
82989
81047
69624
78677
11670
29894
29216
94693
47875
15674
53890
10726
84225
89062
86532
71245
19958
87982
18428
18488
66123
91541
45514
51777
31397
24287
57690
29135
66496
38850
48900
30577
65182
67274
81292
22237
46360
96138
23592
96178
29050
13578
10041
92726
86743
14734
45760
27942
10873
66310
89057
48320
90283
27018
57036
16104
20646
27989
60071
94529
79496
24785
31404
48174
75371
57435
22153
39748
17602
20198
96652
53420
10781
20038
28916
27782
80944
98801
59745
62153
68623
79826
53181
67950
39411
46225
68627
91919
42347
49744
16656
26694
29214
65932
41570
89556
40373
10043
32288
24401
28439
27486
85629
73917
11366
36937
30313
69389
33985
93441
55162
68325
15990
60056
67381
18513
16197
15500
90546
71712
12126
96437
89226
62129
52618
49704
86694
61003
77381
18773
11825
73553
42824
15041
72080
48180
99756
69222
43541
41762
63224
26530
94537
95347
65264
45031
43049
88701
89063
76989
32190
27579
56256
26605
68840
68485
83424
61571
92677
87125
96578
39064
30706
99255
70855
27202
82630
24992
42050
27461
51688
43020
84318
22439
68654
85729
77161
11968
19913
13320
51764
81136
14650
30560
56107
91214
86360
57099
11329
93943
95388
89025
30915
71583
12945
86634
28958
32016
71505
46571
61008
26909
78849
20780
80347
66017
33578
38348
86697
23068
92872
27033
82394
90369
59833
85302
93420
62119
27001
97542
20545
26027
28701
26771
30803
97090
39059
44822
35325
91292
75727
86850
88431
68473
82465
37653
17753
24794
77625
96820
92601
30236
10306
83433
40643
93203
94421
21073
32114
54444
15214
74250
51190
79085
22755
24688
25198
99569
41225
91854
95284
58036
79956
60674
88314
16457
18448
79258
91239
76708
44503
84654
31347
49857
85044
26977
93964
12306
22361
82194
70574
40732
11743
99710
45744
98779
49608
92231
61722
39177
91155
31230
44677
81457
33456
81557
46107
22098
77954
94769
24908
92206
71090
20058
24032
31912
39576
32285
82550
43210
78129
65487
16203
84466
72368
64632
73748
84358
21840
49443
35835
57271
43917
96748
30262
81232
26142
61525
15572
31958
80099
89424
81904
87993
24243
88857
24811
91670
77385
37302
15372
13294
61606
64360
31200
95481
17498
63766
15545
54829
51031
30031
90628
27969
77360
12665
91848
35468
60452
21331
43814
29828
45580
62433
72134
13216
41138
94347
97840
62979
28991
75403
10844
29563
47956
29696
14836
56306
33436
86756
29688
23941
65929
89524
19042
56887
61034
30401
74446
23711
40576
85122
91002
79984
65796
18049
66306
41591
30355
49004
48642
23637
77512
55659
33313
26381
39536
21741
78638
76202
16888
84699
32165
50616
84657
53205
87385
49219
17691
98160
26637
79755
29973
96820
16298
90212
30347
26752
44651
24365
15374
56432
10692
93724
64296
51224
41838
77375
99145
92584
91160
61446
63556
28904
54895
28306
82572
19379
81502
29735
96319
31160
30243
54859
49681
40226
56861
39086
63532
50828
63203
47071
32791
35436
55648
32706
21444
77322
53741
25067
84896
70272
28021
19183
41104
97139
76862
94083
99703
39063
93713
73024
69856
38517
61016
78808
29359
31743
29846
79288
10313
62466
21802
43027
19973
25860
87420
40292
48655
46816
96280
91419
43873
62182
30515
62659
70351
30793
74864
18499
74906
49824
24457
55682
54163
61200
10089
20329
49536
47755
28595
26259
12868
92279
85346
11501
32503
98112
55819
57712
56839
27375
21068
16600
21441
98042
48351
52672
49696
86760
14315
14569
41865
16394
30377
31320
14594
17563
17162
63745
34294
85068
11470
22211
15890
21382
78509
14287
14286
59912
33805
44944
75235
81279
17706
71481
70535
41997
37721
63063
50243
41797
39110
26180
90137
32299
94704
54176
23814
80200
14796
28698
93789
92432
81126
11728
47285
76253
20903
10925
53327
96935
46004
15047
35277
89101
27996
32062
31569
97473
28951
13846
87392
66625
31122
17682
95269
61681
39440
59904
61910
75489
87648
81991
38388
14139
60913
50509
79407
96552
50194
88659
65464
21029
73459
77004
80728
68442
73351
17472
93234
15053
72496
30333
39697
63054
49156
46744
94947
66915
82960
88268
65698
63941
65414
11164
95325
93258
22115
46738
26947
87271
80167
11686
45856
24423
88574
81258
41385
36191
76177
95026
75354
44139
21198
17594
58243
58176
77200
64400
90322
89152
63055
72391
40578
95276
45235
18850
46657
22373
57219
47936
83986
96016
20291
29219
85826
74248
80971
96128
49095
27018
53116
34148
73115
36160
28703
63316
96355
13450
94715
26937
32279
24866
11791
29503
19930
74872
91439
65978
93890
89604
79063
15250
91881
46439
41481
62576
20229
87041
56048
77241
96163
16740
43912
25858
29570
81005
79185
57702
80890
67083
87176
98241
85512
33172
29213
87811
62669
58977
76833
76441
96938
47476
14316
36145
16335
15405
61573
20812
32044
81870
43271
17010
56735
10109
61794
28698
46532
59362
89484
45802
56196
28072
85688
93420
28212
31589
82546
28945
76958
37036
37471
94282
30049
52548
88353
87617
29467
26388
31495
25310
94439
50935
31799
62121
90201
44328
68467
93056
30829
95338
44666
91787
18116
77227
76554
89815
27684
25609
87573
39592
51483
91062
25737
31716
76362
74375
38497
14016
63838
44038
82007
84070
95945
52774
41985
90540
21652
85903
60061
13718
37782
87088
45130
52103
86948
79740
90196
91218
27232
35017
75760
77782
38829
54494
43842
81676
40995
86924
31336
15373
16353
33180
59798
78306
70274
29402
84429
44566
61766
90052
85190
84799
39231
45249
95505
80651
15402
20171
79024
24406
48892
94444
48864
91702
11818
14656
58576
88007
88155
83377
91205
21676
96320
95090
81442
52550
55875
43928
46888
19912
26013
19701
20446
80208
56365
39896
80470
42962
21581
20494
97735
25557
21382
69089
96199
18308
63498
46024
83402
73192
38476
79046
26079
91591
63434
58129
57716
40261
94827
18522
57411
75574
35654
94060
29998
94383
23528
24845
82826
85150
19628
27732
60400
94652
95032
32528
43960
64388
60970
23234
24554
37658
26119
77904
77443
86712
53382
43506
73326
28916
61909
20819
62510
12888
56628
71797
89485
30946
69608
77134
98024
84449
48436
66890
55840
15790
89806
86312
83536
21676
15640
70546
94064
31664
93273
48161
54401
40505
22384
70852
29579
83914
15218
58596
59377
99653
83338
89732
45004
53808
71557
70916
26947
42908
27797
77606
18031
57422
84470
57797
87665
29631
62295
74880
95045
59923
20491
31026
82451
94607
91059
22904
18545
90366
17838
87791
26412
27043
76315
21886
98598
86356
85004
26945
96877
23584
94273
22813
41785
79157
89548
54648
25539
94833
27565
36685
67449
90976
98037
38295
17374
22290
60488
31323
75884
18211
45384
29183
94242
24105
35994
15879
80795
26564
41783
40903
68944
54038
90713
35432
25140
31642
58728
76304
21400
62277
53239
42226
75107
69875
60992
71168
31042
43968
53758
34088
93176
10764
85257
31794
48415
31780
71169
38932
12819
78999
84721
75217
69056
50619
18893
44899
19955
28583
13709
82979
81474
84608
60792
11960
32633
75249
98590
54644
95927
11763
93481
30506
52159
67642
93646
25226
85162
24460
91750
31386
72229
87241
93064
79152
93002
89474
24412
43329
37741
49513
97410
57680
20218
30287
41058
81071
89248
90141
65361
41435
78038
72602
19394
30680
52827
79516
32692
16025
97624
43716
94089
70522
43904
62786
60796
35584
64832
62255
22056
45006
29000
79489
94241
80057
27073
35274
56273
60844
10122
43255
19340
85593
97924
88672
96257
31196
45627
67305
18130
87082
62560
90310
42513
56345
53240
14210
42476
84511
15841
42459
79180
28873
78936
62017
97225
29393
75056
50424
77832
43204
57582
53120
61057
77431
57560
77806
14646
41086
21693
37872
37403
50918
53294
51584
80601
28060
96804
85583
30711
21080
41686
84821
94953
30450
63302
87472
84997
62133
72775
52657
24973
82569
26502
52747
29291
43647
94725
22837
42820
93806
21482
11398
76961
88331
92393
36726
84376
12035
56048
62007
11546
30642
67072
21340
19303
51069
29696
13206
59336
11113
70448
96333
13605
65453
69911
81734
28521
16085
22395
19969
14514
18042
79378
44750
55482
82385
62605
38184
64218
28695
20346
86712
44674
87198
24379
78661
90088
58819
44096
82664
29030
14693
10023
52089
74637
67434
16660
55808
82131
10540
35629
61221
84992
75019
88366
81881
65476
32637
77169
20650
31972
28259
26243
64006
73093
27854
14890
85250
90280
27494
89038
76681
60977
77514
87821
85638
23002
63546
47337
98906
12762
82929
76619
48353
25542
31846
21994
71373
81873
49736
28189
91253
88800
69120
41724
75636
23168
17913
94572
54048
52008
74742
63724
34534
99652
46179
83841
11376
19726
25992
86293
19402
51723
76144
15282
89988
48869
66246
62340
86177
41629
42167
46473
90258
72471
29034
96863
77348
38561
11236
95140
13576
83147
37669
20996
15811
53595
42894
90870
66633
30413
13680
42532
60604
91760
82767
32355
90442
59263
43146
63422
90036
30964
10409
92196
18784
29908
92428
27243
69655
65666
29886
94597
25389
80036
20850
72174
61207
88609
38664
17053
69579
19843
30255
64968
31744
57837
69478
48400
82698
31248
19669
29905
29853
84449
68752
97330
46329
25358
20611
59018
83297
30931
83138
75404
99629
45669
72064
57460
30640
52441
43888
27315
21162
87578
32252
66753
59794
88043
63923
45896
61648
56454
15382
24301
25675
31456
83969
32554
19814
16726
39621
43376
45846
78505
52477
46068
44740
17180
43191
58665
67342
50729
68347
89731
96025
82944
30710
73840
99077
61188
30166
99660
72095
41794
29908
26506
15503
58181
28394
77211
76017
44081
18250
28581
16487
12725
98666
33177
50291
42362
88047
30547
60610
68795
31692
67750
77559
77519
73543
73850
17198
59014
31945
27761
43002
42749
54102
18803
93253
53095
38026
53264
89231
61938
24029
57746
93799
93779
96786
53396
40519
41708
43147
74052
73274
62527
59411
67261
80442
16020
25639
50193
78912
22048
37464
76570
30301
49454
15405
75802
56577
29802
76392
18452
31571
71576
82626
21668
32392
78474
25954
42551
62538
71317
88242
12608
50165
46285
92141
31296
26294
61736
21612
46332
30867
19744
94586
26210
83113
16660
72925
76800
98619
46714
89194
99033
73397
80429
76152
70786
62660
48240
66020
11896
90227
27664
50574
21935
42542
68969
80777
64067
59080
95352
97801
59126
62022
81304
81551
25475
74985
10069
13784
95585
13385
22526
81962
69301
46704
78798
49367
81422
83743
28008
95057
37893
24851
47720
24168
24814
80232
21227
28234
80577
17859
48907
69170
19231
63539
21236
36143
24195
90827
87905
23048
99469
84893
29144
95035
48793
65755
61824
45064
37498
86242
83586
21745
27939
55669
62448
24197
34929
40203
87968
19052
81800
43652
90459
77113
84579
92358
12266
24175
97355
30392
64432
96791
92313
98890
85925
13171
26444
50772
64590
86638
17739
62020
75913
57699
82716
90088
54605
84343
96794
94660
29448
92490
31501
82100
88015
96204
93060
31025
66833
20178
72448
29383
48540
90237
57499
61282
46414
50788
82708
48044
90756
66810
65012
18150
64264
94117
89824
38368
19330
31545
28024
69179
96527
26345
60175
40530
28020
80759
11723
23446
46396
82977
62584
46602
65970
43005
16516
59424
68982
71405
35541
82892
38285
38484
26024
94220
32546
94844
74382
69273
85526
61551
87576
63852
78411
22884
32487
71002
28709
67539
30732
30387
82657
19656
79749
93961
92363
98644
48768
18884
50884
15914
45507
99828
83394
37404
81864
31056
39611
29382
40093
99164
55171
73669
24395
55144
72369
32561
85121
16676
20866
40619
59523
64707
24307
30347
28588
24175
93814
14032
17751
97862
20112
58388
93888
11814
43161
54645
70920
30475
14292
96843
30455
11146
71620
12680
37376
53541
91843
27608
41809
56000
99677
70286
89329
43352
23345
90908
66984
25061
59139
62599
39174
28654
40514
72952
58608
44213
10274
17955
59937
31891
75208
34845
21478
36346
94883
52199
84883
45177
62786
95620
43753
68998
31385
28865
70501
62481
15117
90037
78132
76321
91636
72969
32043
69518
68005
94827
31483
23483
95985
74871
80292
96937
94105
93112
28920
81561
19060
94894
73529
12621
36173
51093
77923
19675
61689
26963
78403
28681
86739
77363
81540
42436
11309
86725
55686
59935
40914
43368
58289
53418
60980
97102
57843
67653
33142
37144
18465
30828
77434
10242
18173
79987
35049
95217
30000
25177
54045
34810
30072
17987
78827
83024
15243
40968
81551
31975
22416
95681
94513
15707
25203
28311
56889
81330
41116
70476
16269
94959
42732
57180
51216
21651
64517
31875
93024
50012
84468
62425
92425
32630
81972
80396
35603
69577
47320
33621
91461
20272
89602
50942
22839
22167
89636
62624
28108
18193
75720
16043
45871
53296
80644
30390
60361
27302
20193
85258
24832
22993
25767
45568
14637
90997
84101
96983
11983
89713
71371
19784
42471
77230
61688
31042
38796
15533
84921
17816
97113
74864
47030
86513
75873
92457
94507
94621
65911
19421
53314
92205
42601
80205
44073
55776
55496
71234
20117
62533
88098
76837
68398
50981
40065
25238
74871
78448
73571
53843
12490
88137
41402
94449
20056
29652
96313
96195
34484
73255
22834
21852
85452
61147
85076
30724
38392
40096
19741
97960
32261
14785
43280
64454
57739
70592
51956
47913
42016
24336
32779
33270
55313
83194
72202
17691
90326
72741
98947
92544
95649
96529
34193
25718
30254
19614
36418
61877
96216
19776
66100
12713
58438
25225
22653
49223
21448
21891
14161
36373
21850
40196
56468
85401
90228
46012
73729
36150
89671
43008
25096
43543
44798
99890
12309
90053
55256
89478
86824
26573
40131
34054
26487
75870
68402
60847
81117
22457
24977
26340
86840
10416
77154
49067
99979
43976
22349
87149
88670
59901
75181
99019
94926
26476
21551
97767
31456
93271
92843
40426
77451
30385
30019
84097
82832
90886
18115
38155
31825
77253
79944
69785
78782
60337
81932
29744
77310
97745
98104
83320
79271
84470
45810
73032
14661
82002
30980
96601
95757
68164
83899
69862
55599
57892
79096
41853
53596
10704
13691
21894
41488
30204
88781
15240
86192
95274
13681
11758
89897
23346
98716
79610
64372
78320
56990
57093
97769
23624
86555
91553
96542
56762
84535
75906
35601
34185
21873
76738
67436
33037
61599
10635
87565
70154
13440
50641
65306
78075
25830
27745
40244
32250
96668
95083
61441
29877
18531
74496
25267
90310
36073
18931
96476
53430
87395
13215
76845
78957
28451
86317
39601
47245
36062
59203
61273
34721
67301
65234
35658
25074
26109
73948
40583
90133
88023
81234
15333
94541
97599
52069
75502
49986
77177
29927
22806
82803
13627
33970
79046
50818
75704
77137
32221
25518
49371
18641
31383
48039
25329
40839
19919
41934
20802
26294
58823
86690
15412
62458
48569
68277
64696
30842
59957
98124
93708
56670
20281
62338
92629
29158
46170
36105
44829
72879
14864
45131
41807
75740
97481
20577
34430
24779
57027
51140
20802
15764
66283
33606
90242
24869
77899
98153
77952
20638
97542
50976
71756
45559
50267
89333
93432
61641
57202
38959
57649
73024
25456
76451
78802
27542
98081
80287
76953
47633
93484
16718
88943
38069
27570
97929
30424
95181
36870
70561
21336
50188
97393
89894
43305
22545
46038
66744
22566
77181
14505
64035
40592
28119
64193
90313
22468
35223
63093
98764
86696
95127
94774
11807
45296
93201
66021
85837
30066
31216
25985
31648
83640
22787
25177
21361
86017
40449
23045
61208
88716
73266
40250
58830
16205
80067
83458
14861
27562
61495
92876
17905
19939
11129
90384
81222
97776
85607
25325
42088
60316
96792
42239
51611
68390
81147
29384
73369
26034
67334
64504
99905
58353
56609
74977
90860
15765
57279
76097
57731
37463
52398
15101
76384
97906
89969
47044
12009
61529
19651
96079
56011
95419
48685
64779
43626
68190
11052
99983
92352
83274
27100
74344
10797
21513
14389
16012
72740
33533
52010
22442
28173
53159
13759
20827
61980
40472
17570
13269
77718
19906
46721
99540
57362
75577
13060
31136
39521
89453
59211
16611
30626
10786
90181
81821
33136
73153
95138
18483
11536
67207
10004
79264
53251
57685
73485
51364
75660
50960
82286
84473
61486
55239
75384
97593
93864
31917
54020
10378
97163
81417
47940
58528
42779
45398
48941
48181
19736
22587
38573
30918
55600
19395
72703
94129
54662
60571
52956
10950
59161
62022
18865
29475
26720
44348
62124
30872
52000
34224
14064
91985
29551
42348
12059
71608
72807
32546
11163
76012
41586
90442
78331
30561
72885
93535
28608
32715
48416
25839
27944
96998
30921
45773
81292
98120
19346
26822
11481
25018
10947
66057
10184
96105
17410
15504
80985
80925
29473
97931
91297
32269
42279
54261
59491
92289
92005
30234
86786
17248
29436
31323
57445
98186
54776
82458
21445
25462
32502
20451
53671
58048
70529
89816
57733
36233
80144
89967
53956
30889
37125
23519
83902
92865
15761
22668
20188
55824
31375
94429
39879
58237
71575
52614
19403
32635
54575
97163
64548
13422
81702
30512
29914
99906
23845
17860
13569
13103
85986
32555
64107
75769
19269
24050
27624
20558
37700
22276
87873
74826
47171
83920
26251
72217
59144
40325
59104
88861
50538
12881
20482
17500
63496
36154
39356
40961
65376
29377
85637
60664
12985
93704
62853
55152
98806
19174
68813
92037
95836
23417
49565
90017
10763
77438
63002
40436
19204
72387
23569
89811
71500
27915
10836
30194
67127
77138
49218
39274
61093
25245
81920
59137
57167
96643
90633
61747
53126
43880
55298
33063
66150
67290
73796
26054
15116
61755
25336
77289
22017
28281
55045
14224
85129
87709
35708
93720
29955
39939
54820
57232
57520
63497
43453
88449
53832
93353
51687
20682
70240
24600
31312
65506
38246
84474
64370
31153
44674
17790
39086
89542
96921
40430
53113
29631
73730
62306
37070
12812
24109
86463
51042
73255
18614
17049
42488
30334
75074
94689
79568
90356
95126
79383
55715
66417
11925
72904
56341
26777
84876
75520
28642
25393
59418
32213
94574
95835
81602
95302
23856
51080
74311
26174
53831
52076
25013
77536
36596
81275
51845
89693
15253
46849
91246
67936
85781
54149
30947
39756
33980
18192
58418
91204
97773
18908
19934
29393
26514
62501
31864
20054
16215
94093
60780
65486
22576
84571
30624
85128
85817
53938
99139
20860
16365
60201
86980
83564
62648
63824
83376
29666
96355
65208
48943
90481
88985
62960
95411
80491
89345
31864
61491
54678
72344
63920
17425
57342
93524
75163
90109
26532
21793
67282
60745
89564
42190
21742
82791
32586
65159
30444
16572
22108
11981
15786
58648
24654
16085
79700
49469
90103
19017
98682
71136
99136
94242
46083
55472
64775
88527
33740
37572
54552
30546
84831
60445
20509
80224
69280
45302
29750
29360
56315
52535
99587
93531
62145
19510
25356
42216
52673
45704
91072
93557
42826
34233
28917
24881
65741
91765
95581
20589
34727
66154
89629
93260
61201
86758
39816
93722
75705
80900
65069
19848
45291
91739
49361
35913
84621
95577
82608
61599
97640
55032
90253
93264
25421
66461
53634
35419
10295
97298
93816
27701
74396
10910
25185
67348
46276
67549
83898
17046
49443
55360
38294
98061
31142
77134
38649
49485
92152
76060
98969
80984
10260
59635
94016
63494
76231
89769
38940
15428
97164
82075
41885
54659
77025
52832
44296
88393
84792
91201
47766
64091
14379
84368
81800
72220
82893
28460
70290
94274
52760
25193
17917
76887
22245
26295
46989
69316
33425
26114
25580
86740
80371
30062
28815
87921
30073
41672
80378
67237
89715
10201
10050
58416
45146
70625
22340
46944
46104
93280
69256
95201
81824
73192
42537
39094
20757
39544
19790
77414
99676
23127
41171
30839
17795
92549
91765
86530
54995
27274
14107
11636
43368
89088
76306
89505
86892
32840
24536
16385
83203
10031
12614
26062
65301
81401
69698
95294
26035
88205
10980
38379
68966
52370
49081
24575
95808
39034
29042
75710
40979
95929
96481
55582
65009
99624
19434
88728
39547
53818
14439
20763
86312
30759
83787
28885
39963
95211
21063
22286
43479
40575
25541
14807
44569
53581
27928
87545
42397
19564
20523
79387
87715
91034
97067
97846
34046
45476
61590
91114
89804
63549
26396
43951
74294
47327
64496
37087
57781
64627
94902
92784
56554
50485
27171
23780
58518
73119
19626
75149
64736
56350
60151
72055
72985
99349
78874
95429
76381
63704
46184
30716
77647
84121
74089
66366
31849
76170
16005
76471
87206
66341
25346
24626
41291
77766
91465
83857
28191
30655
24212
76388
14112
36632
27670
10599
15422
25660
56036
56517
50706
38931
64542
68986
91594
33617
17800
30109
88608
17792
73089
41090
20443
72000
57102
75136
83394
67125
31454
29397
57778
57954
43819
60378
16337
78921
31540
25434
32087
61851
72855
33592
92709
25515
19115
90847
37939
55747
97584
41904
80582
87303
71811
11256
90310
89913
19003
33105
58945
15249
89290
40261
88077
43943
44595
14490
75205
35094
31116
97090
10320
32637
90803
98057
60226
22025
26567
71324
79296
71402
36149
91569
63976
78524
96531
77161
22692
69114
93580
14528
87235
75457
79021
52720
59419
81870
23021
18421
59881
97121
84227
43383
79234
40504
90173
55151
32507
70336
30050
64496
53063
40695
61445
29030
95897
72704
80089
29897
98891
17582
31994
90885
29200
10368
13984
31609
21993
11229
83260
41093
56464
55304
30762
14459
43454
91066
98136
47240
57694
27830
61745
87951
46713
84216
87200
59497
61956
11096
63752
11397
43805
12433
23045
63792
81263
33322
15096
27566
50432
36894
73869
31818
37067
55858
21523
34480
86439
90006
98953
20313
84579
16617
25694
12650
18577
14560
33755
30492
27615
19933
11247
18780
44303
54852
29612
27280
30974
39227
72398
54241
35354
85887
52976
24590
97290
87819
10437
18022
37690
83508
42819
94882
30338
90651
29021
59958
51458
65031
15897
76817
91661
77381
29169
11753
66734
48527
20208
73267
67511
59201
87659
40208
23149
30844
13037
82283
57653
22648
82122
77263
61631
28966
18930
19213
32245
77251
45571
57302
91117
76481
94781
30228
97261
14473
28936
61959
63521
79897
30702
63864
41794
50180
92529
32637
42632
14554
66419
46107
76393
77969
41135
54173
31724
96801
44670
12168
84067
65383
44992
75452
99729
28608
19847
52579
46872
11083
92943
29991
29310
88659
90266
44597
97944
88007
91278
24704
27552
93616
94591
18000
28707
61800
26401
55746
19612
22925
58934
31403
12106
42142
32533
58410
44357
43952
90226
36631
53349
16401
15389
76096
94719
75281
10125
45144
85708
77225
73680
11246
56516
22216
22370
96626
30491
55875
58506
46643
92724
84049
30918
20712
87154
26034
86058
21384
16757
88296
85810
98910
51002
51357
64408
57368
84992
93195
50435
32212
21068
92030
24797
20808
63644
34415
79831
51379
11128
15301
19109
17051
44292
63521
61901
71032
46945
32886
55908
33065
52567
45325
64036
11788
31815
39296
24569
59917
31124
77258
28089
91236
98378
33934
79489
52278
96819
61397
77196
98358
52546
26939
46957
36855
46823
40369
95807
59847
14676
14058
33951
98216
49731
16977
96257
13569
88597
31815
94892
85165
80474
47196
88169
26645
94953
50128
19716
40642
24129
70568
60932
63444
63865
68853
26249
91056
61998
50770
28936
30831
11332
52163
77635
89985
63720
93070
82874
75601
62798
46931
30725
85597
11311
22863
88653
24500
40775
13760
55040
22048
13777
62616
25838
21325
71276
35687
53459
24380
29797
70785
41672
48661
53548
78788
79568
31904
14718
11208
28299
62900
26359
99689
21827
14553
58584
30439
94296
93057
16275
79536
17610
50264
42964
23352
36546
44203
52632
79529
16855
38865
94943
85024
11946
44940
77124
22377
86610
25269
90850
10478
24673
20763
64829
76166
96137
62915
39710
36762
63142
73566
35373
79764
15364
19205
98001
31503
15235
98951
91507
41493
50746
68200
19541
63030
59991
65205
70837
97481
86120
68930
37355
28499
10544
79127
51176
85082
66907
30583
60712
81888
32731
27982
93256
25637
38744
90928
63544
49801
47160
60411
58663
95530
96312
70803
57709
73320
49298
96300
94049
92683
62128
37830
83368
84273
30289
15378
33880
31921
99482
12378
60981
99984
53265
22485
82148
15900
85009
40577
74539
94603
67095
26093
31031
23637
31865
20356
87977
17888
37751
56349
71560
72692
32693
30546
28473
48133
14247
19760
77664
86360
46981
81263
32702
52408
14724
83076
32617
38530
96650
26196
97855
30005
54128
89153
84896
30997
28281
26549
57437
29473
75079
56579
57554
92237
72808
65608
47454
23301
34955
23727
47688
69481
86131
39339
37620
17327
45559
51892
10304
54725
38496
80528
79112
32532
42738
31565
61480
71350
87900
90977
79902
81047
75456
21265
73477
14052
27332
30241
29747
70238
61923
26514
73467
13145
46176
22338
98496
76597
17103
60354
51421
53901
46534
81625
44918
84450
15346
61664
96810
20747
18906
95599
26381
29962
65173
32791
72672
97980
19660
61505
36763
76608
89021
65733
83019
23867
84565
24174
80018
26965
86548
26182
57580
27056
18293
12634
93483
21410
25674
65156
55188
73053
70026
71938
49316
68360
79921
31434
40793
70489
31578
57857
87457
26699
32945
98453
63136
88397
93599
71386
55768
22082
99840
79352
49587
15579
14348
99630
94153
38309
69015
74054
28980
43556
25493
27296
17112
19330
38178
40303
28782
59742
38946
95377
43931
98372
41219
62388
98627
65854
17938
92420
26262
26621
18844
26810
17591
90758
85848
61407
11917
37699
73265
11916
90650
67894
16452
85833
81355
21904
57549
95939
30645
17996
80905
71336
40736
52485
82887
44581
15560
91614
41993
58992
25346
24504
14850
37616
96017
94161
39973
41730
60396
36428
52844
60547
93765
28050
20821
64208
72407
40638
46668
92652
84347
46884
19990
88165
51552
19092
65076
35544
55109
31082
37568
24469
27497
84448
40019
40898
17689
18145
68212
38115
40772
60638
