9665
5933
2889
7824
8236
6308
4904
8359
1998
8505
9214
2756
9428
4569
5946
6482
1021
1268
7908
1678
8683
6569
3294
7948
180
5089
9158
6962
8683
9863
4588
4473
6688
1177
6324
6487
5821
8897
5390
1267
4636
6064
5495
6934
3766
5619
6924
6440
1152
1028
6789
6183
7920
213
2533
4081
8253
2844
2051
8769
2124
2377
8906
7541
6525
1499
5947
2616
2257
2362
5382
1855
8777
1797
3184
9437
7082
5573
8320
3132
2464
1583
9284
7594
4745
2316
7543
9954
4183
8088
3739
4660
6256
9913
3928
7602
2080
5301
6404
5075
9561
5153
7517
3305
5491
6308
5472
6353
3759
5874
4778
3516
4289
8887
8823
4901
1530
3167
7240
4864
2174
7593
9234
7359
5598
6279
5038
3109
6091
5690
8245
9863
2881
5629
7687
5372
2061
6745
5360
4066
4756
8956
1790
3978
3444
9435
8419
7324
3347
9601
6821
8240
9879
3430
7584
8608
4554
6299
3409
1342
8512
3969
8788
1782
6319
1806
5794
9117
6303
3566
3014
8442
7567
1537
4996
9769
1359
6866
5256
8894
8042
3675
4083
3460
7362
4674
3487
1550
7078
1178
9144
2356
9145
8733
8336
6794
8291
4736
8943
2623
7447
2802
3473
4548
6058
3400
4576
3115
1641
7279
3907
3590
7750
8738
1359
4651
1315
6955
1206
7596
7191
2610
9769
5438
4678
4024
9579
6924
5824
1603
3060
2608
6083
1633
6955
9542
4512
3161
8429
5517
8159
9923
8846
6622
4759
8822
3003
5416
2553
3208
8259
7880
3393
1775
5247
1580
3480
1175
4199
6866
9927
5166
8199
7183
7092
9597
1464
8948
6490
4923
3241
9504
8720
4912
1106
5614
3949
7211
1927
9218
5364
9122
1461
3675
9937
9020
4619
6817
2121
2975
9478
5336
2015
1869
9911
4534
5288
6284
8250
9913
7679
5731
9999
2621
1985
5736
4486
1080
5965
6815
3224
3980
9697
2702
2360
1964
8443
1423
6178
8847
3119
3071
5327
9240
8427
6274
6318
5078
6259
8036
3484
7840
7989
5408
3031
7232
8407
8171
9777
7092
6616
9916
1197
9100
9064
9809
1270
8234
7327
6270
1269
9937
5742
4114
6464
7721
7488
9735
6252
7327
1247
1898
8261
5373
3954
7910
1382
7885
4404
1820
9144
2237
9792
4458
6451
2731
8003
3261
5883
8012
8792
8344
1833
4732
6608
7245
4260
2054
2414
9561
8543
9562
6897
3722
9038
2571
7972
3838
5198
6985
3015
2005
1743
1412
1225
8854
6734
8379
5729
6853
2679
1952
5642
4109
5339
6481
4004
8766
8111
9397
8876
9126
3063
5930
8075
8784
7847
1876
6089
6722
2139
6180
2496
2760
6698
7132
1268
9675
5469
4827
1348
6903
7863
1181
5534
3706
9328
8777
4618
2022
7314
5481
1220
3769
5909
7512
1888
2721
9952
8798
6283
5196
7896
9963
9314
6908
6180
7405
9982
9240
1309
1419
7119
5718
3390
2675
1220
2675
5577
6775
5317
5823
9628
4584
3779
8646
3468
7156
1225
6911
2235
9939
2884
2996
9563
7685
3086
2859
8875
3159
7433
1435
6037
2368
6461
4737
4518
492
2350
6369
2202
2208
4832
4698
2230
6141
7676
7904
2809
8702
1099
3587
8665
8399
8138
5005
2508
2750
4629
3564
2808
1942
1054
7494
5311
2830
1908
9069
9594
8738
3550
8971
6035
8888
2297
4024
1459
2182
3685
3030
3605
1089
8926
6254
4122
3204
6728
5602
4390
7567
3122
2258
2867
7819
1929
5710
4509
1873
3563
3782
1554
5324
7179
5587
4524
4542
4517
3419
5164
6099
8878
7340
6652
6366
5370
3862
7897
1566
7409
9279
1990
4761
7076
4032
7382
8317
1359
4213
1271
6615
9321
2748
6672
4909
3738
1428
8990
3584
3735
7601
5511
7889
2392
1985
2649
5846
9347
7894
9436
2281
3897
3264
8559
8607
7445
9349
7379
1799
2566
3485
5294
4900
5608
5322
8513
7120
7039
6397
9064
8722
3540
1458
7754
6275
2178
8122
4068
8091
7478
3917
9511
1630
3245
5788
4545
4621
8918
1674
6925
9642
1961
6637
4093
8327
1924
8216
8825
6972
8521
3823
4903
5967
7888
3677
8380
8622
3523
7814
4221
1525
5149
9136
8420
7795
8812
1084
9227
1209
4251
3422
6830
2574
6300
6375
2503
3424
5558
4113
4826
7961
3808
1323
6688
9216
5757
1242
4250
1245
5707
2507
3394
2051
9006
2964
3889
1915
6725
9882
9555
780
9123
7344
5848
9147
4102
1289
5753
1302
7168
1736
4735
6744
3454
5912
2545
8553
6726
5078
2783
8905
5063
2834
2507
1167
6286
4637
5613
4219
2631
7922
4894
8359
2875
2039
2573
3624
9309
8658
2085
2633
7304
3851
8831
4067
3867
6479
8774
3196
4527
8972
1368
1594
3638
5729
3842
9779
7881
3104
6210
2305
2441
1417
9565
9820
8618
4459
2388
8814
3142
1128
6959
3076
8841
8697
8323
1081
4029
1135
7789
2168
8880
2978
8962
6785
6490
7284
5313
9663
6272
2777
7163
1543
6799
5587
7840
7280
9950
6893
8818
3794
8222
6971
9227
3575
6450
3089
9202
5537
7887
3182
7605
8054
5852
9904
1876
2226
9369
2227
3963
9110
9976
8525
2875
4747
1834
5031
3946
7452
4018
2984
3989
9521
5365
8343
490
1238
9458
6967
7916
7323
4505
1658
8867
2613
2706
7998
7067
8390
5130
5040
5130
5775
5579
4627
8225
3683
7696
2595
4186
5561
1786
8374
5402
9579
4783
5954
3278
4038
6664
5682
7043
8646
3639
7755
6256
9569
3187
7799
7973
9322
6569
5504
7461
7774
4844
7313
336
2678
3218
9869
5587
9301
6010
1927
9941
5679
2944
7653
5660
2871
5923
1416
8206
5009
2628
8535
3307
8223
2284
9346
9054
5197
6078
7606
7663
4506
8402
4141
9015
7445
7139
3844
6898
7775
2871
5035
5943
5396
6094
5894
9121
5411
4998
2921
5899
6784
8698
6887
1511
3822
8636
4625
4104
9214
1822
5774
6179
7210
6178
5802
4767
2203
1764
1323
2442
5489
8633
3367
8504
9856
6793
2403
9557
8682
1195
4707
6655
9740
6759
4347
6435
2783
7163
3262
8134
7272
6721
5040
6419
4248
6958
1232
9332
1233
6624
1416
2613
3594
3062
4423
6688
6262
2294
3021
1427
3858
9209
9560
1539
7209
2010
2620
2426
7855
7816
9292
7939
7937
8180
4652
7810
3008
8125
5133
7656
5780
6308
8130
7971
3349
1678
1608
2316
7041
3339
2319
3123
5885
4245
8456
5734
2551
4431
7179
3266
5826
2310
5740
8894
1247
1683
8554
3085
8373
2698
4581
5547
7654
4108
9005
3333
7829
6456
9806
9328
2908
8289
5601
4734
1952
3510
9805
3784
3676
7456
8301
5812
3726
1219
4234
3513
2936
7490
3024
8446
9468
7675
3996
8709
3219
6574
7020
1430
8318
8482
8069
9136
1356
7744
3325
4326
6246
2731
2610
5398
7445
2530
4309
2942
2851
1703
2457
9497
9435
6158
5699
3004
3231
6254
5925
3282
6513
3066
2658
6533
8457
7797
4647
8458
3779
8647
9808
1766
1853
2765
8862
9537
5213
8859
6257
5197
4900
1929
1276
6388
5996
5710
9661
590
1915
2310
6914
8941
9606
3607
6158
5999
8556
3044
3180
7109
5057
6657
8960
8461
4417
2722
6153
8362
4888
7013
2099
5690
7019
8501
1064
3036
8934
7182
9868
2754
5878
2616
2388
8794
3504
4862
1567
1677
3295
2687
8414
9623
3154
2486
6496
6589
4381
7118
1353
6969
9300
3948
9108
3469
2769
7671
7670
6247
7571
1611
3507
5562
6587
8362
6148
8660
1126
9677
2805
5792
5899
4584
3019
4472
9734
8404
3169
1529
5285
7347
8666
2799
6186
8961
7762
171
3403
7778
7997
3152
9705
3104
8400
8246
9804
1626
4282
9123
1995
8361
9039
4300
7733
5661
1526
1277
9628
7578
1720
6632
8755
1213
8873
6070
2671
8796
6771
1894
4859
6761
7279
1727
3646
8327
6853
2431
8865
1234
3603
8188
3056
8711
8875
4076
6627
2047
1923
2609
7943
4103
5767
7099
9447
2485
4788
7564
9796
3158
1147
1702
4192
3995
6130
672
8773
8986
5969
4215
9734
4056
6171
6000
2955
1627
8326
3139
3737
5447
5026
2453
9910
2180
3253
9777
9695
6132
3111
7945
3767
8644
7178
3048
8704
6371
4722
1698
4633
6341
5234
3339
7835
2105
8361
3692
2408
6816
2103
8018
6812
7645
3622
7674
6986
7424
3167
2414
6919
4107
4373
5296
3553
5529
3474
2741
7805
3738
6119
6625
4227
2564
1276
5696
4811
3932
9418
1870
2939
8023
4351
9655
3704
3346
9035
3316
4517
4898
6704
2472
2127
1228
3732
6539
3381
3857
5547
2016
1583
3431
6334
9450
9200
2969
3111
3761
2715
1157
3364
5280
3583
1827
8131
7273
1612
1295
5345
5879
8768
8528
8993
1040
5700
5224
9053
3421
5159
1150
4685
1018
1106
5187
1216
7502
4925
1982
9950
7467
1145
7326
9391
5084
8771
4400
2009
1454
2538
1878
4758
7338
3985
4406
1117
7900
6588
9621
3006
5743
1780
1627
2322
3227
4689
7799
7858
5885
2078
7016
3385
4433
9484
8622
4302
9689
9141
3465
2201
4902
3469
4711
4305
3707
8902
4659
1536
6063
5607
8580
4252
1791
5857
5660
9416
3333
6356
9834
3562
3723
5965
2281
6342
2224
7164
2022
9782
5957
6953
2422
4544
8170
4823
7599
3260
6047
3111
8520
2450
6574
6833
9021
1070
2112
6686
5425
2110
3514
1473
7203
2960
2349
1424
3334
6512
6894
2659
9662
6647
1891
3439
9559
6788
2973
1874
9890
6260
6060
6932
7641
1459
6009
9015
2644
5047
3519
3930
3820
4796
2433
1027
6572
9637
6482
7648
7037
6564
6439
2850
6369
1113
3312
3374
4940
8265
8509
4114
3330
1652
1771
2757
4728
4320
999
8857
2790
9219
3425
1993
9790
2648
2291
1343
2267
7862
4698
6470
5167
2111
8616
6482
4801
4797
5179
6711
8139
5558
7527
6334
8307
4135
9010
4942
7740
9603
3516
1975
8817
5170
1942
7101
9045
8658
4589
7649
1761
8597
4758
3298
2717
3599
6518
3579
5864
5700
8465
5910
7862
5808
8924
5418
9732
6315
2814
2511
3450
3916
4005
1097
3561
630
3864
7558
6856
5625
5138
482
6045
6549
8349
2592
9967
8908
2722
9261
3746
4797
6145
9984
2017
8814
7345
4006
3851
4756
1123
4604
3920
3604
9844
9000
9020
9336
4618
4249
3580
1490
7939
8847
4652
1918
5840
3340
8611
8215
3243
6316
6567
5738
4220
2301
2093
9839
9168
5327
2758
2655
7760
9808
7858
6016
1484
1954
9342
2674
7619
5743
2641
1837
7791
8726
7816
1461
8997
2667
8359
9675
6324
5276
6380
9473
2173
6660
9634
9405
4664
1364
2138
3076
2800
2379
6166
7465
5050
2170
9611
2136
4040
8528
7590
6950
9544
8775
9347
3490
2040
1248
7682
7833
9937
1741
7734
1550
7103
1969
8799
9519
1173
9015
9062
6114
4587
8717
7197
8720
3156
8752
2292
6134
1095
1499
7106
1250
3543
4357
8571
2904
6345
4159
6109
6518
6774
7448
2860
8885
4771
7609
5038
1183
1739
7640
5414
4602
1342
8761
4974
4771
6896
3232
7059
6036
9354
3245
6179
6437
6269
7487
7645
9458
3549
7098
2044
6529
5689
2935
4271
4506
8558
5959
6387
2370
2217
5996
8272
6950
5637
1025
1378
8086
9804
1441
8510
5002
1315
7884
2976
4927
3634
3447
2519
7662
1611
4193
3346
3728
1635
2593
7798
7623
9091
4852
5725
6329
7031
3387
8952
6669
4217
6022
6955
9718
3920
1800
1713
9629
2653
7102
7327
7630
4084
7892
5854
2210
7111
6823
7283
7001
4838
1628
4869
7350
6458
5259
3115
3771
5456
4533
7982
4974
1146
8777
9424
7708
377
4459
2815
3930
8522
3807
6792
6572
5596
3568
3319
7099
7137
6293
5260
1630
2425
5857
4921
6424
7295
2218
8464
8348
7874
9213
2228
4238
5198
3641
2665
3739
5164
4130
3635
1671
2304
7407
7179
3005
6163
4454
8975
8941
6957
9737
1148
1104
6472
5138
3004
6156
7495
7459
7445
4836
1284
2796
7549
4832
1069
9244
1320
6136
6106
7164
5420
3882
9142
9297
3979
3788
7603
9830
5660
4677
8566
8361
9970
5224
3739
5227
7854
4679
5938
2497
2264
3286
4796
8336
7309
6646
2600
9141
7857
7671
8437
2839
8297
9286
4276
1067
7174
6676
5268
6838
8124
3788
7508
7069
9272
1100
6173
1334
6754
5839
4821
9560
1169
5966
2342
4493
6222
6680
5116
7445
9985
6459
7136
9100
6947
3033
8099
3202
6594
1457
1401
5027
7201
3401
3111
7704
1371
4223
8746
7570
2943
5285
4124
4003
1584
9338
3591
6890
5439
8828
4282
3814
7909
8420
6238
7438
7821
7290
8777
6046
1347
3345
4809
8498
7417
2095
7557
9571
3441
1325
5060
2568
5630
3017
9894
4434
7640
1696
9816
7656
7296
1826
4473
1189
3837
2879
6844
6162
5626
8162
5977
7774
6638
6952
7207
9453
5084
1065
8942
2796
4669
4586
7395
9327
3378
7384
1637
3978
4832
9529
2824
8374
3952
9055
4763
5798
7471
2576
3565
4404
3716
2071
8604
1650
5538
1789
6968
7853
3404
7540
4786
9522
3625
5829
2996
8746
7919
1275
4202
2527
7418
7434
4364
2741
1988
2272
6158
1690
7535
4024
8305
2709
6209
8475
2743
6093
4736
4713
1018
4272
9467
3952
9912
1756
3893
1180
6684
6024
2524
7102
2912
8606
5355
6832
2182
1332
1508
2967
8641
5096
1699
7287
6085
6411
4097
5274
7093
1242
4471
6027
2924
1501
2795
8453
3292
2255
1881
4074
6793
3555
5121
1706
8301
7611
2607
3289
1777
2243
2195
9579
9689
4284
5238
6558
1649
5907
4026
9364
3767
1735
3047
4744
1730
9946
4033
8901
7359
5613
5192
9219
6747
7183
2745
9034
2011
9892
8885
4295
8254
8256
7308
5487
885
5008
8611
2136
7821
1508
2116
4394
8725
8486
9525
8576
2090
5021
1988
6079
1575
9457
3743
2321
5463
4796
1715
2205
4865
8925
5282
2984
6451
7509
9489
7849
1761
9110
3070
4365
5533
6478
9286
6650
3055
4784
9210
6097
8050
3080
6384
8861
7570
4055
8880
6190
2860
7850
2911
7695
6495
7689
6717
8412
3104
1959
5883
1870
4043
6387
3373
8137
5401
2318
5372
5750
2237
3303
9702
1301
5450
4056
4927
2003
5092
3006
6516
4610
8631
8304
5376
6521
5203
2247
6774
3143
5069
1415
8304
7369
5194
8246
3303
2098
7648
5616
2891
2907
7700
6033
9836
5231
6721
6229
8064
4847
5638
3267
2064
3047
5527
7454
7571
9471
8319
6559
6873
8962
7319
5300
9747
1889
9927
8064
4240
8960
4031
9116
3246
6553
2233
8841
9346
1702
7049
1266
8528
2558
3372
9781
8140
2014
3612
4684
9375
4072
4912
8178
8553
1090
7764
2955
3072
9505
2409
7271
9242
3778
2265
1253
5115
3541
9549
1660
4421
6897
3534
2583
7587
3250
5968
4381
6837
7893
2945
2933
3494
7791
2786
3134
9115
4928
5723
3474
361
4931
1820
3743
8286
1263
4787
687
3000
6490
2883
4776
7800
1508
7847
4506
8243
4082
5294
6108
8979
7062
2927
5349
5467
7895
2409
7968
9861
1279
7771
4020
9184
8863
9520
8762
1606
9314
6270
7269
2014
7766
7631
1805
7303
7800
8679
3060
9474
7733
7032
1616
1562
3911
5204
8278
2578
8629
6232
2838
5711
1835
3138
2231
7224
5269
1671
8452
7901
7218
8247
3681
5318
6211
1298
5972
8325
9663
7876
2143
3185
4548
7101
5531
9637
9960
6090
5153
7927
8870
7518
2911
8424
5625
8559
7627
5050
2249
9224
8468
7155
9459
6010
9325
7160
7815
1051
6070
2294
3654
7022
6861
9192
5854
5037
4858
8714
1203
5429
5777
4522
4975
3595
9709
8551
8832
7750
9665
1749
4375
3440
7094
8243
4195
2381
6266
5997
4989
6439
6254
3370
4731
7437
7528
3980
1714
8745
9145
7931
8444
7455
2028
7587
8739
3010
2799
7831
4840
8358
7366
9145
4296
2607
9061
8335
1275
6202
3881
9272
7617
4307
1272
5925
6938
4850
7498
3025
6498
8014
9885
1230
3607
6580
3530
9403
6857
2014
9834
1879
3785
4503
5321
6826
8351
3129
9645
9641
3643
1625
5156
4719
9827
4634
8835
6900
8923
4504
9957
7788
2033
7736
1745
2156
9723
6499
9823
5423
8315
9439
433
4602
330
2404
3185
6607
3005
4108
8881
5857
2821
8920
3079
5319
1124
5551
7412
7159
2502
2620
9854
3927
6664
3091
7100
5977
2871
4246
1008
5146
1580
4381
6971
9308
3450
7102
3276
9748
5679
7042
1336
9863
5722
3625
8224
2411
4389
7137
4930
6255
6692
3854
4745
4751
8692
9123
2361
4340
5534
2289
1112
1161
1363
2524
6645
2265
2231
4459
8880
3107
2669
7562
6590
2867
7085
9253
5011
8575
3214
1454
4425
7208
3548
7244
9331
2898
2977
3450
4844
1789
5350
6410
6787
1594
9432
4693
6587
2410
2320
8169
8854
1911
4407
3349
9294
1875
6665
6340
4459
3990
5953
1310
8920
2418
2306
2692
7780
9182
7056
9872
2390
7191
1131
1966
1731
8956
7423
4810
1743
5929
8054
8168
6062
3237
3909
5363
8365
5997
2091
2458
5764
6342
4146
7453
2866
7044
7277
6258
2254
9409
7159
2349
2104
7378
9049
7840
7473
9227
2666
1081
9058
6706
2040
2452
3524
8356
2507
5495
7785
9215
1044
2431
5514
2131
9752
6662
9136
7979
4553
9931
3351
7897
9043
2313
2465
7692
2409
6351
8215
1392
7720
3468
9275
4595
8951
4995
1269
8376
6972
3069
2026
9256
6262
4105
4163
6121
8477
5746
7465
2980
4223
9519
8558
8039
6548
9775
4996
2670
9003
8329
9622
8187
1299
6212
8589
9970
3771
3429
9193
6998
2925
2261
4390
2243
5944
9323
7044
4584
3947
4279
3478
5762
5831
7434
9407
7386
3881
6450
3481
4048
3277
7979
2696
7900
8874
6261
8486
3877
7000
4501
3307
6237
5449
4211
9096
1792
3782
5697
8145
1559
4889
8618
8588
2415
5691
1804
3363
8681
2972
838
4690
1636
2136
2705
8297
8025
4247
1034
3071
9620
8418
4727
7797
8943
4608
9798
4847
4645
2308
5030
4935
7895
3506
4281
6957
5257
5071
1854
1760
7480
2836
4890
1059
3894
8493
8334
1853
5362
3517
1654
3586
1957
8052
6599
9674
1769
8896
6272
4604
1319
7058
5143
3399
5232
6278
5011
3648
7626
4528
9431
5288
6715
4662
7805
2195
4750
7499
6807
4017
1987
3389
5990
8744
7900
7037
2347
6090
5127
1057
9095
2627
2200
3230
4201
7548
1077
6487
3878
7906
646
5643
6541
5871
9233
2339
8124
6441
5289
6951
6220
8063
5031
9774
6661
4947
8825
8427
7705
9312
9823
8227
987
2408
7846
5128
5183
9057
5776
3950
6970
3714
4088
9134
927
5285
9223
4801
4155
5071
3296
4230
6479
6451
9750
3328
8640
1883
8203
5906
2561
1096
7949
2063
9025
2370
7308
8788
3235
2465
6531
8970
1390
1784
8397
5194
1516
8209
7068
5152
303
3869
8362
7642
9621
6956
6168
4603
7307
3501
7544
6413
6893
4993
9014
3053
5378
1044
4355
1221
2941
7689
7755
7059
102
6336
9983
1596
3147
3635
2016
3478
8862
4502
4884
8405
2951
1971
4313
4459
2458
1776
2360
1406
1905
1512
5795
2888
8392
3920
7447
4019
3933
7836
3544
5828
5466
8931
9426
7461
2530
2633
9650
8557
7856
5675
4187
8966
4173
6399
5169
6227
4405
6056
1350
1391
3661
8632
8181
3334
8361
1666
9183
4294
4195
2197
9947
6507
8797
8016
2183
2372
6861
7789
6985
8996
6199
2206
9213
7839
9711
9789
5015
7390
1551
9075
4576
6062
5502
3449
8668
1192
3852
8231
8585
1748
5402
7574
3300
7801
9732
9716
5201
7836
4245
6064
9964
3291
9292
3187
7963
6236
8739
5310
1971
2081
4187
7687
4567
6560
3423
7147
9251
6120
8717
3968
5292
3346
7482
6866
4092
6599
2099
1563
1195
6361
7711
2395
2810
8481
7177
5121
3379
1738
7930
1930
7871
2691
9168
8516
6142
6891
4803
4084
8438
2452
3860
4262
3870
1006
3979
9498
4747
7227
1787
6741
7231
4559
7037
1894
7565
8255
8860
4630
2808
6260
1691
3601
2076
4282
7697
1090
4095
6525
2843
3296
8182
8603
4965
3217
7710
8503
3496
713
2412
7660
6191
9968
3276
5748
159
4679
8261
3675
8366
1205
9012
2068
9915
1640
3205
2550
5434
4145
8062
4626
7393
3096
2768
7348
1343
9730
9978
8438
4794
2729
1511
2627
7793
4157
6826
7163
1798
3857
7399
4233
7183
5727
2892
9301
4348
3594
8604
8703
6078
8319
7567
9738
8951
3782
2724
3107
5983
1985
1993
8862
8257
9198
1217
2702
6387
2684
1638
6336
9571
1631
4656
3052
7881
5744
8128
9522
5279
9973
5891
2584
7456
6830
3543
8265
6875
8052
1557
8185
1068
8147
8305
6787
7394
9284
9529
7385
332
4991
5910
9050
9316
5036
6176
4009
5173
608
6037
3641
3735
8725
7206
5809
5115
7368
6134
9545
4524
7688
4103
5692
4825
8298
6401
1103
1839
8003
2005
2447
1640
4072
5588
8255
8483
3267
4317
1615
1450
6582
1676
4985
7860
3814
1896
2319
8640
1704
9643
2720
5349
1848
5450
9947
8751
3543
8265
8078
5257
3088
5650
5858
3271
4652
8760
2500
1901
8231
9601
8214
1770
4139
8732
7675
8770
2918
5871
4942
7581
5984
7028
9923
7253
1019
7599
6611
6161
5260
7140
3752
4786
4346
5499
5919
2456
5669
8949
7032
5021
1669
7600
2650
4006
8597
8978
8283
1691
3270
4475
2925
9361
2891
8948
8912
7650
9891
4320
6275
7496
2922
4037
5168
6448
4212
4150
6700
4309
9547
5154
7421
6488
4449
7708
9149
1673
1402
4725
6574
9303
2255
9212
8671
5696
8491
8235
1244
8272
4941
2776
5588
7177
6377
4860
4939
8577
6037
7272
2252
8784
2909
9804
1704
2167
1471
7360
5296
3553
1717
7787
8335
7667
2370
4430
7232
3680
8701
1564
6954
2702
4405
3341
1692
7474
9553
9449
1468
3648
9177
3580
9401
5161
3043
7403
3655
8879
1364
4274
6086
4494
4050
1862
1866
7830
9959
6416
4097
7517
3992
4342
9851
8605
1857
8568
4350
3734
8194
3653
2211
4454
3822
6685
1572
5220
7235
6820
8512
1011
4812
7605
8916
7938
2117
9795
5879
9710
7749
4488
6090
1750
3219
4758
4691
4026
5047
1187
5430
8858
1378
4648
4845
7669
9877
5749
1901
1643
5117
9874
4427
8778
5986
2922
1546
7237
5809
4470
7241
7031
9326
8984
1531
9943
4602
2907
7737
7142
8602
2240
5699
5006
8474
1214
3348
2392
6260
3174
8397
2145
4634
3700
1008
3999
7860
4015
4600
6567
7109
4344
1358
8044
9124
9810
1678
7910
3754
3022
1237
7799
5779
8931
7629
4589
5887
5773
1509
1218
9387
8729
1610
4124
2649
9521
6632
1947
8093
8777
6528
5488
5085
2329
3470
4744
5852
3676
6307
3423
2362
1818
1888
6078
6142
7694
5561
1902
1438
5355
8163
5589
5314
3810
4920
2057
9986
2384
3548
5901
7099
4692
5371
10000
1819
4556
2778
8292
9197
9900
5692
4263
1551
4653
1634
4859
7372
1786
8748
5240
1450
3935
6156
3278
4054
2921
8253
9760
7378
4011
4957
6535
8360
7296
2071
5914
7776
1655
7589
5265
7945
7404
5647
8204
9306
2000
6711
2524
3450
6587
6368
5143
9817
5046
2818
9435
5236
8761
3531
1774
4545
6015
3665
2683
4259
7938
8185
2118
6039
5062
9462
6040
5945
5402
2039
1332
1065
5186
5423
8102
4745
6300
4938
9815
4491
1522
9207
8023
3618
5320
2331
3907
1693
7864
6045
9473
3085
3724
5473
6179
3663
4183
8727
3971
5810
8860
8673
4320
690
3219
4101
9485
6944
4668
3318
6736
4618
4570
1990
3756
6138
8268
6317
3791
5917
5990
8084
7365
1963
8108
3831
1363
9914
5646
7215
9395
1598
5247
8622
4212
9372
2589
7966
339
6549
1287
1669
1088
2132
4568
8594
1222
1016
2757
1504
1016
9945
3275
911
745
7020
1360
6163
3971
8538
9710
1138
9958
2779
6332
2854
6854
9443
5020
3275
7918
7025
4292
3060
1190
2671
2496
4225
7457
4921
1453
1052
7114
3136
7967
8579
4201
8671
9977
1640
2843
5492
3432
7485
6238
4059
3911
7309
763
3016
7632
8362
6779
9113
3026
7493
9892
8874
8098
4676
6949
3091
2008
2282
7749
7448
2023
5445
4910
3021
3470
3667
8182
2442
2374
8383
5890
2917
2825
5755
5686
9844
2997
1753
3938
4158
8782
9923
6618
8917
4540
6306
9115
7116
2334
1020
10000
4232
4995
1570
3831
5524
1801
6254
2033
4520
8083
3239
5000
2377
1455
7158
4368
3674
4390
8280
7230
3946
4602
8887
4444
9330
1557
3935
3990
4796
1988
1917
7469
2672
8168
2339
1272
3335
5702
5700
3590
7957
1096
3532
2778
5549
8979
7717
6190
6749
4054
9822
7826
8263
6821
9299
8562
3223
4341
2855
5962
9583
4186
3630
2327
7583
6232
9852
3365
6317
2843
6334
8979
8645
8812
5538
1002
1320
5974
5582
5863
8788
1783
9409
8701
7252
8546
3762
6392
6173
8128
3288
3828
1822
9328
5815
7356
9015
8346
9282
3682
1148
3145
3043
7109
4890
1564
4894
7123
3947
3690
3494
4719
8929
2234
8033
9001
5678
7377
6118
6134
7199
7684
4931
2156
5974
1224
8824
2737
5368
6067
2120
9764
6634
8400
3517
6786
5453
8884
7312
7627
8912
4508
9692
9865
8458
1566
1718
2487
4921
1337
5451
9382
8165
8951
5443
1905
4758
4499
6479
5034
9372
2548
5834
1972
4798
4661
9652
6425
4957
9410
6050
3314
4786
3861
1059
2458
5627
7871
4712
3040
1489
7015
8019
4581
7418
1438
9174
5812
1102
4360
3288
3876
1528
1029
2208
9152
4046
5647
9805
7483
8644
1430
3586
2107
1012
7352
6861
4076
1253
9118
5542
5842
4986
2007
7164
1428
7208
7113
1666
2240
4269
5223
8031
5656
5481
5238
7608
8507
3151
1403
4589
2572
2790
1291
7814
6193
6290
8576
6289
6059
9258
3212
5074
7098
9203
2436
9318
9872
7523
9756
8006
4368
5929
5504
3093
7276
5610
1533
4971
4396
4050
8154
1739
2090
9735
9198
2807
7999
5665
8196
6541
1885
2449
2086
8406
2058
9720
7257
5814
4033
2926
4132
3148
5740
5166
7857
3965
7015
6596
4206
5834
4207
8911
5681
2627
5381
8951
6237
7288
1721
9587
8447
8109
8675
6151
5478
2336
4643
2038
8850
8911
5336
6737
8346
4655
7887
9918
9941
3669
7977
4988
5815
2761
2336
1841
8858
1630
4318
6962
9081
4804
3676
1060
8778
7316
7806
1594
6927
9747
8717
9138
6734
6615
6247
3512
2254
2591
7915
5361
7880
4917
2811
7080
8564
4453
8133
2307
3725
8137
4248
1304
9437
8052
3796
4288
5954
8105
1383
7301
9683
2758
7710
4288
8307
5215
8285
3045
8907
5978
988
3136
9064
6716
3098
4258
4120
2470
9840
6702
5255
9032
8307
8748
9592
8996
7734
1770
8164
7160
1986
7063
6859
5556
7189
7512
6121
5994
5817
7148
1474
1023
4905
1167
3033
7868
6219
5533
4068
8217
9133
4154
3214
7070
5072
3683
9385
8871
2885
1745
6502
4760
5004
4513
5855
6055
9590
7215
7346
9208
6154
4830
5452
9305
3864
8762
3288
1742
8993
6494
7608
8660
3612
7426
4410
8527
6108
8483
6679
9240
7474
4197
5822
3982
5264
3818
3371
4658
7104
2982
6417
9084
4861
6120
1072
4199
5025
8169
3840
6960
9991
1375
1591
7990
2866
9443
4903
8577
4256
6155
1854
8864
6261
1701
1237
7608
4229
4265
8545
6793
9806
9908
9073
9253
4164
8831
2679
6927
9395
9347
1352
3683
9792
4050
1571
4366
4109
1992
8840
9031
8330
2366
8899
3840
2739
9639
8735
7334
7878
8843
8424
7451
3967
2149
112
9875
5259
5761
6520
9564
2370
4977
9521
7735
8486
6672
7222
9708
7015
6973
7132
1922
5314
5348
3604
4076
1695
9701
8463
2493
6669
5386
3349
3237
6932
9233
5533
9962
4018
8277
5679
5874
6687
2248
7505
7862
1871
3359
6345
2413
9238
5182
2671
8938
2047
7734
5612
5828
2604
9446
9241
7271
3767
5915
1171
9553
4736
1926
3922
7297
9527
6357
2315
7308
2870
2980
6677
9429
1064
9969
8950
6194
6017
450
7987
9349
5403
1982
2844
4299
7305
9833
9246
1431
7281
1793
6007
2088
8049
7448
5900
7673
9825
8299
5083
1450
5473
6651
8654
3256
5787
4854
6802
1362
8980
5423
2564
4466
6664
6109
6146
5244
4554
4998
5960
7295
7460
4352
4833
418
4461
6907
9129
9501
4577
4246
3255
8421
2168
5059
5772
9922
4451
6301
9587
3199
8664
8116
9788
1129
180
7857
6571
1534
9934
4551
5700
4889
2336
7828
9196
2767
1047
6006
7442
3518
9926
4188
9563
4574
4042
5244
3654
4687
8491
7774
6907
1818
1002
8556
6074
3549
4953
3102
8055
6040
7632
6059
1849
3287
9349
1376
4041
704
3648
4319
6712
5610
8309
4579
4009
7694
3686
4551
3800
3406
8375
3847
4864
1337
8974
9093
6390
3153
5807
6888
6904
3683
3266
5356
4711
7460
9458
2940
7896
7935
6094
2237
3221
7191
8123
1108
2542
2176
3413
2426
8148
6071
4860
4463
9234
3300
5687
8842
5752
1168
6676
8332
7408
9420
9187
2715
6191
3915
1975
7312
7668
4284
3974
3075
2298
1284
5863
9911
2108
1494
4852
9818
6591
5924
6952
6852
8491
4470
9835
5845
5438
3625
8296
8423
9425
4600
7094
2886
1988
4614
8465
5261
3776
2901
8657
5578
4810
2839
1840
1523
6006
9877
6233
1362
1536
7290
3419
6618
7402
4864
1073
9783
2941
4487
9561
7843
3219
6264
8464
7997
3468
1549
6622
8220
8503
7551
3885
8204
6985
1238
1845
8736
1685
7184
8301
7395
8809
5911
9054
8047
5470
3267
5133
4799
5194
8320
3761
3913
2615
7273
8136
4045
7384
4804
6413
4279
8566
7241
1129
2687
5737
3546
4139
8518
8236
5642
1831
6025
2215
6691
4852
2985
4851
1680
1178
4133
1856
1031
1481
1516
4308
5391
3224
3466
6283
6337
4044
8334
6901
5154
8250
3907
7433
1550
8859
2581
2883
3736
7209
6965
7207
2053
1353
3488
8056
8432
9071
8130
7924
5916
2547
2104
9608
9698
7210
4319
3162
4236
4160
6749
1364
2360
2474
9456
6747
3190
4536
6303
3001
6577
3551
5531
5371
3708
7683
1060
3916
3116
9436
1941
8551
7820
6882
5185
7612
9165
2945
2545
6852
6107
1912
7989
6202
1398
5677
4044
3214
2240
1969
5759
2008
3541
4839
5777
7755
3106
8740
5916
4675
5768
1575
6579
8568
9792
8739
3428
3872
5363
1552
7486
5193
9436
5979
9637
5672
7419
6442
2560
7126
6068
7514
3452
8609
8791
7412
8195
2843
4182
8924
3014
5764
8184
7551
6223
3350
8257
4497
4625
5175
7313
792
8077
3375
7020
4044
6990
3621
6172
6519
3699
3874
4359
4982
4982
3410
3667
4370
8448
3170
5345
7975
3241
8775
8233
1447
5224
5347
4387
6314
8877
2702
9992
4215
6376
4357
6704
5233
5874
7936
3697
9056
5720
6641
9820
9739
1041
4083
1830
4299
6437
3541
7589
9715
9186
7708
8737
4224
9326
7312
9355
5929
3752
2124
3472
7756
2967
7228
3693
4352
8129
9935
4959
7147
6441
5740
5162
2437
5226
4536
6316
7791
9949
6496
3830
2924
2479
4634
1695
6198
6526
3069
7009
9412
7667
3589
5991
8237
3697
4288
8506
2330
7410
3847
4025
8526
1068
4863
3099
1322
9633
3841
5557
6464
9315
1720
7318
5985
2846
6022
8358
2388
3596
9744
9624
3729
7318
6085
8766
2152
3090
3035
2509
4194
1878
1126
2658
4138
7689
1955
5250
3981
630
7612
5421
2579
7363
9391
5247
5043
3944
6604
6400
2697
4915
7095
6624
3957
5712
2355
8832
1023
1426
5420
7503
5865
7513
1458
9373
7769
2966
1930
2849
4453
8778
9668
9413
9916
3563
1938
2023
6703
5675
8885
4732
1336
1887
4155
5539
5455
7265
1966
8991
5776
7344
1757
2995
7255
4466
6221
6065
7916
3954
7533
6187
9086
9525
6187
4142
6706
3133
2744
3946
6926
6842
8364
7913
8283
5343
3983
3461
9632
6025
5816
1984
9032
4077
9905
5832
4814
5930
3832
4508
5133
2639
9370
7005
4764
2196
6727
1394
8702
8044
1669
2598
4112
6769
6859
3360
7027
9501
1687
5662
8872
1807
8116
7361
5316
9095
1686
2073
8437
3834
6257
8017
6496
7405
2253
8036
3832
4403
3451
4734
3012
8601
4282
6410
8112
6668
4643
3188
5839
345
8034
4960
4804
5657
1356
3102
7267
3329
3461
7172
9301
4940
3957
6165
7815
4365
3003
8040
8588
3981
4910
6636
8237
1658
7898
6136
2972
1496
6576
1043
1122
8404
5936
9037
3267
3935
2203
5754
7507
4836
9623
9364
8151
5148
9196
5154
9001
8143
1026
4959
4202
9793
4934
7714
7738
4587
5129
7425
2942
1177
3984
1741
1187
4603
6018
2891
4927
1984
6717
3130
6955
8397
4515
6715
5395
1699
7683
3073
1147
7570
9561
7460
5480
5979
7556
6074
3176
1338
4974
9871
3624
3032
7413
1201
3024
9943
9861
5363
9861
4427
8531
1739
9207
8368
4637
4631
7685
9325
4735
4470
6387
1395
9294
4964
5404
4566
5535
8549
8840
6790
9554
8453
9319
6710
6087
9804
4423
9172
5581
1163
4257
5563
5829
3451
1777
7270
6302
8321
7164
4504
7936
8723
6850
8051
6278
9891
1879
2486
9417
3697
1049
1361
4749
8894
9570
9965
4206
4926
1565
2497
7173
8506
8890
1717
2779
5829
6620
5072
4849
6166
9144
4220
7211
2924
3721
8094
8184
3401
5183
1035
2182
9839
6334
7388
3261
2963
5988
8624
5646
9874
3151
2632
7377
1136
8205
7805
2742
2760
4444
841
3229
7271
8247
3371
1877
5859
5179
9527
7997
9938
2637
2661
3015
2912
1674
6084
8099
4743
3939
9831
5915
6605
2976
4257
1808
3994
6615
5612
3943
3102
5073
4625
3666
2784
3873
4067
8843
9247
2884
9499
5668
2498
7441
7454
3295
9651
3187
1320
5971
6166
1282
1856
7959
9985
5764
6285
2185
5306
4983
9154
9384
4936
3275
3668
4243
9323
7341
5237
8516
2814
7309
8988
4093
5850
4346
4049
7789
1614
6590
7834
6333
6760
2420
6750
2210
8511
4614
2162
5565
1163
5043
8395
4568
4916
7399
2450
7933
7075
2970
2089
1472
5420
9192
7692
1948
2916
1520
7381
2131
2537
5986
6992
1632
5858
6894
4900
5964
7868
9356
5459
6264
2522
6516
3692
1885
8144
3036
6233
4938
4920
5486
4759
3264
2220
1340
7281
4921
4952
5163
6976
9026
8653
6142
1251
7132
5722
2584
7275
5455
2736
2890
6728
4296
3310
7502
6972
5332
2199
6530
6739
2060
2537
8989
4388
1155
1549
4299
9940
2797
2790
8607
6860
9694
2637
2651
6840
6628
5019
7398
7532
8359
9661
9843
5927
1893
3156
6447
2143
4730
4162
2591
1060
1811
8030
5932
4811
5334
7711
2788
9494
8133
6991
5334
6288
4458
8297
5902
9322
6954
5845
2622
8460
6185
1463
8000
7239
3431
6632
8683
8001
6136
2951
2580
3878
4385
7748
2204
2653
5526
9041
9076
1959
2720
1255
2939
4277
2833
7941
8372
6594
7359
5890
7372
8075
4674
5267
8161
6226
6051
2783
1328
3743
8911
4052
1208
1131
8265
7461
1624
8363
8580
2603
8467
3323
9954
2084
3311
7607
5907
6562
5180
6949
8677
7408
5691
3013
8825
6527
2306
2225
5508
1957
6969
3378
1457
4175
4141
7067
6578
7060
5498
9085
4854
3402
3800
7049
5841
1953
6205
6922
5011
1375
6747
2000
9196
3929
2068
4983
4355
3325
3734
2475
6551
6518
5327
6006
7700
8745
4967
2625
5058
5319
3315
2834
2960
7157
4920
2117
4561
6003
4905
8075
1346
5686
6137
7998
5330
7830
1584
803
1380
5198
9379
5029
5761
4949
1988
6500
3212
3997
3479
2793
8411
3972
8693
7620
6234
7876
2296
7329
9480
5345
1536
6358
2666
8824
1202
6398
1292
1547
2457
5003
5387
5996
9531
5968
5832
5268
3095
2758
5138
2271
2821
9936
4772
1483
7940
5498
6434
6140
6336
2865
1563
5513
7567
1988
5135
9344
2449
4086
5012
9854
7830
6167
6900
7489
1642
8010
7096
8495
4364
9057
1044
3127
3969
3596
3791
7918
1835
9146
4761
9161
4715
4567
6667
6578
4057
1982
3873
2259
3998
7393
8714
4983
3920
4962
8360
6730
3349
5638
1425
3054
4571
1954
6440
1292
1871
3669
4768
7458
250
9139
8031
4155
6190
8569
3797
6718
2155
8896
5812
4366
5177
3237
5850
2187
5554
4933
6954
9557
6495
9040
4790
8785
3755
5648
1539
7050
4102
6365
6751
6941
2791
5933
3466
4197
7346
6085
4490
1685
3315
2678
9476
2150
2272
3666
5589
1284
3874
6412
9619
7888
9450
6494
4675
7783
6626
4459
4033
2900
2924
4561
2804
1634
2624
7808
8991
9864
1199
9583
8012
9719
6814
1101
2838
4908
3363
6317
1504
4009
3852
8681
5267
1667
8113
7950
5709
8765
8082
7496
8503
3880
2119
9322
1608
5026
4911
4728
2334
3879
7907
4951
9968
2789
4603
7301
2628
7326
5883
2891
1574
1538
1966
7861
8121
3627
4009
5461
2802
3457
9526
2371
8791
6174
5407
7027
7159
1697
5580
5200
6007
5039
2141
9955
2823
6850
5415
7126
5791
9731
7538
2624
2878
2841
1772
5712
5493
1085
3702
7402
8584
4823
6430
7173
2133
5756
2274
2365
1752
4779
5539
5545
6605
1273
8622
6149
7997
8423
9103
7550
8545
6342
8684
9135
7125
6239
9008
7748
4748
8210
7797
9522
9292
3690
4370
2668
2887
3773
3104
1790
7440
5298
2315
9189
6759
6282
1778
3424
4268
2470
8438
8331
3283
8161
6456
2675
6188
2456
6909
8022
4329
6492
9315
5421
4274
8585
8558
5835
9743
8507
9082
8959
4459
7455
3805
3645
1261
7483
1319
7893
2495
3675
1367
6102
9635
5485
6081
5326
4596
1610
5686
3663
6773
4751
4648
2356
3541
2955
5878
4285
8031
2044
5987
7866
1493
9604
2121
4278
9767
6491
1385
1090
8209
5436
3843
7419
5584
8448
6779
2762
7536
3017
9722
2705
736
3726
5877
2747
8473
3619
2618
4813
8002
7989
2907
7121
7075
6339
9686
7577
2204
1904
3318
8209
2612
4131
3101
2727
2090
3266
2643
7024
1207
9580
8016
4482
3905
3367
1466
9845
4809
8402
5959
4344
8000
3892
6042
3598
1159
1074
1194
9228
6656
9605
8857
7626
4103
5543
3714
4991
4983
4199
7909
2733
5008
1294
8224
2842
7143
1705
2672
2695
9621
8543
9332
8340
6715
4595
8643
8819
2288
6852
1722
6487
3457
4383
2284
2203
4217
9040
2105
1487
5450
7498
2015
6840
6189
7147
1229
8297
9820
5819
6727
8055
1102
6494
8390
7514
4937
9414
2635
2806
3430
3286
9378
9246
8975
2249
6754
4119
1724
7802
2514
9599
6117
7761
5713
3604
8617
1498
9651
2380
2647
6267
3966
3577
3015
2806
4197
3906
2989
6309
5783
4804
5192
5741
2147
7001
3715
7521
1319
2470
2536
7561
3354
1282
4778
2209
4195
5947
6296
5814
8148
7120
6097
7800
5758
9994
9901
9438
5066
5975
5995
4656
7841
8394
8135
5018
2889
9926
4937
7112
6971
1622
3100
8595
3913
6125
8390
7160
3506
1599
4896
4441
3231
1222
666
4300
6336
9623
8653
5555
3572
9443
3045
2077
2872
8493
1400
2187
1090
5260
2662
9161
7739
8829
2027
5036
3749
6694
9933
4172
5241
9059
3633
1426
2269
7454
9459
4889
5985
114
8208
3582
2974
7867
1172
7364
2099
5220
6490
9837
6118
7039
8159
1063
4442
1733
8508
9210
3604
2273
3418
7102
8945
3777
7373
7789
4198
8623
1748
3473
4247
5022
8180
5875
8531
2768
7222
8999
1061
3420
6177
7120
9932
5624
5977
9189
5997
7540
4311
4979
1323
7965
4609
9507
3855
9433
8407
6292
4265
7071
2492
5313
1198
5620
6273
2646
8989
3439
7771
3606
1981
2306
7139
9222
3551
2966
7949
7725
4952
5405
8860
2805
1074
8067
9792
5862
1002
1194
6879
7360
3075
8567
8558
9149
8082
2950
3498
6481
2059
3301
6928
1213
2453
3245
9623
6171
9068
8598
5642
9154
9390
9887
3876
3012
6588
9852
9657
5294
2218
4740
5136
9511
6633
2430
4524
1558
5912
2055
6222
1104
7222
9426
7729
5417
5842
5529
3787
4367
2941
8773
4116
5198
3179
5414
3846
7795
2537
6713
2038
3837
4271
5850
5456
6258
6877
5603
8304
6224
5269
2264
5105
7630
4718
5238
7270
8127
4955
3856
6986
2449
2467
7354
3024
2643
3078
8939
3797
3143
8002
9708
3523
4019
8791
9235
1124
4645
1876
8928
4053
7980
5730
2321
2596
9899
3812
8235
2876
7948
4183
5794
6949
2805
7789
1736
2555
4860
8452
1410
4218
6428
7793
2682
2882
6593
3495
5548
6108
8749
9549
5717
9325
8596
1310
3445
1829
7492
1801
3293
1143
7693
8847
2081
8723
8075
9194
4077
9304
7757
2404
6240
3559
9733
4028
3570
9954
2426
3424
7376
1819
6072
5009
8505
9520
9303
1152
7442
8918
7915
9930
1612
7653
5722
1950
2055
6885
6909
7761
6449
1804
8802
7430
4680
2127
3452
5528
5630
3702
8674
2906
7969
2742
4782
5778
9680
1150
6247
1979
1622
7208
1954
7851
7711
2605
9239
7267
1951
2779
9882
8176
4551
1621
1493
5796
3277
4343
8745
4226
1751
1851
5000
605
4175
4556
5633
6446
3513
3400
4998
8391
6877
4827
9242
2683
1669
1262
8160
3270
1129
7835
7514
8681
3871
6379
6879
9827
1718
5344
4915
5948
6329
4476
1815
2514
5128
1575
2568
7314
6635
7266
6561
6048
9672
7450
2260
5997
2653
3409
6859
3232
3077
2199
1785
1159
1120
4879
2124
6198
1574
4594
8919
2927
1447
8321
1252
4651
3245
5491
1412
7486
6799
8942
1170
7099
8694
7545
8503
3045
6596
9957
5507
9441
4885
6298
8283
1735
7042
9327
2898
2431
6027
8307
6344
8757
9285
3654
3776
6036
2788
2806
4498
8412
8833
3490
257
2500
2448
6201
3745
1115
4262
8309
4230
6390
2970
9839
5781
6563
1672
6455
8082
9817
5777
7112
1141
3949
5237
4715
4853
4801
3350
6674
6669
7446
1332
1825
2993
7808
4851
8000
5318
1879
6242
2310
5680
9871
4076
1869
1573
8506
2626
4875
1146
1744
3667
8633
9612
2507
8346
2743
1997
4040
4263
2887
2733
8794
7568
4067
7339
6865
8390
5848
9862
5723
3822
1329
1904
4863
9963
8776
8565
2896
7411
1253
7724
6315
6435
9109
7833
1113
8355
7015
5980
7859
2198
8358
3154
5661
646
691
9072
8446
3060
8456
3900
5138
1973
3540
3623
7087
1352
8831
3637
5886
8328
4083
6088
8384
5816
1365
5334
1191
6517
7867
2611
2611
5892
6671
1332
4908
6140
9439
2908
1727
4815
7028
6149
6727
9523
2906
9492
5510
1330
4695
2028
3758
2048
2362
4600
4680
2185
5138
7900
1500
7833
2170
8303
5807
2371
2249
4856
9287
9827
1136
8707
5794
2043
2244
1365
9530
4511
9253
5418
7289
5530
8064
4631
1956
1984
4147
9156
7067
8994
3163
8480
4401
4626
3341
9952
6258
2545
1928
4559
9094
8803
5950
9787
4722
5502
8205
9158
1575
9796
9860
6546
4933
3113
2381
223
8506
8216
5139
2966
1644
6293
9142
1554
4462
5237
9480
3928
9771
8390
8277
4156
4456
1411
1003
3831
8626
4504
9680
9613
2631
9637
9407
3239
9248
7572
9710
4447
1866
2796
5562
2808
1107
3610
3548
4499
7586
6221
3427
4900
4028
3485
4814
8818
5680
2811
9814
8511
1447
6690
4447
4511
2138
5063
9688
7999
2649
2420
6894
6311
9323
1333
8671
6792
8072
2112
1013
6418
5251
1297
9514
7890
6697
2781
7973
5618
7347
7074
2299
6236
2862
7662
6198
6383
1318
1583
8858
3136
4158
7306
7778
2694
8344
6225
9759
1448
7147
9021
1088
8273
9386
5906
5590
2779
3469
3145
8530
6489
7077
6091
2146
5703
8362
1194
2051
4496
4286
3819
9691
8266
1003
9961
5952
9149
5867
2540
5230
3826
6902
6062
5188
7286
2166
6387
3079
6493
8585
3019
5860
7330
9578
7587
1888
6679
1411
6314
9517
5289
6816
2796
2685
4421
4447
4429
5528
3036
3045
4432
6635
9416
7180
7453
7991
2049
4670
7948
7212
5465
6582
4538
5660
1923
5729
6640
4937
5968
9309
1078
1062
1839
6776
5577
2345
3176
8601
4972
6826
3702
1463
7632
4774
1742
3933
3702
3100
5549
9603
7865
6859
2833
6958
4657
4984
4686
9844
3588
7233
2424
5685
2042
8545
8321
1726
7665
2758
6774
1385
3057
4005
6172
5139
6045
7860
3717
3399
9975
6017
5829
6232
6394
145
3040
2763
9896
7785
6525
3689
1836
8991
3608
9392
2031
5823
7271
8777
5644
8083
6724
8092
3147
5077
2339
7419
8277
9547
9350
286
2081
4065
3043
9854
4448
2358
4154
8941
2969
6367
9098
4998
4231
5574
4586
5483
1890
4452
7890
3682
896
6892
4944
1082
8919
7467
7914
3615
1292
9383
9438
6967
2437
6128
2513
5317
8010
6095
2230
8799
7382
5059
2095
7231
8113
5366
1013
5180
1199
4666
9294
2722
7838
5833
5662
1110
7132
3663
9550
5400
5641
1925
2625
6673
3965
1868
4135
5517
3957
4166
6278
4279
3220
8144
6318
6370
3419
7147
6686
5273
5171
7159
2535
1981
9044
7439
1266
2023
2699
1235
5760
1709
1885
8262
9372
1837
7857
1007
8472
8085
3864
1414
646
3678
2951
6025
9910
2434
7517
2568
7452
5014
4104
7320
9472
4075
5894
1667
8730
9428
7311
5289
1736
1568
515
2223
7993
7535
8021
7935
3075
925
4059
1639
8397
9415
3519
5517
7261
1112
6503
7626
7022
6438
2759
5184
9894
1125
4963
235
2890
7584
4634
1325
8561
8023
3513
9285
5489
7581
2355
6972
1320
2325
9589
6807
9890
1050
9925
9664
3778
1771
4967
1177
4839
2198
1313
5647
8070
2110
4651
1042
1632
1609
1823
3940
8542
3020
7300
1090
7992
2047
7557
2905
6962
7587
9244
4501
1011
7198
2160
4411
8016
9169
8610
1672
7234
3064
1318
5000
3715
5871
5190
6776
3559
9908
4551
3626
7736
8447
6057
4039
6406
7592
6409
5677
9410
9846
5876
9364
9234
2687
4010
6925
1116
5158
4705
8056
7506
3107
1759
7357
5730
4814
1134
4784
5145
3666
6016
7142
4964
4300
6614
3790
3115
2552
2055
1521
5306
9257
8816
7019
5362
9402
2666
2514
4766
4662
6529
1970
3965
7209
3058
6218
3047
7517
5710
3758
8298
1244
8583
9165
5962
8740
1200
1497
9258
1778
2088
5194
3285
3287
2710
9945
6027
2279
4508
3360
4537
4625
7222
2778
1407
7969
4022
1981
9914
3655
3250
4744
3025
4232
6441
4865
7752
5216
8259
3567
8698
6916
2695
9273
9382
6836
2711
4641
1018
9741
3147
7778
2242
2942
7189
4153
2662
6165
8800
2634
1002
1407
8526
8303
8079
9555
9372
8499
2941
6298
5949
9246
6195
2067
8938
5516
1549
1114
9175
8497
3271
6222
4018
6484
1018
6323
1048
3986
1077
1907
2668
6725
6599
8679
1967
8003
1830
9996
5912
9468
312
792
1682
2624
4400
9585
1643
7918
8684
4432
3053
6331
5578
2341
3173
3175
7571
4128
8087
9312
5835
5429
9119
2748
5452
2285
4335
1388
6845
9437
4042
4513
4732
9406
4187
4061
4050
3754
6306
1288
9420
3377
7542
5340
5916
9236
4552
9362
4550
2406
3144
9665
2600
2971
2366
3387
5387
4287
8217
5112
4335
8019
9702
9540
744
5057
4059
4133
3522
4997
9800
2273
7391
5132
4432
5209
8462
451
2929
5527
8555
3922
9575
5903
7647
8242
8645
6155
1968
6095
5848
6369
2009
5486
3934
7446
2420
8749
1353
6132
513
5226
9473
1928
6778
2253
3868
6031
1749
7682
5065
9207
1327
7042
6549
2841
3924
4517
7805
3600
8629
2051
5763
1813
3131
1345
7149
1028
1947
1483
6695
1270
4414
4863
9730
4253
2544
3552
8748
2621
4673
4359
8886
8531
5486
1082
8734
9678
4217
7025
7400
6598
1609
3340
3369
7984
1983
2293
7089
5161
9987
4418
9878
6384
6319
4361
6192
5888
3855
6474
4247
2450
6609
2249
8939
7126
2690
9267
8897
5146
1703
6679
6812
9953
2161
2011
8723
1276
9995
9642
7818
2172
7677
7282
8571
2990
6143
1589
8995
8879
971
4074
4288
2668
8712
5016
3900
8517
1045
4153
3674
5324
9620
1687
8675
1238
6129
3064
6067
2624
4214
2874
7200
7913
1464
9072
1921
4078
5298
5422
8984
1437
2426
8010
2786
6709
8615
5849
9000
7716
4606
5584
5908
9099
2067
2116
8009
3766
