167
6105
927
931
5550
4310
1256
1566
6153
2711
1589
339
2439
2010
982
6410
559
9197
3462
24
1221
2604
2606
3779
232
9030
4083
1553
1336
8071
957
1460
1488
1066
7156
2650
1835
1086
276
3410
509
4449
4914
1515
3910
890
1699
3946
408
969
98
7823
3621
416
32
5626
1628
7161
5927
568
66
9707
2024
2963
2845
6518
3091
1902
1991
3121
4116
2341
1603
4396
6772
2203
654
4359
4535
4630
1962
1769
4525
1397
1922
4265
241
1509
247
5714
2314
7034
37
1961
1734
605
1950
5154
4650
242
2476
2388
6511
1028
4889
4089
515
5216
4564
4306
69
6136
1775
2448
415
6504
8022
300
6558
271
2350
4924
2923
1881
281
155
2498
3807
611
4129
2855
4611
1174
1589
2122
5809
121
7189
1407
1610
6611
2472
2556
4949
5985
237
378
1363
187
3242
4037
3089
764
2599
569
9154
2630
665
2601
4419
7885
2074
1102
8098
1163
2350
550
1178
3796
1228
4120
5118
2933
3489
2449
544
2855
982
129
2135
2058
2992
9489
113
5815
3575
56
4083
7708
1793
3160
2037
5517
2063
552
2516
386
3641
6380
1434
1301
2465
1980
6919
6037
3723
5525
273
234
7574
1974
5348
3652
384
3413
6415
5386
3010
3537
1938
333
8659
1839
3832
2687
5850
5147
357
849
4190
2107
3683
6568
2176
483
4444
9223
289
6011
3704
34
8628
7020
595
1507
6606
5042
4846
8387
590
2177
466
713
1779
5501
3757
3932
172
935
8529
3881
2280
4751
2942
2125
1906
4745
3787
4237
468
6416
1629
4930
1552
2439
7549
4360
839
3603
1574
5778
513
6852
1526
675
7887
3302
6461
6211
882
4407
503
4317
4489
5
7297
3299
3690
2594
1560
4106
5530
1897
6219
895
2554
789
5534
4828
3949
4559
4342
2507
5914
2223
1297
5459
1641
1424
4242
6007
2400
179
6548
950
831
595
8583
2285
1573
1285
1102
159
491
27
6444
8726
348
1059
8712
7720
209
6198
312
1472
6311
3370
4572
8977
797
4854
3258
5779
4052
9
7976
960
1914
4334
1578
188
5896
2419
597
1306
5318
1373
7027
2307
5084
1289
613
2665
3342
254
9435
7353
1519
4505
1891
1451
1615
1375
81
3016
2968
6596
2294
1421
3719
3384
1889
3290
2521
4051
4227
4199
4097
4239
1631
4988
2735
4540
186
6859
1010
3736
689
221
344
4210
2988
2739
3140
1229
4048
4920
4691
1671
2520
2683
2845
61
1493
343
3141
27
6183
2647
5357
249
5534
2699
803
4759
2088
2475
1621
1506
141
4145
4132
965
1193
3227
1650
6029
695
334
4874
7479
2296
4657
1687
576
4558
468
867
7521
975
3789
363
816
3043
3798
4300
639
2696
3287
6017
1494
1438
6458
1459
8140
1449
4787
1646
7383
1884
981
5714
4506
1451
3952
2330
683
6947
4776
1968
3877
347
5160
3940
1519
1123
1482
2225
3953
2559
237
8071
24
2405
4460
1656
6896
165
2990
3984
240
2927
4318
5065
1866
2233
1309
3082
1817
158
1185
5235
357
8937
4900
1445
3636
5047
1749
6795
308
6388
3660
1875
1289
3293
2557
1496
6204
627
3184
1911
6421
2530
1262
2511
9510
227
3274
4546
5954
2550
3139
2127
923
916
2378
708
1499
6094
5478
1330
5161
754
1683
4363
313
3275
2314
4349
4579
753
7410
300
117
743
1333
4305
4504
2821
7353
1408
2121
4261
3465
6316
727
2509
1103
7366
3588
2079
416
4415
3982
5787
1149
4752
84
2970
3621
4796
5903
2867
481
9265
3069
4148
196
213
2852
6630
326
8623
3996
772
2278
803
1411
4273
79
3174
2221
5156
3225
1086
874
5945
1117
6085
821
7574
2256
7343
1638
12
3912
1207
579
6886
327
5178
1854
4156
5823
1182
1099
3425
2395
1544
7570
979
8152
1810
4485
2042
5109
4072
902
4464
4653
3366
4980
4067
1439
2506
761
9011
499
518
4104
2956
5857
3640
5500
110
3704
773
2287
4797
293
1713
1019
7861
887
1586
1116
7657
2064
2050
3826
2514
98
4798
7723
2229
3552
5129
5722
1260
2832
2523
1696
1074
5133
3296
1523
2775
504
1685
851
4038
897
996
365
3816
5825
351
903
3951
8701
928
5029
599
174
6806
1282
3528
3534
1741
1465
6217
8952
444
1175
524
1461
494
2047
2195
726
5276
2962
1319
3606
765
3666
5802
5043
2413
2053
5334
130
1380
5970
871
865
6644
6842
1610
1581
6642
535
7999
7502
583
968
3270
568
2544
318
374
2942
5844
2156
1754
334
325
3353
421
1334
125
5845
1740
4839
1481
35
470
2498
1502
7152
1937
3132
2532
909
772
1987
97
8697
650
128
789
971
4502
739
5896
5543
698
1142
7896
51
3288
834
2403
7941
235
984
8669
2286
2781
2479
1170
4006
590
1788
4824
2144
4837
1204
6973
2493
435
4991
2420
1297
3021
810
3833
39
1607
3881
1243
7785
107
2078
3169
122
5032
6515
1112
570
827
5516
1409
754
4096
2743
1065
3023
783
4986
1280
1230
7964
231
2935
6347
1936
1317
5067
5922
3625
6105
3269
76
4013
4286
918
482
7897
4038
4762
2516
5215
284
1580
3894
2836
1638
2152
5919
3539
1224
587
9750
173
144
1373
245
3955
6070
2596
2715
5642
6278
2840
2977
6383
1873
126
4250
2321
3365
6351
1141
4252
2498
4072
2155
6399
4443
848
4049
1163
916
8451
350
9622
1638
794
2246
3850
3505
2222
2037
3104
8772
922
4636
2678
5150
280
807
1385
651
3159
4231
5178
763
6370
2138
5240
3904
2881
1540
3073
1299
1610
2110
1822
4773
3719
5713
2378
8022
1102
1880
5380
1029
342
1431
6232
1403
2255
7232
1078
317
1456
1222
4998
735
7471
462
3106
5294
248
676
954
77
4291
4491
4831
4828
1505
3646
2443
8822
449
1269
6319
3334
4621
1873
2047
3265
1965
458
1534
1051
175
377
6593
2272
1399
6051
2375
1656
1258
842
3216
2605
1356
1464
1190
2570
4569
1452
7839
3124
5565
2468
810
631
4152
3521
3591
6244
2037
4569
3105
2622
2094
1092
3019
1697
3376
6149
1021
818
1283
2548
5755
301
6763
3239
1102
1070
7560
363
6713
2934
4070
4871
4205
2026
6734
1942
1214
72
100
3971
1045
719
4705
2446
4186
2231
35
4932
1756
2766
2641
2657
598
7657
2022
4060
613
2463
163
1596
3238
865
4078
1150
5454
3701
3522
7142
427
3321
606
2411
4229
1089
5694
2418
1842
7495
1681
2054
1747
5312
2095
7479
2090
422
5825
1431
8028
627
319
3085
3094
4368
5352
690
6068
2574
3767
6001
909
8513
1407
3491
6451
5595
2601
1592
7378
2460
478
2411
330
2672
1806
1311
1503
3349
2215
1784
4495
5952
3203
2634
2711
892
1557
1445
6511
3448
2566
3873
1788
1529
5865
6663
1226
1835
5809
620
1983
5477
936
4370
3465
5369
4490
1976
4484
898
4364
5071
3056
1704
2210
4944
2996
1384
6497
253
1476
1724
3189
1958
3451
1490
3280
3971
5556
6711
2368
1172
2750
851
7139
3960
1341
3423
3000
3052
5827
1624
3181
201
3675
1188
330
2456
3893
2923
959
4758
4791
5562
1658
1534
4817
5334
3661
5569
3134
201
946
4259
4508
3635
416
5090
3120
3368
2156
909
142
3256
4513
2313
2213
3247
4984
1219
684
1809
7368
7367
775
935
963
2096
2911
5582
2428
2586
6572
1405
3060
1928
4083
3501
1782
3456
3660
7688
834
5445
931
4289
3648
9640
214
4866
5030
4706
1202
5849
2595
2147
6644
2693
398
3801
1586
4832
1223
5817
3012
1176
3040
1586
596
2884
2051
2725
1401
3477
1958
2915
2897
4794
4403
896
584
4911
4696
5117
4291
3393
3309
6744
1851
8289
851
996
1575
351
7364
1293
3035
4163
4800
1920
4740
7963
1508
4183
5692
4515
5389
2437
3417
721
208
572
7115
4668
2395
3315
3533
545
3241
2042
37
1621
1560
4141
2055
171
8963
4001
2060
380
4959
4189
2247
1622
2334
8252
825
2402
181
634
854
2849
929
2467
7472
4667
3154
7714
1038
6742
1159
1303
5724
3147
5071
2248
4649
5082
2169
6033
3567
6717
215
3430
1578
1429
1422
5320
4446
691
8434
202
3136
3070
501
4470
4396
4571
2288
4100
56
1613
5110
2009
2268
2099
4556
2260
164
1843
3319
4341
1309
2126
739
3962
240
6549
1270
296
92
3928
3474
3145
4723
1513
7132
152
1126
3526
6176
5062
2274
1860
3311
364
7656
122
8488
4143
5392
1187
6594
4822
3011
572
527
3547
4797
3415
870
2996
683
4019
3354
3278
5502
4206
791
2760
4988
2589
6267
2099
3578
240
177
4930
2045
7598
1746
856
928
2888
744
5411
4088
7602
1451
4404
4448
5738
604
650
777
1491
236
2309
4657
1484
4139
4610
1363
4641
3993
5255
2965
6136
2118
4123
512
3061
558
3996
635
4123
2901
857
5884
5248
507
2955
2973
2527
1621
6124
1529
2705
859
1696
288
8490
674
2119
4488
4192
5676
1268
8556
3230
5694
2117
3321
4431
947
1532
5980
1047
4140
1019
7056
1216
1445
3820
675
4313
1039
40
442
6184
1000
5391
4133
6000
1845
1028
1297
353
7923
1428
7036
3516
3286
2089
2496
6756
1597
3602
3711
1847
72
2424
2190
2499
7149
2027
6499
27
774
3779
2131
1997
1928
5714
18
3312
5208
1294
2895
1955
2936
2176
5550
6494
1870
938
5096
4142
4695
373
6274
7820
1310
7327
561
6069
70
2305
7354
1155
1550
2785
563
7649
1973
449
6981
3897
1437
2020
3985
930
1001
266
9441
738
5820
2805
2535
920
6952
79
3238
658
2370
3404
1841
5962
2273
372
1209
631
4663
7625
20
2829
4291
6859
1933
4782
5050
307
6940
6555
2886
904
6243
4156
1626
23
9867
1562
8354
3396
407
4712
3144
1155
1255
4780
148
4093
1836
6686
3233
1676
1027
1652
3713
1444
2426
4922
3403
4091
3750
1448
123
3459
2253
2918
3142
4363
3794
4577
3218
1302
3797
106
1982
5380
3421
4185
2432
2195
1362
461
8758
3894
5724
6341
2617
2558
2568
1331
1510
5117
1936
2650
6330
3334
4444
7468
427
4549
1526
7400
458
1817
917
3102
1528
1780
3342
637
2894
2522
3246
232
5515
2323
6223
2795
186
3246
3251
1443
410
8
4707
178
3000
4210
3048
7803
1708
2770
4003
3483
4814
714
6221
5671
748
3064
713
1542
5379
2876
3106
3600
620
2829
3799
3792
3572
361
683
1036
6553
471
3776
911
6501
1249
6402
5500
673
5414
1544
2765
4113
6825
888
581
5106
2035
5926
3734
21
2321
3526
2211
2933
9629
360
5364
2661
2072
5090
1850
6515
2390
2601
4125
4998
7740
1482
1098
2396
3337
6128
60
3049
823
7617
5414
1027
1786
2850
5993
575
7596
1189
2133
778
7652
1085
2213
1035
3686
1243
4467
4568
1710
3636
1301
4479
4935
1097
4135
723
250
7196
3320
102
2
1414
3900
4279
2199
2695
6788
1695
6450
1863
2133
2170
4389
777
3102
2728
1476
3188
3387
1044
872
8486
2570
4475
1024
3880
2960
6463
1656
807
4151
1820
5889
3754
2387
3589
1113
4498
447
2000
7247
888
7131
1132
995
8039
6775
3140
147
5650
312
8778
3457
4772
1403
7638
3140
3615
65
9360
6884
2153
2914
6501
7024
2310
3894
1627
646
4048
2513
3101
1216
3847
1234
4066
3885
5123
2314
3113
158
4336
4278
4277
145
7933
4851
95
3635
5931
2114
1127
7773
1867
1784
7831
2487
5031
3543
63
791
7013
2537
3157
2051
933
4305
3524
2292
3936
1995
1575
3937
3443
8589
1116
5884
427
3366
3064
475
3288
677
4220
7164
1329
3572
6113
2327
718
2418
3244
357
1794
1662
7331
6226
255
1069
4249
2635
1102
2737
1773
2530
2188
845
3227
6120
308
4442
2464
8393
357
7082
132
3035
1252
2775
6253
5407
2865
3305
4511
1586
1607
767
7058
4079
944
7667
1848
1968
4012
4217
1723
3041
4717
1226
1602
3611
3171
543
3081
3269
6081
220
7568
108
3930
4602
1873
4954
3325
7242
2737
20
2332
302
7189
8444
649
961
6665
3971
4318
7945
1508
4869
2963
2866
3432
3815
3938
6062
2180
2772
3716
555
8165
8838
153
6706
50
6657
2330
3639
499
1396
1987
6035
3450
7448
1610
2764
2774
4291
1123
6369
2141
2307
6005
5494
1329
1287
3907
2205
7165
5715
239
7185
69
2785
3756
2069
96
545
2991
5355
2709
1888
1444
3421
146
4512
3467
5335
2355
1880
6668
5618
594
104
5088
5976
3159
80
9517
1573
3130
2183
7163
1649
4110
7330
1231
1657
3399
1164
4946
587
3482
3780
3170
3810
4484
3879
5414
449
5827
628
2653
2600
2283
3316
1268
917
3562
109
5100
1688
4029
1975
5307
3391
655
399
9366
1876
1073
4850
2040
3063
4909
83
8716
975
7462
6872
2691
688
4302
1230
5240
7282
321
2791
1194
2683
5779
1013
3065
2483
2311
5184
2866
411
7619
4447
4365
627
1406
1007
5732
1231
4278
3040
3784
2236
2325
926
2212
196
534
462
1677
2233
6461
1844
5365
3602
1697
1663
4991
843
8076
4911
3375
1718
4640
1220
7229
2837
4539
511
6521
8133
1126
4964
1913
5975
1790
2145
2924
5516
3906
7582
1344
1703
4244
275
4009
2632
7162
427
5586
982
4850
2562
5137
24
4166
5803
337
1722
5506
2637
3916
5184
1378
1737
2825
4830
3088
5921
65
4821
1797
1420
1401
2173
6786
4482
3682
3094
4395
307
1352
495
5764
1533
2130
7837
1020
1229
8606
387
2762
5354
4429
6322
9
560
6791
307
457
7880
1190
3187
3618
6021
2165
7684
2049
3099
5066
2440
4766
3855
330
662
3032
1409
8040
1661
2589
4472
3094
2438
1605
2331
4938
241
348
2038
4953
3961
2738
991
7308
1474
6496
1332
1236
851
3380
7374
2367
6272
1717
9267
349
6596
108
4830
3822
5069
3601
5081
25
4867
2478
4725
1761
2645
3322
2210
4462
6416
3517
3202
4467
3576
446
110
2222
466
3097
2659
4494
188
2909
3616
5752
5552
34
1666
1161
2928
4974
1941
5845
2761
5401
1165
3378
8697
332
81
3427
3790
4136
6708
1071
565
1095
5550
4200
2413
6517
1177
7531
462
9466
455
2878
1586
269
5497
912
815
5713
7882
191
613
9140
2024
3346
4068
3941
192
5798
3319
4581
6950
2487
6883
1285
476
4343
2702
1744
3182
5473
1419
6276
2004
4292
5586
1711
4533
4490
8061
119
2000
1519
979
7540
915
2877
5244
1466
593
2597
3834
5741
1557
1280
2513
4579
4019
685
2702
1494
6458
2741
3886
4169
4008
2730
427
4389
2081
1192
4946
1669
8603
385
6841
326
1928
3806
1715
1177
2000
2588
5180
704
1585
6641
287
2532
2684
3174
2837
3213
4023
1623
7520
379
146
5470
2899
3344
7920
1459
3464
596
2922
353
1251
772
351
1408
3530
2090
2907
1500
3967
5360
1385
407
5837
121
2381
6525
5199
1727
5817
489
5740
2407
5631
794
715
6726
143
8937
2070
3894
284
3900
3862
343
5073
847
1789
1314
795
1876
3326
5371
938
1267
6963
1621
6567
195
4167
4070
2565
1851
1363
1650
2298
7149
5988
3917
547
2198
1447
3373
18
4947
2440
4588
4280
2587
2289
2340
772
9066
520
4792
4993
937
4668
296
4122
2195
2113
563
28
3733
55
1025
3465
5076
2340
2493
532
9269
737
9218
1038
3421
6653
1797
1004
3724
4544
1213
336
4995
1887
6510
1596
43
1131
1016
4766
3833
3478
5693
6708
1492
2280
228
581
9295
1486
425
1810
6170
2027
7834
2758
4497
7437
1667
872
2451
1452
1961
4317
4134
3511
4964
7956
1812
2102
3112
343
2123
2839
5761
5759
4036
3725
1488
7492
53
2280
758
4631
3551
870
2645
4483
2999
1766
7977
3355
5712
2861
882
4669
1138
2494
1160
1287
1432
1521
7413
605
7597
4422
4391
5354
4078
6681
776
3480
583
480
208
305
2802
515
1808
2894
904
4264
5057
5745
4031
3723
5609
6476
669
160
1572
1288
1743
3892
1703
5635
47
1909
6803
1507
7765
3211
5883
2219
1519
440
566
1604
2283
5103
3555
2342
3482
838
2493
1012
1356
5033
1116
3584
524
5174
134
752
7296
4039
3973
2897
5706
1743
1993
2350
1493
5831
1374
6492
3235
492
852
1619
7724
1067
8737
476
1998
1548
5220
7281
2169
787
9157
3993
3255
1377
422
5458
807
7376
1316
1040
724
1121
3384
4371
2981
3760
1822
6665
163
4205
5225
4041
416
4324
5121
2339
4450
5492
1400
4878
2549
5298
3471
1625
3591
1356
7909
309
9148
1521
7196
2649
2547
367
6330
1105
7352
3039
3356
34
274
823
6345
1900
6245
4486
4488
3094
3532
2461
738
629
3483
555
1947
3270
3076
3501
3263
2069
2038
6167
3294
4575
1738
2730
2352
629
916
1996
4892
3516
3681
1865
6591
4240
1116
4810
3478
605
1743
1270
1703
6274
698
1335
906
3319
2236
5153
2845
3806
890
2442
2802
997
6549
7803
846
972
887
3871
3778
2240
4256
6793
2144
704
2220
4038
3228
4230
2789
752
972
7078
940
3136
3776
889
2906
3762
1599
1435
6770
2776
4089
611
4095
5575
187
2030
1843
1918
2418
3223
6699
5607
387
102
1940
1344
1683
4972
2305
3867
5538
123
3830
1995
31
1257
80
9401
224
551
3472
7477
1138
4261
294
1042
3081
2574
4575
2011
1723
4176
2978
3362
4023
109
2466
211
9771
5451
1089
518
5890
1392
3848
1019
1180
2351
160
4015
1365
516
5501
3023
6447
1831
4425
3416
3617
4089
571
1716
2477
8202
626
967
1347
5154
3252
214
1523
313
1152
6949
2361
5280
2772
1864
5778
6538
2571
5172
831
4238
1469
7808
1050
3807
1281
2100
3196
1032
1758
504
2528
7441
710
4605
3825
6727
1349
40
4527
4494
3991
4468
13
3913
506
2887
6188
5299
3499
2989
3358
2199
3056
5186
2631
325
3256
3478
3816
5344
1419
6521
240
2383
1197
1008
4773
524
2336
1795
2691
2602
6601
7473
774
1667
4143
2019
2844
482
3021
1941
7551
7432
1781
6152
3286
1724
6551
360
8773
2928
5949
8005
236
3101
1236
4543
2321
687
6713
5529
3332
8392
1000
3355
3478
596
8149
3003
1829
4978
738
4250
3302
348
8022
3327
2586
998
8896
3553
5300
2608
1773
4928
1093
1640
6474
6468
3251
4546
483
1147
2666
886
8325
4286
487
4276
1048
418
7862
1184
3180
1477
446
6518
2729
3387
3249
2750
1407
946
3223
1301
7530
2300
2814
1077
2971
593
1003
938
4593
712
2250
852
3139
3603
6337
3853
2881
8086
69
6577
840
3737
4679
1838
3408
704
2996
1524
7684
684
2353
580
369
2926
3071
2028
7950
2937
5653
2065
4170
2505
1922
1297
5031
1777
2400
1227
7909
3669
1536
4874
2450
7215
1863
5477
2536
2790
2469
6259
972
6354
2627
2016
1939
8062
488
7792
690
266
6672
5554
551
3774
1649
6874
1421
1088
1279
4075
3297
431
1030
1824
5977
5734
3053
3181
3892
4433
5334
7040
2847
1131
1078
4764
2475
1290
704
4662
5183
365
76
3096
4029
2020
2208
2340
7342
8374
1296
4837
1739
2713
4909
2661
6724
2899
3073
4698
4812
3923
4973
2588
7089
3671
5468
5070
2616
1669
1611
7097
187
780
5769
4580
2780
5263
58
2709
4413
5062
3927
3477
6196
131
6485
4267
2189
2818
311
5228
4375
3002
2010
2811
6363
1744
670
7278
489
455
6168
1388
1167
3274
3824
3694
5204
333
4309
6331
1097
3943
4718
1962
275
3725
913
8003
289
1723
2382
1866
7471
6069
1505
4311
4499
8030
897
2714
2764
4637
1552
8
3825
739
5210
5344
189
703
5432
2188
1242
4582
2196
2394
3073
8406
6
3955
3820
5126
364
5449
445
6916
1675
5271
498
4477
755
7749
1508
3499
5716
1909
2295
1018
5012
1543
65
8671
577
2026
6739
1870
1658
158
3939
8093
1882
3420
4353
5492
2642
3673
3315
4524
3200
2815
4321
1163
930
1319
5343
5834
858
3034
229
967
5562
293
4739
1299
4186
4123
2043
2789
3429
3346
4256
8465
1467
8561
135
3892
3649
3150
846
2463
5941
3301
800
3198
6702
3634
333
7172
1716
143
6229
5417
3057
5169
1337
2232
4783
3951
3695
5820
466
3404
6048
8413
86
921
1033
1767
6272
7160
2431
2331
4636
4130
5060
1090
3666
1704
6345
8540
159
4796
2617
1872
4312
86
8842
1393
3560
2921
2659
2441
2051
5037
3071
6054
3911
777
6817
6754
458
8450
125
6093
1914
2756
931
8077
328
626
6386
3128
3193
4175
1746
4369
3985
2402
4397
5380
2016
2038
7590
3220
2872
1592
7356
8991
568
3728
2862
890
5945
1929
917
2006
2414
3870
3859
69
654
4758
2732
4476
3977
124
7424
2753
5561
383
875
634
2681
524
8595
2663
2223
41
483
3947
5258
1284
8461
5756
2985
5649
4342
5020
259
692
2408
1030
7215
1780
1194
1765
2017
4340
2594
4346
1927
5389
3991
1033
8877
7623
2087
1941
2661
1562
2059
3192
111
1570
284
780
6844
8006
1924
3011
4916
2294
173
6632
679
1462
5810
648
2466
1053
1018
603
621
3249
5024
4858
94
6912
887
932
5721
4884
3518
1584
7174
3741
2324
6388
726
3535
1326
6068
3857
276
319
1657
560
277
4005
7865
1523
2077
2874
372
6405
648
4913
3195
90
3425
5787
4002
3530
739
5920
792
5411
677
7557
3640
2583
4070
2769
1013
66
1168
4217
2005
2518
5119
2064
609
1877
1216
5415
1118
6829
3032
444
821
4818
3205
4987
2672
763
913
7618
2239
4688
763
9145
5978
1489
1366
5721
3029
2015
1327
1619
1781
6024
1511
7673
6185
354
752
2486
5096
123
516
2749
3365
214
5886
3538
5999
238
1617
6649
1686
6951
50
4554
2396
5083
2390
3712
677
3679
58
4291
3413
5837
7134
2665
5793
812
5109
3419
74
5966
4894
858
2659
2099
108
5458
5836
107
4046
2909
1244
1250
1235
5843
3991
3921
4602
1134
1701
5664
8489
393
1056
6880
3051
1524
1040
5317
440
5144
3911
377
109
3970
514
2099
2014
5901
2692
220
7755
1696
5560
905
3432
3408
2051
2626
1144
1250
5632
259
1615
6647
1240
2116
1415
5594
87
1
2816
2246
300
5212
8735
287
4001
2003
6066
1765
2098
2211
3615
2131
4713
2039
374
9026
2953
2688
1994
765
4666
3546
1635
4613
511
4802
1248
8226
4098
4369
1395
7243
0
2069
7995
309
2521
4053
782
691
963
1997
1255
7721
825
2594
259
260
571
4077
8419
1564
4764
490
3691
469
1516
350
107
2625
1779
7185
504
5648
238
7467
5353
3403
1521
984
5145
1965
3689
4863
2058
1140
1325
7699
3361
316
1330
8326
5119
518
848
161
2285
780
626
8479
1719
5228
4249
3021
1991
6925
6104
3657
5997
3501
3018
2522
4749
3468
1771
3374
309
5477
133
5676
6734
1688
3416
2752
5005
964
8494
1224
563
4094
3646
1315
2397
3250
2504
5613
97
1074
5642
313
7729
1478
1805
6237
2144
7331
2547
5652
50
6698
3571
4769
1328
8449
3685
2383
218
8721
4019
3161
6510
2769
1555
1288
5022
4116
2188
1205
2980
3936
4508
4063
3041
1500
769
293
704
7446
467
1118
5548
911
4530
1784
1731
1063
1497
7876
1631
6076
3264
4477
7391
1165
1391
5349
4399
1445
2663
3577
1009
1108
2416
5151
2352
2447
1187
8679
7723
57
738
3734
3510
724
4452
138
567
7037
3898
1082
3022
6471
2372
6302
5909
3563
28
2871
2836
1565
1119
5623
1895
964
2206
6427
1595
7577
9005
149
1932
746
90
220
1032
3480
8203
699
3151
1510
5280
30
6059
3792
5652
2002
422
6230
1342
4118
1329
3436
4688
4318
1248
4110
617
5257
339
8175
358
2489
3114
6215
872
2221
884
849
5794
1275
141
7809
2123
4172
168
5450
5284
3804
2168
7581
79
3177
2823
4808
2809
6563
3266
5459
3804
878
232
6956
5015
1378
1960
3659
1393
2848
830
2481
441
8331
5469
3222
3948
5360
5232
616
9854
31
2341
3859
6257
1124
3302
5060
7782
1931
3123
5498
37
4720
794
2520
4734
4843
161
394
3012
1729
1053
8084
8594
963
3353
1921
3822
995
3106
6005
7319
28
5051
1052
2412
7458
866
6211
4344
1353
295
4518
8018
913
5056
3917
5607
102
5474
1924
1522
5875
4072
4261
3631
865
8519
1292
4452
5065
1253
6189
444
9326
1119
1725
1694
4294
1229
2402
3992
4553
2079
2605
276
2876
6883
2135
4023
3739
1066
7548
877
4108
156
147
5682
2545
6278
503
222
9322
325
2313
4667
4226
2085
2471
7599
2281
1055
3308
2181
7355
1151
2353
6824
1233
805
2264
3162
2099
1016
8628
5745
1473
6342
3324
2995
1681
95
449
3036
788
2982
5429
1737
6285
937
6626
6731
378
5537
2386
8177
599
7422
440
2131
3568
2908
2798
880
6257
5890
1009
6479
3094
2004
3768
5539
3121
3807
3783
4957
1994
7134
772
850
3046
330
881
396
647
581
1723
1315
6185
246
5811
8609
676
4559
1097
5378
2055
3082
2441
2731
2798
1376
2892
868
2263
106
8162
2618
5921
1088
7294
1340
4007
2894
1111
412
1002
140
775
5869
3890
842
4234
946
6247
6994
885
3196
4284
1112
6174
4742
2288
2436
5663
270
7810
3974
2695
2315
1398
368
4370
420
2342
1396
1164
5847
2671
2137
5268
3981
796
3507
4951
9132
448
1879
2589
3078
5358
3533
1314
6936
700
3
158
5819
2562
731
8052
3453
5839
881
2829
4655
3248
4383
2585
6131
1669
2509
4770
4213
2406
7467
1414
7002
213
6795
1335
7517
1053
3830
3355
7534
2264
3727
2718
6326
1175
5163
38
567
2388
1144
181
2441
1149
304
7506
2117
1422
2293
102
3427
6087
3577
1645
3433
3710
2823
1643
4787
2328
4608
4394
492
716
350
9259
556
5707
1434
8399
1119
2587
1292
6365
7468
1371
1540
316
678
9233
1477
3189
4541
2842
2159
4173
4747
4964
5932
2674
1282
8166
2632
5159
2085
6386
5858
2500
2561
5038
892
2231
8162
542
1354
5592
2661
502
4549
3184
7132
2168
2791
3884
8384
941
381
7780
6823
475
3689
479
7724
1106
7360
1757
55
6357
94
553
6484
2140
6118
1230
5039
3102
3214
3048
5544
135
577
3568
4981
1296
1365
7875
446
9088
5783
2694
9686
151
1964
7863
3298
6182
648
5474
5907
1037
1396
2259
296
2290
2764
2751
2416
4245
2987
6757
2690
5376
1924
4170
6681
1665
1064
2894
1878
3406
2870
1148
2141
3650
4468
4246
693
5095
7870
37
6038
3273
7158
1013
141
762
1668
762
4464
1668
190
1247
1669
2333
4952
2525
5681
3620
2952
2470
6014
2216
6
4444
4405
2589
2587
4616
1627
1097
5090
237
4501
2442
2836
4792
2833
5436
870
646
4449
3535
4495
4835
107
1125
488
5792
5594
2043
208
2558
5640
3360
839
182
2652
1997
1949
3869
163
1166
4318
1971
2621
963
5519
3542
2836
3317
1505
1432
2979
171
680
4470
7046
714
3322
2577
3635
240
8885
376
1091
1059
119
1847
5589
1227
4032
3464
3613
3830
1477
5471
5804
1455
1428
2247
193
4219
2453
3334
5680
4319
1682
2382
1242
3137
1290
4905
538
5365
6563
1397
268
2625
7403
847
873
3075
3217
2946
102
1255
2173
888
12
2813
1231
5185
3571
752
3198
3429
806
7037
2299
2510
8234
225
4558
2343
51
4926
359
4750
437
3189
1781
3588
2454
5405
1661
1931
3971
3553
1423
812
1583
2067
1571
3974
2053
274
2268
1660
346
2245
998
3180
5421
1978
1958
2013
6209
461
212
442
6384
40
859
5207
5437
2261
2934
4044
2120
1320
741
7839
407
244
495
2153
2572
7082
264
8833
3316
5873
2188
4026
1272
4008
3566
5671
1386
3078
3262
329
4295
5040
434
9039
188
6498
1412
482
2522
3663
1200
1153
3843
5001
439
61
1134
3138
2845
6296
2709
3055
2712
4626
462
3229
6036
2629
3187
4084
3541
12
1735
4979
5923
2342
638
1629
2660
1575
3096
5718
3021
998
1003
84
2519
7345
6728
1456
2826
2557
1488
3057
2302
678
560
7686
5797
3645
3289
5198
483
148
593
2000
2445
212
406
1559
3153
342
1922
4495
2629
3838
1685
3556
7176
801
1100
4463
1894
3323
862
3288
3949
1622
5242
451
6904
2616
975
7011
3213
1407
1327
5363
6474
1091
3406
3602
5791
2744
1355
894
658
5920
8464
289
4364
3986
2584
1034
3803
468
911
4749
7124
2510
1645
7366
5649
1240
4650
800
446
2701
5432
943
825
542
4550
4659
9306
540
2088
2218
2496
6158
847
827
2445
1988
1846
6093
3575
956
408
652
2852
3696
1617
660
2717
1767
619
1518
2743
5833
138
1341
2199
3875
1345
1405
1198
2859
3703
1134
996
4139
5353
3376
4647
4513
1387
4736
883
6077
5687
2740
2756
1083
3279
2302
2136
6733
4367
4812
5269
1163
82
9912
5636
2203
486
1329
2876
6092
374
1133
27
1222
4580
3383
6152
119
1403
3674
2929
1500
6500
2180
5825
813
63
5034
3488
4636
1531
2340
2631
1755
3908
1926
5458
2970
801
3357
6122
937
7718
650
3645
5721
3605
982
3566
1163
5940
2189
2325
6684
2567
7222
868
2262
4542
5037
7768
2200
1779
610
978
6389
1991
1062
2432
5032
3388
4633
2571
3483
1348
7394
2892
3487
2824
5006
3832
1156
1694
609
1815
4883
4175
2862
724
853
3625
1819
7932
576
2117
4885
3835
3492
7118
1785
3177
5162
7190
805
8987
172
6458
340
3644
519
2209
75
303
2295
594
2733
1594
1401
7333
1868
1053
2948
4734
3875
3284
1158
4765
2307
4243
5412
2503
4853
6925
927
1465
983
1372
5983
740
6326
2905
436
1915
1310
36
1494
1645
1969
410
1718
2329
552
4005
1690
4841
4752
5753
1618
746
4442
4618
2687
2945
2997
4385
1868
2612
1385
3493
3074
5334
2418
3624
6018
2917
133
4460
3068
3063
1990
3100
6593
2098
2227
251
3065
1159
1161
1005
7
4057
526
2774
1649
4773
1114
5394
116
4441
2572
870
1461
92
6579
3426
6535
949
4166
1583
2884
339
2877
24
8261
1629
4698
4485
308
1917
1917
112
5389
2114
4909
7182
1642
3128
5654
641
6209
43
2627
5454
2296
1300
2178
3973
3881
1843
4889
6127
1840
535
4751
870
1855
3335
4278
2343
3473
3042
1441
6016
1909
1512
4657
28
2322
951
3182
898
1020
859
649
2170
3825
1527
1036
370
5350
5954
2237
1776
4714
5340
2138
2542
247
7430
1580
2874
2972
6672
2945
1706
397
2020
2756
3090
4821
1937
4893
215
1383
5056
3253
58
3855
1691
6576
1888
2983
6950
700
7243
226
4357
5106
6217
2405
1278
5368
1844
4405
5361
3730
1519
174
2345
2682
8157
1254
334
9430
7367
728
7811
876
2818
6327
5904
1176
3632
5910
252
5874
1260
1209
959
2869
2460
1655
7731
439
4432
3327
4592
1151
6102
417
3439
6403
5995
1522
3520
3466
1534
7547
670
54
6869
381
1984
594
4455
2851
2469
1450
872
1081
74
5519
1811
232
2828
2187
2692
6079
6775
2937
5270
155
4153
5107
7115
51
219
7566
2814
1981
2947
2397
6169
1083
3448
3404
3339
4698
5761
752
707
205
398
3067
6143
1226
2573
1493
3550
3000
692
373
131
1372
7584
1234
2697
1214
752
9061
1881
62
2438
2488
4026
2576
3601
1727
3646
2678
2034
4841
1314
3552
4957
3291
4228
1060
1071
6501
3487
3453
1604
3346
2447
3348
8460
1249
1568
7886
503
6267
2884
5617
3304
2
1355
5753
1940
6193
2622
3192
4603
2342
668
6104
3592
869
4068
1563
2867
429
3332
6089
1001
975
4490
4692
5968
2639
1781
5903
351
443
901
2584
136
6245
2953
2682
1705
2465
733
1479
1203
6768
3253
6710
4767
5033
5523
1839
6458
145
4430
1621
2044
3709
2941
5136
34
8097
1601
2277
2962
3923
2748
6604
400
3101
1942
2230
1537
5609
5791
1386
9480
114
890
1592
2888
923
1503
4642
3735
3653
4106
897
2868
1203
959
8912
3301
819
7960
1208
3058
6848
4185
4238
9108
141
3630
5574
6716
2101
2526
2210
985
8397
40
7155
1061
3496
8197
1430
9201
503
5826
2573
6464
994
470
4041
3063
6744
1463
306
842
6722
6146
1353
5288
1469
1277
2160
1059
1192
1062
2159
982
4733
7234
277
1692
4562
4717
1155
2224
5497
1256
7075
6628
2478
2640
5650
7808
41
34
3430
1078
3685
984
8534
6366
1462
3212
4321
1206
8470
1407
3291
5693
4261
6780
445
423
2555
3566
5197
2402
220
6317
3082
761
3913
3513
4554
1068
7465
1636
3077
3434
142
780
47
3349
633
2357
3535
4751
4794
4309
5416
5057
1031
1806
3793
4081
3192
5111
3055
923
5030
4179
5063
672
5560
2338
5122
6019
2538
3099
5768
3149
3554
6108
559
1427
7518
1039
2440
3360
1386
3684
3488
6864
2452
2029
5477
516
1712
1538
1166
3719
3331
883
2695
1672
104
81
7663
3913
4890
6015
2028
5972
2875
3175
1497
3887
147
229
2730
1578
1617
1179
2572
657
3163
683
6486
428
1806
1422
5289
222
5595
5124
4495
1383
2349
6047
2648
284
4372
2168
3535
3363
456
5921
3045
710
7278
5195
4497
1037
805
2091
6276
4158
200
1726
2402
1378
4849
6678
2171
198
8709
2888
4776
1053
2956
2788
1939
2599
6966
6917
1516
4034
1007
1342
7656
3399
4535
5292
219
4510
738
5653
1748
4052
1308
3064
510
6723
715
7379
1611
4916
2248
6027
1824
4889
462
5740
2832
3852
5567
3677
5642
998
4491
2359
1385
1594
3187
7954
861
5193
4269
1600
7932
6116
3494
2313
2204
3520
3826
466
1304
6958
1986
5826
3870
1039
3892
2682
141
5976
3132
4699
4386
1784
1126
3601
908
3185
2835
5038
4104
1172
3664
2380
4885
685
5210
7505
526
375
181
1509
5076
349
5032
6116
1057
1259
8174
69
785
3599
6070
9362
547
3863
3050
2405
1852
2070
1823
641
8826
746
1770
2737
5401
280
570
934
2808
7193
2587
1130
4195
5105
4446
6433
1026
5533
1743
1945
1528
4073
2441
4028
1815
4040
1388
1757
481
138
862
956
1140
5575
3955
1793
5197
1213
8516
1143
784
1113
8285
2888
569
8089
971
3464
1890
6278
914
3477
2933
5290
3303
958
3866
442
3658
321
9336
8673
990
303
3770
1929
608
5161
2673
2283
3581
905
2819
191
7179
5165
165
4752
1857
1499
4330
2355
2014
6991
247
7596
2146
2186
2931
2189
1867
5630
772
6541
1563
2801
7199
99
3297
4340
4523
715
9277
7428
872
6137
647
4012
5544
3083
4900
2312
687
6301
3070
5900
1510
6475
489
465
3337
5367
925
3347
3708
12
7631
1600
4909
6954
678
297
4699
773
7101
674
2814
1009
1719
2669
3557
1559
1523
928
5169
5728
640
3200
2087
4946
256
5800
2721
2247
7737
2999
411
2804
494
3135
2367
1264
1482
6251
2973
545
8961
1296
3358
4071
3920
2540
6198
5739
139
1296
2634
1289
2817
1427
1503
5547
892
1297
6773
3299
1347
2700
1451
1520
6344
1660
4578
4606
2553
2950
1458
3292
6236
835
1923
1910
4027
3981
1558
4893
5081
4489
5063
5683
1541
3662
5305
2697
7182
1180
4605
810
5399
573
246
4837
4164
2475
6557
1689
5842
1544
1983
1010
5008
2413
6533
4034
343
271
8254
4788
3470
7067
556
2255
3413
655
4315
2896
1637
3441
3304
1560
3230
4941
3457
1272
5497
510
1316
2025
3608
1938
3185
1488
5355
7290
195
480
7674
52
2040
1118
451
3812
1813
864
4595
1626
4576
3522
4437
3211
2685
9216
20
3563
1713
3316
3043
488
4308
279
1307
684
8032
337
8168
4279
4111
6298
2355
2897
1718
1017
5120
7554
1497
422
2518
7242
1856
6520
2764
2252
1133
8150
1686
3180
4049
2519
82
2520
827
7571
429
7055
2071
1564
1966
514
1286
4479
2322
3530
4227
2327
2155
1499
402
6098
3440
3326
5297
671
6518
229
3415
1731
7817
2780
5017
1705
4025
5321
1943
4982
242
1062
3105
2010
4401
4615
291
1699
1252
24
8886
8371
313
3666
6331
3191
4317
1377
2569
128
8177
5232
3477
1409
2221
1095
4982
4829
345
1864
724
810
2664
5226
2197
64
6573
3943
1811
4353
1564
139
6856
1316
6129
6182
1573
1970
7943
397
5796
1652
6234
340
6956
5458
3093
1429
7714
4464
2039
8315
1207
4334
5361
4824
1256
1673
1283
3456
3067
5323
2821
2578
2144
1678
612
6257
3590
3403
3511
3095
4619
1923
413
6410
3411
3428
4732
4604
91
330
1196
306
4395
5101
2126
659
118
762
6483
5390
578
4001
1734
4219
942
189
391
9596
71
3129
2989
562
742
931
8820
6505
2616
7701
688
2818
5421
3331
525
1108
7183
3873
4443
7914
130
3949
5775
4202
3089
1390
2686
2835
893
6773
754
5091
4542
4026
5464
3670
647
9287
698
1436
4227
2800
6214
653
1182
4540
4939
2519
4830
4143
2416
3721
5130
866
6897
4104
3837
474
6854
4700
4833
2567
1748
376
5025
3395
3597
4946
3689
5158
2726
1980
7300
8658
121
6326
2187
2370
6670
1713
2721
6192
1956
503
8324
1628
7314
4671
168
8594
1357
4328
1124
700
2104
649
2190
1916
5006
4647
3704
4675
2387
846
6947
49
765
1942
5764
1701
5251
904
5473
181
7686
7392
695
2069
580
3141
4151
5636
4247
3513
5763
176
4568
2555
1115
9584
305
544
2536
5541
2806
5272
1721
4059
5302
5999
1686
2046
5417
4366
1519
6370
2948
2922
5423
1711
1827
886
4681
5595
1419
1245
1659
3300
3593
841
8001
2423
479
3500
2547
3596
3095
3220
6303
3216
6464
3631
4977
4014
5211
903
9087
4787
277
3180
807
4465
2542
1815
1530
2353
4352
6096
2502
1602
5666
4866
1367
8487
875
6043
3741
236
6258
6370
1478
2440
5288
4080
3262
1071
3885
4688
2880
5891
1945
5905
1251
3272
2553
974
5069
5446
1994
5195
2254
3497
3160
4227
2074
6864
2955
7454
1188
940
2472
8505
428
3685
2280
4432
2861
5789
3172
939
6791
3959
688
2507
410
367
9411
3559
3412
4198
371
511
6815
6763
934
3582
5211
375
3212
1005
5095
8141
1845
2555
2125
3779
3550
3565
5229
1879
1710
851
8562
2060
4237
128
508
1320
5215
1658
4746
4351
2579
2570
570
2809
5427
6487
3114
944
1910
757
332
1016
4532
1125
1590
1912
7202
6211
950
2133
2029
502
3909
2580
5112
1510
3262
3022
2220
1364
813
1898
410
3872
5147
7722
158
1318
8158
3982
5505
5671
1064
1196
6936
6020
621
7959
795
4221
2300
3398
386
644
3065
785
3608
2098
6184
2843
2857
4847
1541
6969
995
8186
1300
2887
6364
430
479
1080
5501
389
4035
2953
5379
5276
4690
664
7838
4777
2730
1986
6494
6374
3518
2530
7313
4086
4248
6073
235
4795
527
1095
883
303
8691
2322
1425
4316
4257
8584
1318
273
1171
1250
4112
1083
1881
513
2941
4730
1329
8021
1303
367
31
3384
3465
1359
2459
3578
2486
2082
113
4898
777
2840
1076
3900
500
1960
2476
4814
2661
2154
4700
7464
2182
6315
2563
4926
1378
1016
1272
6049
1655
413
3654
463
5893
1736
2344
275
6583
2329
3928
7213
789
7182
2453
4622
11
2336
2709
5878
3242
1440
3869
877
7486
2081
1636
3937
2980
1430
760
2265
1872
4533
954
2950
1504
1024
7319
1984
5210
756
3195
6922
1502
1752
5866
1661
5379
2858
610
2882
3110
3237
5598
4147
3469
3279
2111
5748
3078
2212
289
2842
2487
5186
3725
4324
2014
7260
2498
6422
684
3349
4547
1371
6444
6914
1054
997
3220
185
7114
1152
7070
9203
718
2029
7490
445
1489
2773
1386
1837
4438
199
9097
1398
4680
1237
6239
67
6313
6620
1967
4849
1871
1652
7703
6034
113
548
4523
1201
1917
3688
3645
1943
1435
8515
158
104
1703
1864
2062
1086
325
74
689
7000
1032
773
1456
2135
7751
1991
6947
6658
1186
482
3378
2524
116
6942
1010
1760
5148
5078
18
4270
2217
1357
325
2613
2843
1013
4355
1137
2767
5059
2876
2307
5001
1594
2434
4704
4018
2110
6264
6055
152
1960
333
5445
2244
3038
6774
1583
3859
2799
1782
2497
1766
1554
2421
2218
5221
8993
810
2946
2238
4277
4546
5706
2399
3171
1209
1168
2044
4732
1341
3826
1083
995
7547
135
6891
3109
603
3124
5717
5483
3274
195
91
1071
1944
3805
773
4818
5055
3374
2075
5056
766
3981
1616
898
530
3498
4380
4524
3260
8735
151
2687
521
770
5165
2066
5418
637
6081
2386
4748
676
7195
4462
3790
6125
2525
1262
6410
279
6796
584
7555
2518
5082
2466
5154
1968
3065
1620
1197
4383
4648
2393
66
7737
623
2810
6363
1857
1319
4808
431
5418
4464
2146
4026
8815
463
557
307
9571
422
4228
2525
3645
3859
4270
2820
2651
5803
386
2132
1900
298
459
9391
7463
2015
812
295
6867
980
1045
2918
5539
2820
4779
424
34
1412
4811
2557
8272
101
5890
4077
2964
3719
1710
5389
558
6418
6285
1623
3265
4018
1438
3450
2016
2609
3076
2002
3047
522
7534
2347
4763
939
4342
1252
3699
5172
2707
5120
1222
3233
260
4409
3873
603
334
951
9253
330
2664
7231
1873
405
2822
1574
5164
3725
198
3943
2373
7580
3965
2623
219
267
166
6026
5994
1980
4406
4614
4414
355
6307
2361
2360
153
6373
662
2246
7583
3738
1877
273
9509
6218
1727
4049
5497
1484
6724
382
2952
3993
3894
1955
675
3669
2355
4446
1415
1785
7478
1153
6525
4106
5870
1105
2664
207
3679
1044
1628
3616
2605
2258
3721
7430
1980
3630
3388
948
3398
7624
319
2628
3591
3339
5890
907
7925
6541
330
3804
2177
1173
7994
5046
4566
6398
2872
4702
106
1201
1968
30
2799
457
896
7111
2051
763
2451
2326
7349
2170
3695
235
4476
8617
629
6094
499
8249
1311
1020
8842
719
6615
246
6320
179
1262
3323
5271
1754
5252
6945
2182
2056
1433
5324
3641
6984
487
6546
996
280
259
6220
2327
1539
817
3102
1630
3155
1292
2596
7008
4805
4426
2909
6782
740
201
1237
8437
5550
776
3228
4240
932
467
7271
363
684
2487
410
6426
1057
5333
3257
2339
327
5090
5032
3428
73
5646
489
7151
2630
2182
6725
2953
6484
503
73
8311
3302
254
4968
2542
2196
1472
666
2057
2791
5070
6067
2321
2108
5527
996
6477
6275
2459
4064
4896
7049
2908
1565
3582
97
4202
3321
4054
5642
30
7907
713
1567
5695
4552
3537
427
1445
1832
1305
2169
6218
839
729
1113
4077
7182
2344
3849
236
6409
92
4182
2335
1319
7586
2773
2805
3431
4459
476
6346
3538
3896
1246
5624
6319
153
937
5543
863
1337
1572
5029
3052
5323
5439
283
2113
1617
7052
1339
4252
4798
2709
1826
173
6156
1887
6216
1827
1999
83
2469
6382
1812
1671
148
2041
6331
3191
6700
294
352
8784
655
7813
461
4638
3618
1252
442
7003
554
3461
1291
1423
4613
5508
1882
389
6952
1406
8416
2123
5063
4124
3689
3005
6052
7677
443
2371
1404
3633
669
503
8101
2019
3396
1723
6358
1365
2908
131
8723
6437
1756
704
6397
6120
3544
5897
1988
994
4767
2870
7066
3287
1632
80
1471
779
4996
1991
4812
1109
1455
3673
381
1547
324
4657
5168
1554
6249
6463
1120
9249
481
2491
1475
3772
5736
227
5950
3559
4161
3335
1153
1340
1985
897
7266
1083
4187
6172
2974
4118
5114
1272
2032
1725
7946
1874
1942
1387
669
1842
2355
1078
8317
1034
2170
7095
2715
6004
1357
2633
1702
595
9334
1925
2342
9193
52
3171
449
6446
2745
6594
274
3713
5095
1400
609
2054
2867
7612
2295
2728
1313
2811
1408
307
1369
8569
757
4573
2313
3677
4374
3518
6040
3651
5422
5036
1560
3105
6411
1790
5388
2484
5199
4786
1968
3658
1426
1847
882
6327
2074
3864
3005
2053
3473
1285
3231
2514
7158
8681
213
5164
490
5636
3566
2827
6268
4519
5325
1897
4627
4308
2385
2255
937
2303
3768
6883
2621
1027
4996
6940
1038
147
763
3038
6046
1792
7599
290
906
6135
1016
1628
3217
249
1660
1703
7314
5506
609
179
6298
4184
506
3500
2003
1998
4565
2325
6148
1951
4011
6090
3593
93
4427
1424
242
5281
2156
2997
3690
3672
4356
5776
1152
427
1540
2257
1260
2054
1361
7979
1449
931
5720
252
877
4201
2257
3702
2592
4512
3609
1767
7645
5750
1785
6991
918
4610
3542
1252
2121
7886
90
4571
4488
7435
1182
2056
1305
1640
911
3890
1967
214
343
6007
1281
4006
1903
4939
37
4401
323
5078
404
768
3453
2089
7450
5846
2255
2602
2488
4451
3286
425
1638
5137
2488
3975
874
884
274
896
2579
70
8249
93
3034
8105
461
5060
513
2102
2081
70
4297
3754
4607
1246
1049
5845
3286
2980
1868
1291
7531
8395
1578
5286
4083
6045
492
3046
724
1860
152
4191
419
1072
3640
1268
4251
3944
4767
7315
2141
7605
1173
3118
4330
34
2234
3773
3088
556
4651
1839
8001
1342
7187
8822
672
3677
4165
6621
415
681
3169
102
2666
7951
1879
5344
1556
2870
3504
1069
5788
545
8295
753
1575
7712
2231
820
2450
5748
980
6552
3205
6110
1593
4448
2673
327
851
1776
6971
908
3709
3296
6312
337
8708
3882
4220
3105
244
1146
2022
2680
93
199
1869
890
4579
2453
1871
4203
3463
1991
2203
6776
2109
481
3879
2121
6612
6561
1401
1573
3470
108
1108
1058
6223
1933
7121
2472
455
6875
2654
1454
6384
3055
846
8923
9
2557
4319
2969
3058
2577
5799
4661
1569
2477
1435
7951
1074
1293
4440
4694
875
5442
4027
3806
2612
9455
251
4552
4377
3809
4319
2719
1612
4609
383
1124
6809
3673
4045
6413
2591
6461
1532
4519
4034
4925
3144
7331
867
965
5001
360
9609
1343
5844
2179
2243
318
2228
4271
1473
4196
2266
1156
4316
2387
6582
3129
5280
2
4328
2827
2033
6989
2828
4540
1497
1803
1976
4194
2250
5032
1965
2135
5160
3618
1442
1613
1677
1290
1125
1633
6361
2126
6479
1627
5429
5643
2975
773
468
6815
2772
1966
3191
8564
504
4309
4673
2833
3610
3109
1381
3771
2695
1363
2340
7188
473
1098
964
7424
1705
821
2324
2441
4180
6884
1341
362
450
625
5705
4859
3212
1411
6647
594
8627
5731
2857
1452
4900
3905
553
760
3075
2845
5077
7259
2557
6818
2495
6802
2549
2054
1809
2178
2105
8346
360
2632
5166
2244
2466
3295
2792
7296
907
1177
457
4754
867
4926
4658
6452
1584
2852
4245
682
2953
291
2305
2795
6145
4608
2974
7932
1238
5908
1162
7341
2
980
4798
3513
396
3211
1684
2922
347
7068
2160
1311
1650
320
5719
1725
535
690
8553
4656
3955
3842
3390
450
6058
1854
6670
217
7609
1340
534
49
5901
1674
7967
1762
6101
4774
1368
2804
6820
5360
1768
2126
5724
3990
3892
6210
921
6256
150
178
1542
2661
6641
4334
796
1361
775
1436
5629
1270
6790
794
2610
1311
3316
2294
137
5221
1625
5787
1579
1026
3600
4852
1924
22
2109
3449
780
5994
3918
377
6312
3802
215
396
2461
236
5271
5213
1868
7644
132
3766
5241
3581
5709
1465
4718
1039
1207
3801
137
681
4501
5800
2217
2673
4077
1891
3992
147
9176
1426
207
26
2013
31
9041
3504
4529
8712
468
5632
2589
1853
794
1620
3988
3214
2387
660
753
7898
276
638
9011
1492
6243
9249
82
7667
831
5297
2678
6112
2618
5601
3370
653
3788
394
7302
5850
113
3480
377
2625
3775
1752
1217
1549
7454
433
7168
5840
833
4834
2763
2203
1308
7927
129
1141
1556
5409
3807
8205
1755
1158
4642
4318
3154
3062
4608
6696
1698
804
3094
1729
450
3916
1480
1624
6953
1931
4515
1621
5860
3014
1056
4647
520
5975
635
3410
3897
210
7094
315
3606
2034
7331
1670
811
3853
647
2662
875
456
4598
173
7554
2340
3277
2344
3765
5473
169
7015
2084
3047
4359
5677
2786
6074
885
3838
3336
2470
5084
5540
346
2286
434
2663
1473
4622
2528
4877
3110
531
1656
242
4918
8986
912
3138
2418
2142
1223
1529
3722
1530
288
1948
7091
1183
1761
273
416
521
5439
2596
5112
918
3782
1026
2667
3742
2341
4215
2880
2611
42
46
2362
1110
29
7329
1591
693
1529
5264
277
740
990
4515
4920
580
4746
7618
541
3482
5308
5400
3160
34
7390
1503
6910
1965
6131
1042
3913
4669
1019
7063
1060
6129
3609
1808
3175
1311
8530
684
7917
3791
5714
58
9890
1568
6756
237
4952
522
7892
59
368
1982
5591
1071
1267
3802
1773
2928
492
1270
4167
2962
485
1972
5952
7
186
1476
3559
3652
2817
876
7999
3871
5474
1251
5204
5391
878
4295
5141
7857
1843
5836
1371
1791
2056
4468
4048
3192
374
1802
7472
3297
6620
792
8963
3065
14
3710
843
603
2831
1517
663
3228
3016
403
7148
6549
247
2806
701
1010
8140
1379
8470
1551
7353
2918
927
2770
7053
766
1050
3634
3781
3128
6728
5406
2215
8173
860
5093
529
9058
562
5781
300
2006
879
3099
4058
659
4253
2091
2657
436
3378
2599
1046
1945
7651
5564
4028
2992
6586
1079
5307
311
4725
7196
2345
1766
843
5351
1591
1181
2181
3006
6371
3220
89
1123
4683
3728
2111
96
2223
168
2397
4223
3933
1866
6213
6902
421
245
3549
7432
571
3412
2872
3633
4935
4285
4736
5346
181
1037
4894
5786
1879
6986
924
3611
2194
8110
433
6733
38
1057
5679
2368
4110
1185
1591
4334
4189
737
2550
4490
2104
3470
2211
631
8657
6662
897
6
6152
1408
2495
3307
1626
3312
3336
6061
3560
2611
1143
3790
5252
239
7710
926
837
6815
1226
1968
3634
424
2465
1391
7311
1921
1178
4561
961
2952
2177
673
1271
4414
323
2590
145
1047
6397
3728
5229
837
8955
3568
3662
1408
1390
4941
1087
1535
1422
6747
2055
488
1419
4274
4769
2205
6716
1384
6871
1168
6878
1841
7791
5968
3684
1323
3562
6141
1651
4166
5654
4735
322
1180
2650
373
458
4171
5170
5981
2080
5008
970
4293
2313
2706
1865
1328
6423
9655
99
2037
4881
3088
6599
1299
6276
6718
2990
2266
3442
257
3999
6426
3441
7008
663
3246
2156
568
7495
1112
4460
4025
4958
2092
1227
153
5843
6942
2996
1779
750
1918
4758
8667
429
5219
1055
3367
1455
4528
908
557
471
597
617
1625
7841
1384
3138
1558
6564
423
1522
2384
5037
4741
5240
2157
3080
2720
1622
2679
4000
33
931
1293
3416
5091
3655
976
5184
1208
1896
161
1122
5892
2474
2464
416
45
9606
2423
2328
2455
805
1656
4524
2956
5684
638
2770
665
3394
2651
4253
2112
4127
1386
1708
1632
3953
510
7137
1260
2640
368
6630
1258
3914
7125
2172
9194
226
3773
4333
2099
848
4723
1850
3071
5066
6862
2404
4618
2098
1626
5335
3599
2324
1799
2646
4069
5238
3589
247
7481
603
4054
2949
8786
1007
5584
3669
3501
686
1512
4631
3309
116
1053
7125
9565
21
5512
981
1203
1384
3621
6181
5840
22
2736
6276
1718
1911
5348
3803
1160
8046
1032
2873
2519
5136
2982
774
1221
1843
6337
2290
4290
264
255
6953
1975
797
8276
1625
8471
1527
5467
2007
8029
1377
553
334
1210
3079
1528
4162
4663
1478
3140
1160
3933
96
796
7800
2019
7129
3203
4907
4070
3451
2009
1350
1059
2903
1929
4222
8083
320
686
5584
2788
5567
5298
2121
4402
2232
5657
359
231
5083
4914
4027
5290
2130
1034
208
1087
379
1542
5184
3850
511
3246
976
2674
4882
524
2773
192
3990
23
7463
1942
7345
3256
1567
5691
526
1022
31
4976
4427
3443
5400
475
8882
150
7940
6950
1484
2859
1222
3487
1090
6639
1753
815
9050
3359
4964
3094
4607
3121
2646
674
2938
2897
1367
1177
2069
1245
3761
1200
4318
5660
2903
5076
814
535
5183
9697
180
4315
1583
2277
4767
6339
568
137
4500
354
2499
3203
671
816
1208
899
7827
1689
1269
8967
221
672
6789
8185
750
5536
2396
3197
1774
2664
542
5355
4582
3860
1727
6161
981
5587
1454
2392
862
374
1030
3450
5764
1503
2558
7011
2172
679
1544
1145
1260
510
7230
1849
2664
843
1134
2371
3835
6207
2254
3464
6239
2504
2789
557
1085
2452
3137
2288
6215
3000
35
1432
3525
1957
2873
4388
574
2567
1316
4973
1103
4027
1767
1875
1741
5371
4117
2857
2152
2574
6613
5956
201
6872
1021
5812
1769
5244
3063
744
6817
2291
298
5932
827
666
3341
4999
1895
95
1576
1638
3372
3574
5695
1718
3885
4478
197
1117
3815
544
3154
9383
33
7599
1972
2218
1124
4209
1474
569
9395
2024
7039
2727
716
4317
4149
288
7252
3869
2265
2208
1114
4376
3507
1487
6800
2298
1988
1987
4038
5019
2105
3459
2991
5085
3474
1528
8119
7505
1491
2978
6748
2864
6375
189
5507
3242
3080
2090
1030
4029
949
643
1205
2836
4812
508
8834
106
2170
1629
6552
2549
3824
3253
3553
2295
2627
3822
4850
1989
6007
1291
152
3658
3731
1534
3599
1456
1827
5269
4521
6306
503
764
3967
1860
3991
3016
3913
5927
2421
3762
504
3054
341
3439
79
2811
2010
4329
3414
4794
547
2079
7656
5828
297
6508
692
539
618
173
5457
3297
2839
1075
1774
3123
2240
460
2705
5354
2952
8965
658
3180
4931
8735
317
3479
3387
570
8457
3569
4336
973
3935
1392
4886
5502
3982
4071
4521
1742
3778
1606
6582
103
8125
3601
1174
6046
1349
1284
2070
3690
6106
5415
2252
4704
564
3954
5599
2934
4926
5116
1481
2896
3420
2539
381
2420
4347
635
6004
6416
1803
404
5058
1994
1423
6237
2056
5008
2424
3106
5533
3758
71
5447
743
3309
1065
2658
4089
491
4293
6786
187
2543
6108
3084
818
4604
1947
2883
4380
2943
3531
4862
1027
2565
540
962
6491
2854
3253
1491
1015
2107
114
4774
246
3280
1059
2032
3055
2515
3872
1637
2838
1331
807
1161
3390
5539
3375
5835
3149
3292
2276
1716
3062
5366
1198
1377
2175
365
1086
5862
2548
755
2163
4211
1515
920
8668
102
2833
448
5244
4626
200
1636
4065
3749
2656
2055
6376
4195
4223
1825
2784
4591
867
362
3993
1146
2244
443
4278
6783
3213
243
7271
4341
2028
5590
1623
3646
4844
2369
2979
363
51
393
1025
4223
1059
2555
5560
3471
2691
1306
8058
1590
4324
6998
1645
2148
1530
2133
1839
2012
2517
440
3509
3821
3175
3467
2574
241
7523
6030
3196
3783
789
6397
2498
7748
923
3185
4197
2617
3482
1787
5736
6159
2028
4746
172
2435
6994
974
6816
3728
2828
5073
3198
3447
1378
4547
674
3398
5545
5235
3897
2363
325
6093
2688
996
8669
8939
622
368
435
5238
622
639
2970
2396
4845
1770
4939
2365
1364
126
3361
610
4301
6760
593
7509
505
4449
1796
3566
3572
523
2339
852
1510
5192
2848
4649
451
1287
2991
2028
2624
4101
160
1538
852
1263
1082
970
1812
1169
548
5522
2494
1232
5217
3559
6267
8371
601
2050
79
680
129
8140
947
3528
6098
2189
15
3288
2001
910
324
2802
2391
1070
3184
6697
634
742
8959
3511
1027
4920
556
7798
849
6
3508
1245
6350
5242
428
190
4889
3142
4840
2023
5025
651
4057
2032
5022
516
2296
4952
4917
3750
2424
6033
2841
4221
4948
5748
3202
3146
1495
1658
7404
4674
4809
5515
4416
356
6269
3557
86
6214
1595
1518
6591
4257
2606
6797
374
8696
748
4789
1127
2503
748
280
2724
2759
6901
3456
3966
413
6498
1449
2057
7989
732
9189
497
7574
250
4488
2635
3440
3091
1365
353
1627
997
1400
615
8630
901
2655
1319
3928
4836
3512
2385
898
3377
5011
2211
3489
755
868
1771
8390
51
101
8468
7042
1116
3771
3334
2867
2544
1515
6826
4714
3487
401
4341
6055
78
2291
3976
2856
4025
1347
3344
5998
1736
5040
2676
8993
668
1314
395
6885
1949
553
2397
365
3011
6375
211
2138
994
467
2719
5979
2029
175
5404
1514
1053
5791
364
1989
2881
537
1203
3611
5209
6087
769
2771
2336
145
2511
527
5414
1843
7439
78
3564
4515
4002
1608
976
3792
5099
6279
1539
61
4551
3717
535
4169
2201
898
8657
1158
2625
4373
2349
274
1210
7796
1087
8815
466
1085
6202
6207
2745
1343
1080
4896
52
5563
2176
8131
380
910
3685
3622
1181
2399
4838
1931
1291
3468
2242
707
7367
6214
1990
1609
757
3038
3824
6729
1953
3316
5493
1818
4682
2117
495
1815
432
5862
2585
1733
3370
3511
1049
4345
5261
626
1504
5632
1485
5051
3902
2151
1287
3023
4726
611
5614
1243
7150
4180
1934
2385
7354
1517
8173
6873
904
2077
798
5333
3435
3774
3121
3090
4993
2952
6004
3606
1865
1068
3978
1929
7135
820
550
4728
3229
1113
2782
1978
6931
5292
2530
2880
6045
1344
2303
5451
611
711
4940
6496
481
1887
7507
1449
783
1293
4136
5039
938
1515
1785
1623
7607
1964
1812
1024
2989
2468
4350
7649
1313
758
1450
264
1284
2422
5122
2359
2000
1508
3720
467
4973
1894
5621
5182
614
5074
4118
3168
846
733
5213
4584
2716
3597
1025
1046
5584
83
3328
5521
1550
1894
1139
2166
6078
378
5961
6442
3004
5447
2056
2711
125
5848
3435
3607
3308
5346
4056
2908
276
3087
4918
979
60
970
259
5902
2540
3275
1131
6633
2213
4409
99
3179
3864
1352
1596
950
8838
1826
3123
489
3461
2519
3057
9479
91
2603
3200
188
1513
2164
1839
1767
5842
2515
843
5030
1022
13
680
462
1680
2863
3096
275
4262
7003
1951
3091
4823
4737
490
2547
3266
152
6768
5170
595
932
7454
2213
3163
981
5329
733
1833
2753
4797
4317
233
2563
4036
685
3446
309
895
1028
3412
965
5944
1750
7636
321
1513
398
2622
3851
2892
3147
2145
97
3256
2452
4680
1888
7264
4607
2078
113
3738
430
2906
6631
704
3771
313
1695
6441
4427
4999
8935
796
6446
798
