1336
8338
5395
8395
6330
6332
1502
6008
8255
8493
7973
7996
6853
6073
7688
1568
4608
7200
1156
4624
7542
3352
1682
9248
1830
7320
1886
1826
4436
3464
6524
9644
4150
8134
6084
1681
7569
9409
9191
9669
3721
1225
7056
3600
4489
1156
5960
5446
9604
1089
4524
3424
8808
8113
9592
2398
4332
1330
1521
3969
5249
5279
6241
3249
2425
6029
1444
5625
5336
9334
2330
9320
2334
9332
4172
4772
3610
6760
1936
1764
1358
3914
2304
3844
3268
5661
8349
1725
4408
5454
1491
4236
1156
8649
3304
3300
2888
6498
5876
7117
7488
6292
4975
9751
5568
8700
4332
8338
8750
5054
8332
2338
2836
2266
4506
7016
2500
7056
2727
5555
6889
3025
3590
3347
3978
1768
7107
5105
4742
3732
7332
8334
3717
6570
1932
2715
1146
1186
5573
4031
3564
5324
3627
1827
2970
1320
8338
1334
8334
8330
6484
1464
5887
9583
7488
1300
5138
5782
6200
6856
6776
2016
8717
8622
6080
4118
7001
7006
4963
4953
3675
1083
6494
5747
6643
6449
9478
9879
4770
3775
4198
6862
1336
6332
7052
5739
9336
2336
8439
9476
3940
8950
1198
4792
3425
9384
6988
6488
7795
1717
3162
4692
4728
4512
9604
5929
7606
7705
3650
7154
5184
6084
4110
4510
8183
4709
9186
5980
6677
5611
9181
5509
5409
9409
4536
5054
2617
4040
2483
5093
1467
7987
9025
4096
9090
1753
6083
1574
3888
5008
2680
1809
7254
8338
5445
9245
9229
4527
5330
4338
6029
6729
5511
1011
4356
5329
4475
5429
8780
8760
8226
8082
4389
4339
5929
4624
7803
2523
5568
1392
4190
3591
8466
6327
1486
4486
3844
1521
5359
5681
8453
8403
3844
6561
8578
1277
7133
7399
2738
2178
9409
8649
6724
6400
3844
1681
6224
1556
6050
6728
8180
2180
4361
2225
9960
9096
5184
1296
4672
2628
2312
8192
7330
8330
9749
9345
1862
1368
2550
8262
2890
5290
4232
7200
2781
7725
2809
7921
7229
7926
1332
2336
1233
1223
1908
7632
3338
8330
8649
4489
7406
1400
2928
2917
2312
6962
1323
2523
7573
1643
5216
8080
1152
4418
1338
2338
4704
1350
4592
4598
2449
2431
2916
1764
5479
5489
4989
6886
3502
3152
3876
9856
4312
9872
4435
5496
1796
1736
2025
1849
1338
1334
3146
8424
4761
2209
1697
4597
9610
7840
2312
2738
5408
1568
1248
3708
4732
2800
2442
4729
1521
5776
6050
9800
8334
9330
5776
1600
2601
5625
9002
3206
3733
3472
8562
5736
6334
7330
2927
3953
9604
1296
1368
1568
5251
5381
7073
7952
4416
4417
1336
3334
3240
6760
8464
7744
9409
4096
3238
9039
7313
3524
7334
4332
5989
5816
8336
6330
2700
7500
2149
3166
8978
6050
9075
7803
2041
2239
8019
8009
1062
1070
7336
4336
1158
5712
2433
2653
3332
7338
1600
4096
2334
1330
3285
8541
7694
9669
6338
3336
9342
4152
4186
2716
9332
8332
6804
2100
2682
1192
2701
2781
1922
1682
7744
9604
2738
2238
3154
9414
2338
5330
2334
9338
3872
5408
8146
6409
4022
2424
3113
7227
3325
1534
3331
3531
5041
2864
4330
5338
2875
1035
3020
3850
4356
4624
1334
7332
6192
5194
1859
6875
8206
8004
1568
1458
4367
2367
2028
7500
7500
5808
8332
7332
6327
7456
1414
4848
2077
5344
1274
6656
2269
7461
2272
6958
6148
8731
6330
2338
6708
2487
6330
9336
7056
8464
3976
3256
6962
5202
1330
2336
6791
2785
2103
2715
7338
4338
7171
4246
8336
4334
2438
3239
5388
7548
2888
1250
5627
5220
9295
9265
8407
3437
3334
4338
2352
3888
2332
2336
2452
9808
7744
1444
7688
6728
5077
2467
5366
5765
8448
1670
5856
1464
6375
2384
1274
4394
2368
6652
2164
8656
9115
2356
9332
5336
3890
8812
4050
5408
6728
2888
1953
5425
3719
7227
3190
5591
8969
4659
3396
9462
5636
3631
5760
1960
9334
1332
9595
9467
4175
1503
1600
6724
2052
5700
9338
4330
3420
1520
7334
3336
1743
6036
3140
5335
9446
8555
7729
4929
1206
6566
4050
3042
5330
2338
8338
9330
9504
7986
9604
5776
5382
2392
2332
8334
2332
7332
2848
1602
2996
5907
6889
1764
4129
4225
3025
6889
3364
1600
8055
6056
2294
1871
7569
3136
9604
1024
1330
8338
1695
2199
1449
4025
6831
6918
4802
4146
5292
4332
1206
2144
4704
4056
3681
9274
9216
7396
5784
4022
6914
7910
2332
7338
9711
5514
1625
8228
1336
4336
7942
4950
4803
1401
3362
4232
1506
6042
1200
4800
1849
4624
3136
2542
3132
5568
7744
1521
1425
1325
1936
1876
4418
1250
7517
7516
6642
2050
8281
1225
6728
9248
8336
2338
2211
2335
4977
4877
3872
9522
2204
8816
1944
9600
4624
1600
4900
3600
9483
9209
6592
7861
1350
7776
7116
2686
1444
9801
7569
4096
4875
8383
3249
7921
8888
1919
3003
9003
1024
4096
5760
1210
8092
4732
3718
7942
8839
8044
4152
4458
2312
1058
4174
4192
4485
1569
9996
5100
6936
4704
3746
3324
5452
5450
6195
6269
5445
9467
6390
5519
2025
4624
7334
7331
9920
3575
9144
6350
2016
5054
6868
4646
7566
6969
3364
2916
1594
6376
9486
1899
1332
7336
4232
8978
9248
3042
9575
1579
7869
2727
3926
2990
2332
9338
5547
3675
1521
8836
7509
7219
5076
6084
3600
1156
7056
5184
8788
7488
1152
6272
7483
7171
4430
2027
4472
1118
6611
5135
1475
9971
4590
5986
6092
6292
1681
6400
5596
5591
4704
1734
3818
3815
9330
6336
8978
8712
3584
2366
1332
9330
3200
6498
5858
2341
5187
3774
4332
9408
9153
5537
5197
7456
6264
2784
4343
8351
3969
3364
8136
2034
3025
1764
2430
2480
3407
5555
2810
2818
9407
1410
5383
7353
3559
1948
9044
3482
2888
5618
9330
6334
3338
9338
1444
1936
6920
1730
1533
7319
9604
7056
6773
6873
5776
6724
7334
2338
5481
3829
9338
2336
9334
9332
1960
1568
6686
5686
3479
1775
1600
3249
8400
2100
3456
6144
1336
7332
2004
4564
8315
8365
3935
5955
4536
4839
4098
3596
6561
1089
1936
7056
5233
5133
5060
5760
9527
9287
9757
7758
5338
2338
1796
1986
9874
9676
1818
9119
3332
6338
5438
5430
2209
1225
3546
3866
9636
9631
7126
6639
1210
3610
1334
6334
5202
1250
5032
4637
4000
2250
8850
9264
4225
2500
1333
6603
9409
1024
8967
8917
4332
7338
4914
8736
1156
3364
3858
9858
6530
8015
6992
2798
4243
2243
1805
7605
1701
6069
8450
7200
6889
6724
1494
8134
7334
1334
1764
6724
8442
4442
1539
1133
1280
2000
2330
3336
2906
2303
4852
9829
6075
9075
7744
4624
9072
7997
5476
9409
5054
4046
1690
3610
7328
7358
2420
1620
6976
6969
4028
4228
5742
5046
5600
8064
8100
4624
4096
4356
8978
5832
2320
5220
5576
3076
8127
2617
4096
1156
2309
3308
4465
1261
9055
5437
2950
1888
7382
7979
6498
2312
8336
3336
6044
6040
5409
4509
3174
2166
9025
7921
9165
9166
5706
2536
8998
8291
2873
2341
2209
7569
3610
2250
3077
3017
8712
1568
4563
8190
7334
2332
1160
2610
8464
1600
1332
4330
2842
2088
3009
3003
1715
1785
8184
8584
9810
4360
5329
6561
7912
7813
6900
4416
9962
9496
2074
3324
2826
2806
8767
7777
1089
4096
6437
3562
4986
2181
3750
7776
5037
3037
6137
7497
2541
1701
4160
2340
6914
1983
4867
4837
1512
1050
1736
6944
2656
2052
7334
8332
4682
8778
2312
3200
8670
4320
2534
8118
2956
1982
4114
1111
1360
3360
4216
7217
3025
1369
5647
4756
9786
9889
1766
7064
4991
8941
5096
1664
5832
8192
3352
3912
1100
1160
4747
4267
3906
3901
4332
5332
7203
7803
5880
7680
5656
7007
3470
5757
8857
8157
2601
9409
3336
7336
1718
4714
3338
3332
4291
4696
4608
5618
4222
4992
9995
6635
1824
1026
1604
3688
2916
2601
1969
3969
1019
1419
9792
4352
3334
3494
3488
1962
4022
6345
4591
3709
7007
3012
9678
8686
2450
1458
2075
6723
6529
3681
4141
4260
1139
3159
5618
2178
8291
1010
8649
4761
3469
6469
3364
8100
5922
9927
6455
6805
2867
2667
6125
5014
2332
8332
2286
2619
6116
4004
7742
7791
2087
2083
1491
1599
4232
4418
3703
5887
7584
5793
3552
7562
3334
8330
9821
1121
1818
8998
3315
1335
1650
4224
2329
5353
3681
6428
2251
6310
4563
5547
4752
8448
7487
7457
7016
2055
5330
6338
3317
3397
8336
2336
5305
9305
6375
9741
1444
3844
5076
9024
3481
8836
2025
3364
8464
1156
7406
8018
9216
3364
6240
6140
8895
8395
5549
1538
1681
7921
8377
1397
4400
2816
2464
3850
9000
1210
7715
5719
5544
9856
1936
3025
8424
2424
3359
9310
8331
7314
1849
3847
8338
5338
7744
4761
4647
4440
2842
3842
6599
7985
1093
6160
3168
1408
2704
2809
7744
1024
2890
6760
4752
1188
2745
5683
1696
3816
1552
9700
5681
9083
1336
7336
9579
9529
7505
1583
3573
9925
2552
3645
5607
5307
8464
9801
4355
4107
8821
8421
3362
9362
6408
5607
9359
8959
2005
9105
6622
2644
8100
1444
9338
5334
2386
9544
3529
8523
7066
7056
4056
9600
3118
8118
3757
1573
2178
6728
1445
5081
8171
8471
4096
1936
2338
5338
1587
7203
7236
3216
6473
9348
6144
6134
1203
9293
4078
7878
1087
9783
3821
7821
4293
2597
6174
9464
3338
8336
8928
8828
1444
1521
7911
7181
8394
6639
5059
5518
1089
5184
1690
1168
2456
9824
9338
3332
2888
4844
4863
3823
4334
8334
7938
8450
5718
7077
3553
3315
5311
5951
4338
7336
6218
3218
6093
1423
1928
4590
8643
8143
4131
2499
3872
5618
4761
6241
9294
9494
2511
1519
1700
4352
7354
2719
8954
1850
1748
5138
1438
5752
8450
2450
1542
7373
1210
2560
8553
7509
3569
3049
4232
6962
4975
3934
4976
1244
5593
4593
7744
8836
8649
1849
5850
4394
9292
8237
5257
8704
2304
5776
3338
1336
3457
3417
1574
4913
2187
2167
3089
9614
5775
9375
1334
1336
3514
8579
8750
4536
7622
7123
2202
5291
5422
3028
7052
1331
5840
1460
9898
2891
5230
8230
8338
2334
9576
6650
6886
3580
5187
7187
4074
8084
9409
4225
2785
2718
2000
1620
8112
3072
2875
5635
5965
4575
1458
6728
9341
9541
2048
2592
4431
4531
3042
6050
1330
4330
5776
3844
3174
2400
6692
6122
8596
8536
2442
7281
8332
9330
7034
5409
3062
3067
3481
4356
6363
5005
5400
1944
2229
9222
6241
1444
5415
5343
7337
1735
9025
5776
3520
1980
4830
4330
5480
6410
2048
9800
6724
9409
1942
9942
1322
8796
6727
4375
5147
9547
5402
4102
7396
6396
8464
5184
6760
3760
1334
9332
7396
3600
1911
4719
5334
7332
1024
8836
1285
1480
8246
1890
9104
2276
4802
7200
4418
3528
1516
1596
5920
3330
3336
5334
4294
4731
2500
1024
5128
1282
1782
7128
6400
4356
4776
4795
1544
1744
1008
4732
4330
1330
9826
1666
9336
8330
5476
5184
1800
2048
1296
1369
4750
6840
9450
4200
7114
2146
5719
5740
8303
1863
1114
4456
9353
9470
8475
8595
2069
2451
9164
9898
2763
7694
2475
1859
5808
6348
7744
3136
5022
2232
7694
3636
4251
5106
6447
3387
4604
5607
5363
5863
6962
4608
3672
6996
6988
6987
4332
7332
2916
1764
1024
2500
1053
5733
8974
1974
3334
3338
8836
5776
5618
6050
3630
4320
3595
3524
2777
2217
1515
2516
3338
2338
8684
8687
7332
8332
1080
7680
6334
4330
1369
9025
6338
7330
4318
4618
4469
2678
5550
3552
2048
3200
2116
1089
6358
4950
4779
7139
1638
2529
4664
1166
1811
4811
9063
9602
2500
7744
1604
3704
6050
7938
4236
6636
2107
5203
6047
6309
4046
3584
6907
6018
6498
2450
5472
7126
6311
3313
8654
8624
4332
2330
2560
6250
6184
6934
3849
8790
9798
3798
2864
6444
3174
5046
7036
8846
9332
9552
2881
5725
2499
1275
2330
8330
5885
1893
1308
5232
7656
7456
9147
1749
3168
7128
8686
8286
1600
3481
8827
5578
5168
3166
7296
4104
5888
7452
3045
2062
1883
1892
3252
3652
6422
8550
3225
1161
1694
2366
9504
2376
6332
2336
2048
5832
5152
1288
3966
1928
3847
5566
9952
5598
1334
1332
4840
2250
5692
6092
1891
4818
5775
2079
5000
8978
3175
6223
3276
5275
6370
4330
1102
9918
5638
5739
1444
5776
1629
4662
2584
8513
8567
5784
7334
8334
9788
4792
7351
8035
6009
3459
7604
7804
3650
4073
5950
5940
4068
4862
1109
5107
8332
6336
7502
6200
2570
5766
6480
5780
5123
5223
7332
2330
2525
6235
3826
6526
1313
1607
8475
4866
3476
3444
4950
5632
6336
1100
6728
4418
4489
1681
2267
2664
9081
4765
3834
1704
4334
5336
6021
2721
2025
8836
2888
8712
5334
7338
8007
9907
8452
5473
1536
8664
8332
4330
4336
5330
6640
4660
7550
7525
8338
4332
1111
4893
8801
5804
1742
1797
1058
1682
9558
7552
3546
5913
3136
5476
4590
4875
4356
3600
7624
7614
1058
4608
1286
1097
9216
1225
4267
6267
6547
4765
6760
7290
2304
4096
1008
3388
3719
5555
3938
5935
6338
4332
3675
1323
7267
9675
4761
2116
3610
8410
7744
2601
8642
7342
9366
7272
4096
4356
6380
7910
8334
3332
4225
5041
6336
5334
4924
9614
7658
7708
4553
4552
7072
3978
8712
8978
3452
8338
1296
2116
6307
6348
6336
8332
2145
2901
1369
3600
4704
5400
6084
4096
1916
7664
4800
6321
2304
3600
1332
2332
3025
4761
1296
4761
1336
8330
5426
2753
4590
4254
1764
5776
4332
2336
8653
6043
9288
1032
3298
3596
4096
6724
1800
7800
1480
3330
2894
4894
5000
2592
8165
5435
4803
2103
5043
1323
7416
6796
5376
8400
2795
2615
5673
9183
4624
9216
4050
1250
4829
4899
7345
4642
7744
1849
7942
6358
3336
8332
3364
9801
7644
2496
2024
2644
2836
8533
1936
1089
9457
3985
8795
8193
9907
2689
6363
7429
2000
8000
9541
4456
5330
2336
2309
5450
1620
9680
7538
9533
8334
2336
4225
7921
3627
6143
4975
4951
9402
9288
2232
6332
5379
5370
9690
9696
5290
6250
3438
6112
1102
1441
5525
5848
7376
7776
4336
7334
4698
7018
5408
4232
4376
9376
3448
3438
6355
1355
6033
3791
4469
4419
6728
2592
4965
4320
8336
7338
2645
6125
3542
6542
8040
2010
9713
8737
4334
8336
3971
4851
2338
3332
2744
9464
3508
3618
4052
4151
5476
3600
1330
9332
7090
7434
9146
8172
2880
1620
1156
1444
8470
1750
9261
4725
8758
8756
1557
4325
1652
6785
3768
8478
6288
6251
5375
5274
8329
6015
6568
5961
6065
9440
2427
2127
2334
3338
5831
3201
6015
6990
2720
1530
3969
4624
7744
5929
1296
1444
1110
9990
9450
1512
1459
8047
6046
6956
8428
6192
7203
9075
3336
4330
1332
8332
4848
9366
5098
5298
6208
1213
5688
2528
2557
6823
8999
3697
5833
7093
8562
3562
2090
2990
2592
6272
3712
4698
3721
5929
6332
5330
8464
1369
4619
6464
7396
6724
9244
5248
5063
3038
9973
1576
7906
7246
3721
3025
9522
6498
4205
6125
4338
2338
2244
6060
3800
3078
8251
9214
7174
7478
8036
2843
6980
5890
9455
9420
1089
7569
4282
8222
9153
2825
9334
4338
9559
2552
3285
9125
6895
8026
9830
3449
6889
5329
3332
7332
7220
2880
4617
4613
9802
8352
3025
9409
7942
2200
1196
1198
3249
2025
2769
9369
9897
7897
7336
2338
7974
8124
9536
4836
4964
4974
6280
7052
6446
3434
7569
5776
9398
9815
3153
3953
2771
7471
4343
7593
9216
8100
8912
8962
3300
6468
5066
5063
6877
7245
1548
2752
8344
4456
2332
8330
6875
1331
9330
1332
6285
9516
9338
3338
1330
1332
9216
4624
9334
3332
1506
5591
7236
8255
3101
3131
5780
5120
6298
6730
2209
9801
4000
1440
3840
3845
8445
7167
3039
3539
7051
5354
7902
7822
6728
7200
5216
3975
3821
3801
1854
1154
8464
7569
2401
1681
8448
1863
1216
4864
6627
3675
5684
2900
6895
2626
5547
5147
1660
7692
5334
7330
5056
1264
3240
1210
7744
6561
2792
3917
3538
3537
8007
8163
4800
2700
1753
4831
6528
1632
7474
6868
1993
1941
2166
7350
5880
1920
7650
2754
8114
7124
9878
9858
4624
2304
7043
8383
4734
4730
9916
9746
9449
5252
7332
6338
5885
8439
6498
1922
2574
4576
6309
9292
3146
3744
8405
1125
5184
1681
2953
9953
3721
7225
2861
2661
2350
4606
7232
4068
6134
4435
8597
5197
7744
1936
3719
9467
8383
8545
6280
4518
7056
8836
6936
1536
7744
5625
4237
9204
4489
1521
5832
1682
6100
3904
1027
1029
4210
4200
5688
7188
3364
7921
2738
1800
2305
2369
4444
9164
9331
9630
4332
1336
2943
6946
4022
5252
4338
9338
9409
8100
5684
9396
2781
2701
4336
1334
2650
5194
6334
4334
2330
2338
8214
2646
3930
3230
4374
1350
7535
9731
1243
2733
5674
2451
1809
5885
2951
6557
3336
3332
4624
7056
5030
1012
1121
1254
6330
6310
2998
2419
1344
2100
3338
5332
2088
8528
9454
9841
2763
5638
1764
2916
9841
9347
9561
9160
2112
8365
2694
1893
1118
1675
9376
2344
7056
2916
1408
2200
4232
1568
7800
9438
7744
3025
6283
2296
2048
3362
2100
8400
5334
4338
3200
9522
7511
8033
2209
6561
4509
3580
9375
2855
1442
1342
8031
8032
1936
1764
1248
1950
3250
3210
4332
5808
5362
7795
1210
7840
9666
9166
4489
6889
8071
8079
3600
5625
9334
6332
6603
6671
8768
8763
6336
3336
5400
8664
8836
4900
1215
9210
9280
2320
4048
8134
8281
3844
9141
9161
4730
6730
1682
2738
6434
6430
3968
3334
1124
9824
1338
2336
7168
3388
3618
3816
5929
8649
1296
1368
9338
2338
5142
3241
2950
4248
8300
1328
4572
6978
1454
1453
9747
8427
9830
9632
2560
8410
7058
7158
6170
3654
7356
9676
2025
9025
6400
2809
8026
1120
5338
7336
2704
6724
7744
2500
7396
4900
1024
7396
7774
5566
1272
4250
7974
4971
4961
3321
6437
1423
3025
2704
6534
8214
9330
7334
7883
9373
6590
4090
7238
7823
1734
4704
5234
2736
5482
4688
4456
4281
5401
5571
7943
7083
3703
2527
5041
2209
7257
1954
7220
3380
3100
7936
8469
8418
2048
7442
7770
3770
5555
3984
4225
3969
8464
1849
6962
3872
2238
2332
3334
1330
1064
6650
6012
2672
1225
5041
6930
2290
8332
8334
3362
3698
4900
7569
1369
6241
5760
5290
6714
2984
3108
3248
3636
9274
8638
8696
2500
2401
4364
4340
5046
3174
2502
1112
8946
6946
5122
5612
9707
2707
2083
8113
3136
4900
5476
7396
3138
2938
8836
2116
3942
6832
2332
7334
8509
8759
9373
3373
5248
2050
6534
7776
6574
8558
8680
8183
6850
2466
7336
5330
2828
3544
5202
2048
2873
1744
2588
2288
7336
5336
8592
1552
8298
2198
3223
7997
1568
3200
7225
5625
7103
5723
4334
5330
5878
9078
3872
1458
9075
7203
4050
7938
5476
1600
1810
2960
8894
9894
6075
6627
5930
6263
6912
3072
8352
4698
6338
4334
6264
2880
8192
1352
7791
3975
3584
8750
2439
6516
3850
7546
1532
6128
8472
2118
5000
1458
1681
4489
1221
7658
9432
1048
9868
9968
4330
9334
6000
3840
4865
2555
4489
7569
2601
4225
1764
5041
8350
9853
4691
8008
4997
4760
1089
7056
1835
1435
6244
2275
9181
9191
3334
5062
5605
3375
2952
5248
5041
2704
5450
1962
3809
7359
4704
1536
6334
8334
1018
9162
5556
5551
8338
5330
8961
5165
8731
3457
8558
5591
5184
7396
3000
7680
9800
2592
3250
6152
9033
5505
5133
5313
7744
6084
1922
5832
1440
3240
7505
7548
3322
3052
8864
2216
2888
9522
5511
3090
2432
3432
1314
2336
5776
5476
2750
2350
7431
8426
6567
8217
1946
1956
5694
5820
2336
3330
2809
6889
9270
1030
5670
4480
7176
8193
9586
7768
4050
3200
1614
6614
5812
4512
6936
6534
5580
9920
1575
3703
2158
6226
3562
2534
6334
8338
2023
3703
5043
9075
8505
8255
4129
1139
2818
2428
5112
6958
4761
9025
7588
7939
7744
1089
5668
4468
5787
9684
4375
3087
8332
7334
6442
2185
6334
8332
1225
3249
5334
4334
2793
6897
7338
2332
9901
1901
4867
5569
5888
2300
8503
2743
3844
9604
6820
9223
1332
7330
3474
6176
9810
3708
1681
8100
7744
7921
9454
7528
9330
5334
8274
8938
1332
9472
2744
3584
9023
9223
4802
1458
8959
9959
3969
2116
8338
3334
5151
6271
9248
1922
4356
2209
6146
3146
6724
1600
3342
7492
3250
7429
9584
9926
3114
1384
8960
1260
3078
3800
4530
7731
4650
4654
8712
1682
4761
7921
4802
6272
6292
5200
7744
7056
4117
4702
2209
2304
4638
4698
6278
3872
2180
4810
4760
1646
6138
3591
5632
1078
4446
1976
2401
1369
3850
5544
4489
1024
9332
9330
2401
1849
3364
7744
1681
1936
2960
8710
5655
6255
7396
5329
3443
2626
3519
3447
1046
1446
7139
4779
9029
9279
4123
4126
2765
2365
9096
2274
4659
8289
9025
6561
4356
9216
9522
4418
1330
1338
5130
5138
2042
2047
1359
7399
7108
2207
9048
8031
6379
6959
3925
7693
1520
6080
7944
1986
5547
7203
8332
5334
7396
7056
9531
3681
4356
2500
6996
3865
5608
2666
5700
3648
7027
7023
2400
3750
6590
4390
8836
4096
3838
9292
3393
6493
1125
2205
9784
9988
6794
5106
1524
6208
9134
9204
1128
2538
8996
8701
6879
6679
8954
8257
1571
1157
1381
5381
2002
8008
2088
4698
6338
7336
3969
2500
8982
8542
6734
5906
8778
6529
2126
2108
8428
1548
1350
2904
1304
5216
7336
9336
1312
5248
2736
2680
9880
8985
1742
8051
4338
4332
3324
8190
2992
6556
9100
5824
6936
9600
8273
6060
2116
3721
5760
6760
3336
1334
4495
7495
5334
9336
8544
3593
7096
9006
6561
1225
6969
2332
6799
3791
9433
9028
9248
5618
7008
3942
4176
1044
8070
2177
7950
1272
8177
9644
3174
9126
6290
2663
1521
2401
1895
1860
2354
2134
1492
1092
9478
8476
4225
9025
2160
1500
3402
4200
2704
3844
5471
7811
3332
6336
5748
4028
9014
1652
1584
9900
9964
9900
8512
8510
5491
8379
7334
2336
6561
3364
1336
7334
1248
3822
4624
3025
3226
9202
9683
9693
8300
1307
6528
3672
9025
2401
6334
1334
1058
5000
5766
4374
3080
6930
4105
8008
3434
6666
5283
1543
5184
9025
8450
5618
4056
1944
1849
1156
9009
9392
4545
1982
1681
9409
4858
7880
1444
3136
6334
9334
4900
2500
8836
5041
7653
7879
5332
7334
2315
5344
3330
4338
9332
5330
6336
7336
8066
7089
1184
3185
1914
7656
3557
2557
5715
7371
3213
8925
9617
4757
3201
2278
5292
1200
4180
8115
9898
9384
1817
4319
2809
6561
7744
2116
7943
1175
9708
9758
7848
6846
4761
5329
9889
6996
1900
7600
7332
4338
1432
2837
1350
1734
2253
9255
1682
4832
4334
1334
9409
1089
2338
2336
5189
9147
4736
4439
4018
1312
5338
4338
8281
5041
1225
2704
1369
4489
1338
5336
5382
3915
9780
6050
2763
9081
3721
1849
1225
7744
6410
6961
6240
6760
1625
4857
8107
5427
4368
1092
3838
9292
5041
4554
2336
7330
3968
1550
8415
9411
6073
6043
4994
5784
7977
2577
2882
2288
4069
9839
3000
6750
9981
9931
2192
8768
2785
4135
6332
9332
1744
1432
6330
9395
7501
7506
4332
5330
5408
4418
7938
4418
2435
2438
4096
2704
2754
6664
3624
8154
1230
8484
9604
3600
3775
9781
9527
4429
4290
3224
7334
8338
2520
8470
1849
5776
6464
6318
2048
5408
2346
9384
5936
2436
2048
2178
7997
3856
5075
5073
7774
2944
1927
6238
7144
4765
6138
6638
2855
2819
3208
7218
9330
2332
4049
5247
1085
3484
6032
1508
6436
8431
1920
8670
2916
9409
1205
4273
8616
6696
9225
6929
2338
3336
3488
5450
7218
5647
3483
1478
3211
2299
5041
4624
3645
4205
8290
8590
8712
4050
7034
8273
6336
1330
9433
1401
7557
4776
2312
7200
2539
2039
1338
2334
2502
4448
9330
3330
9408
6348
7509
9542
5338
2336
6885
6948
4449
5519
6336
2336
2767
9762
4622
9122
1856
9396
4327
7366
7813
3418
9216
1600
1338
4330
9393
1982
3993
5977
6876
3056
9899
9896
7925
9509
4056
3456
5041
1089
7022
5038
5382
9568
5445
1805
9800
3042
8557
8517
6640
6644
6979
7988
3042
4802
2338
9334
3549
4725
4896
5746
9680
5120
3675
8427
4624
1296
9090
4527
6689
6688
2704
4356
5717
7418
5336
2336
7954
9044
2888
1682
8770
2270
4114
9788
4309
7405
4471
9384
1323
7803
4518
4897
7843
5843
1176
1734
9312
5712
2453
3641
3567
5268
4250
6120
1519
6975
7892
9368
9904
9993
9338
3336
5338
7330
8114
8110
6408
3408
5338
5332
3618
6033
4900
5184
1336
6334
4550
2912
1013
9117
5728
8950
4336
6330
4203
5213
8283
4584
1423
3063
9182
6253
4338
1334
7532
4238
1083
2883
9350
5984
5910
3912
4384
1096
9041
5011
5267
9289
9025
3249
1334
4330
5407
5507
1772
1992
1369
6889
1980
3520
5885
1863
5000
8192
3136
9025
8549
8648
4428
5823
7144
1863
2023
5103
5625
5764
7208
7263
9875
8075
3136
1764
7334
7336
8410
6250
9151
4048
5184
3249
3609
9274
6600
6659
3969
1681
5776
4624
5408
6962
3267
3675
4770
8480
3721
8281
3276
6238
1600
4761
3181
2218
8334
3334
9338
2334
3434
8154
1688
9455
1681
1225
3844
2916
5219
5543
1170
2173
4225
7396
3615
5315
4482
1629
8152
7189
4563
2835
3332
3336
2829
4881
2334
1338
7681
7272
7346
7946
3411
9475
2701
2824
9066
7226
8583
2523
5577
5559
1024
8281
3249
4489
2793
9633
9552
4179
4916
3016
7396
4900
1434
7447
1332
4336
7459
3427
1678
1268
1156
5776
9265
7786
6550
4192
9672
2418
1800
9248
7575
8549
4648
4638
4736
2664
5151
5159
9330
8336
5292
9408
6439
6039
7921
2401
8210
2612
3481
8100
3207
6705
2813
2108
6936
2904
4509
1753
3249
2809
5476
3364
8053
4303
3645
3708
7744
3249
1766
5496
7078
7178
5338
9338
8281
8867
6681
6735
5124
6675
5423
5403
4035
7133
4338
8330
4210
5580
1122
4488
7396
2304
9334
1338
7247
1964
4761
2916
9025
5476
7066
3376
6170
7685
7117
2965
1103
9927
2018
2074
5398
5198
4500
7220
4875
9555
3750
1734
2352
3072
8594
8282
8332
1338
4458
2458
3336
6338
3698
5202
8163
7227
1169
4169
8095
8750
1156
2116
9324
4144
2027
2507
2332
4338
8281
9604
8985
8895
7878
8109
9440
9450
7200
1568
8993
7993
3332
2336
2300
7452
5776
9409
8704
4896
4332
5334
1944
4056
7355
6095
7921
4761
3138
6168
5733
5517
8501
2101
7382
9384
1074
9045
8482
7470
6332
7338
9400
7614
9802
2842
4572
6354
9041
6008
1520
4530
3193
4783
6176
9650
8464
2401
8080
1000
5482
5542
3159
3492
9607
3829
1584
5324
3600
2704
3844
1764
6986
1346
5373
5015
1215
2535
7117
8017
1568
3042
2883
2187
2388
9552
7744
2304
3351
7135
3481
3025
7938
1568
2178
6498
3528
1682
8112
1200
2754
1666
4374
8214
4331
4531
7549
7784
9490
2240
6900
9936
6161
1607
8789
8749
6889
4489
8370
3720
7569
9801
8330
3330
7241
4802
8779
2179
1468
5872
6057
5625
1844
7376
2334
2330
1911
4817
2610
1251
9334
4336
1447
3427
5888
4508
5822
5265
3600
3136
8540
8940
4527
6886
2080
4680
4163
1940
4374
4704
4191
4132
1332
5338
5499
5493
8389
7719
7203
1875
2473
7306
7336
3332
3273
8253
4056
2646
8659
5894
8064
8750
7744
4096
6724
4096
9245
4805
3969
3136
3794
3974
6482
6882
6338
8338
2016
5600
1976
1875
1650
2253
3334
3336
4224
1650
1341
8302
1845
1545
7245
1557
5076
2256
9899
9591
7842
9244
2652
2635
8756
6957
6969
2608
6804
3024
2370
1920
3077
9000
4123
4033
6166
8524
8464
5476
2304
1369
5461
9701
1156
1936
9917
2017
5586
1824
5059
1477
2304
8836
8192
1458
6728
2312
1764
5184
6028
6226
5334
8336
9800
2178
7600
9196
3600
1296
4900
5929
7396
8281
8336
6336
8897
8490
5390
7040
8152
8042
2156
6336
7135
4453
7045
7153
4338
1338
3338
6336
9330
5338
4746
7464
9677
7670
2101
4171
7695
6669
9334
6334
7608
5475
5336
1338
3675
2885
1754
2734
1432
4432
1152
1568
6336
3332
6758
1937
3481
5625
5329
5476
7744
1600
2461
8410
2390
2739
6241
9604
8281
2500
4994
1955
6468
1188
3563
8569
3954
3821
8160
4083
3338
9336
1944
3456
9816
2454
4900
1369
3840
1338
6963
6931
2208
1242
3169
6169
4976
6639
1936
4096
9247
7795
1035
9315
3140
1551
7190
5435
1800
7938
6809
9338
1182
6600
8630
4391
6139
9424
9344
2336
1336
3338
5330
8336
2922
1950
6084
3844
3713
3410
3375
1215
7548
7575
6962
8712
7648
7698
8493
4471
4336
3334
6976
1744
3844
7056
8228
3332
4630
1507
7828
7820
4046
3150
4000
6250
1454
5464
8653
8053
1221
9238
1083
9747
1343
1573
1058
4050
8074
1576
5472
3800
9200
5888
2466
4384
1911
4211
4783
6795
1851
9851
6419
5210
3847
3119
1334
2334
2770
2574
7364
7474
6294
6163
8192
2450
9456
2364
4205
2205
5415
4335
5336
7338
2358
7058
2312
3042
6334
3334
1397
1494
4096
5625
5032
8282
1549
1844
2432
8550
4096
3721
5928
1482
8059
5019
1352
1458
1994
5837
2116
3600
2732
2781
6826
2398
2214
8856
4105
7254
9025
9216
8731
8282
8336
2332
2704
6241
1155
5675
5977
4004
2819
9159
3402
7098
5535
5974
1252
5242
1694
9954
3150
2744
6776
4114
3600
4096
4412
2081
4791
8625
3426
2157
1550
3038
6479
5858
9191
6491
7203
8427
9079
2079
7744
9025
2584
1468
7921
1369
2500
6400
5476
6400
4418
7938
4253
3280
5840
8849
4976
6776
9001
9231
6870
5682
6207
6800
7744
8464
9409
2401
2200
1782
8161
6031
8890
9520
5560
2626
8653
4653
4126
6528
5547
8427
9940
3993
5986
5445
5540
4660
5338
1334
2384
7154
3474
9650
3844
8100
9270
4120
7887
1836
6334
1332
6380
9380
3609
3883
6860
4466
4332
3334
1225
4761
9449
1524
1548
4300
8776
8086
4941
2989
1350
9600
6147
4197
2747
4747
3217
9167
7976
7202
5041
9409
1536
1734
3330
2334
3332
6330
9449
7052
2819
2709
5336
4330
4510
4549
2116
5625
9332
9334
2972
3953
8334
9338
1922
3872
6979
1473
3720
3660
7108
9393
7225
1089
9146
2635
3969
5184
9522
8978
2950
1062
2144
3350
1320
5280
1836
7180
7396
1444
5427
8107
9330
4332
7569
5041
4885
4822
7744
4225
6712
1678
6889
2809
6297
8297
6468
4752
7744
5184
3429
9525
1849
3481
1912
4315
3295
3695
4598
2432
5141
5377
2156
2816
9409
1681
9009
4009
1998
3552
6462
4680
2736
9196
2083
2023
6588
2928
5364
5938
2304
6724
1179
3275
3424
1926
9843
9805
1444
1681
7200
1058
6785
8109
3174
3456
4839
6198
1670
1230
5224
1516
6724
4624
9336
9338
2144
1206
5777
6747
2809
6241
1336
4338
1340
2424
3332
8336
6724
1764
9000
5760
2990
3990
1575
8575
9061
1040
1024
5184
4320
1370
1493
5493
3969
1849
4356
1225
1156
9604
8836
1156
4657
4557
4719
9318
9332
6338
1210
7290
1964
7856
7816
7223
7274
1766
3760
8460
1567
4597
4068
4168
7816
1954
4330
4033
5728
1432
4725
4325
7759
7279
6930
3080
2048
3872
5973
1974
6923
4745
1174
3174
1458
5202
7043
4480
5766
5046
4761
8464
3353
4280
9801
8100
5929
6561
1600
5329
6357
8350
4724
4954
4332
1728
1834
1987
6330
9332
4716
7217
4068
4058
3042
1800
3672
1634
7069
5069
6084
3481
8771
4475
2451
4994
2592
9522
1334
8332
8277
4617
7744
3721
1450
5800
1332
2330
6772
1849
4232
2048
4343
3719
2506
6086
1250
6050
4867
2867
7766
4766
8454
8457
7428
7522
5334
9332
1407
1409
8388
9348
5237
4297
4370
6390
4608
3872
9604
1369
5041
3342
7218
7245
9144
2286
8281
4624
9472
1332
4509
3003
2765
2785
9882
7808
9150
1464
6400
4900
6696
3696
9409
2809
8932
8332
4125
8085
8543
1551
2198
8528
5248
6642
3818
5582
2116
2500
2849
2079
4958
1988
7153
2415
2103
2552
9337
9607
1849
8281
1764
1444
1307
2605
1296
8836
3332
5330
5868
6188
3362
2048
8264
5353
5748
8879
6084
5476
5118
2010
8623
8523
6889
7225
2468
9872
2206
8824
5212
3752
5329
4761
5381
5930
8383
3984
9423
5823
1330
1339
4766
4764
7128
8800
9900
1584
3332
4332
9408
7500
9582
9782
1338
3332
4761
4900
1800
7442
7949
5840
7396
6561
4520
8518
3012
7438
2334
2004
3362
8192
3757
7687
5428
5628
8338
7330
1690
1210
4782
7842
6036
1196
6455
6419
9336
7338
6363
5894
4100
5904
6526
5346
1006
4024
4320
1080
1952
1098
2463
2491
2972
6949
5019
5419
1865
2045
7330
2338
8359
7468
1338
5332
8312
8362
2205
4805
3364
1936
6891
9429
4056
7350
4088
1022
8836
7056
6084
1369
6728
8978
4294
4515
2342
4345
7338
2338
4554
8096
5100
7344
9851
9858
9052
4011
6889
8281
8273
9247
2560
1960
8330
4332
5117
5119
8182
8042
4260
2323
4825
2818
9025
3481
4068
8370
9568
5382
5046
2166
1336
4332
5184
6400
2116
1764
1806
2706
4840
5290
4761
6084
8318
4118
5435
4585
7407
7427
2601
3600
8431
4431
1156
2704
9957
9417
9336
5330
7880
7630
3249
5184
1023
5003
2205
7605
9803
9303
2805
8025
3338
5330
6084
2601
9555
9513
4205
8405
6465
6463
1083
6075
5832
4802
3334
7330
7281
7209
7330
8336
5560
2560
5832
3200
3578
2778
4225
3249
8019
3179
1338
3336
7500
2352
3998
6138
6226
6244
6776
9464
6107
3847
2325
7533
2025
2116
2116
2304
7336
4332
5043
1083
9025
7225
3993
9533
5939
5738
1415
3855
8649
7225
6246
2776
4243
4702
2398
2348
4842
2152
6794
6944
9278
3271
3200
2888
2116
3136
7649
1753
2268
1008
2205
1445
9032
9034
6852
6802
3747
5763
1341
3725
2442
2482
1260
8960
6343
6613
7921
6724
7296
7728
3525
1269
3491
4419
6617
7274
5776
1681
7336
8336
9653
2453
3199
3779
9025
2809
7335
9315
7896
6318
6334
8336
3957
1744
7332
6330
8224
1674
9604
7225
2330
9330
7513
7941
9261
9259
5674
8620
4410
3610
6334
1336
9288
2322
6771
6399
5041
3737
4352
2642
2057
2686
7126
1414
4698
8352
2088
8352
1330
9338
5332
3338
3333
7108
1312
2050
9147
9843
2238
2645
1522
6088
4808
1202
7330
2332
1585
9982
8253
8823
5016
3126
8154
3624
9332
3338
8450
1250
3315
3966
4330
5334
1072
4288
8343
2575
8330
2330
8439
2729
2870
2860
7915
8725
5452
8440
6719
6709
8000
2880
4114
3400
1368
9728
9467
2204
2671
9191
1083
8289
2334
7330
8164
8067
1017
9153
4768
2278
7744
3844
2975
9639
4370
2415
8695
2612
6813
6922
2025
6561
9797
9738
7338
9336
9240
1740
7330
7830
1220
1270
8080
6996
8374
4509
5202
3200
6996
3315
3728
8080
4149
7109
5724
2544
4312
1782
4221
4421
1596
6384
2898
2199
7338
3338
7569
1225
9104
9500
6951
6676
3862
4456
6576
1644
4374
1734
8376
2836
6564
6069
7744
9409
2025
3249
1024
6084
6334
6332
4330
7338
1937
1927
1860
1866
4900
9216
6561
4761
8491
6754
2408
2417
7938
1058
1800
4802
1584
4400
6885
6875
4336
8334
8332
6332
8664
9600
2826
5024
7213
7212
5041
3721
1014
6936
7656
1914
4335
6615
8332
8338
8281
6241
5523
7404
8959
1959
2987
9985
7685
8071
1688
3798
8124
5532
1378
5512
6587
6704
4467
3675
4669
1615
4704
7350
7744
2704
7912
3970
1332
3334
1568
9248
7776
6534
3136
5776
6498
1800
8723
8563
2500
5776
9386
2600
2763
7675
7225
9025
4350
2784
7777
4040
6382
3772
1332
5332
7537
7422
4651
4617
3146
1146
5151
9348
9330
8330
6272
1682
4851
8019
8649
5329
2548
4548
4731
4737
6630
6735
5625
3844
1936
6433
9409
6084
1332
6334
7108
1863
4107
2883
8586
3816
3582
6582
1064
9576
5900
4911
7744
5476
9216
8464
9792
9876
7372
4582
6941
6981
1338
6330
1432
2170
5625
1849
7406
3584
3792
9165
8281
2209
1080
1470
1458
9248
2704
1296
2590
2500
3626
5994
1104
6900
1352
3698
2336
3332
6054
5002
7938
6498
4580
7270
4900
2025
7320
7915
5766
2166
8192
5408
6498
5202
7744
8836
4332
4338
1089
4356
5988
4087
5184
6724
1334
5330
3698
4608
1734
5046
8461
8398
2116
1225
6876
8726
6450
2322
2511
2316
1584
7436
9362
9392
9336
2334
4691
6767
1566
1562
9589
9402
4375
5887
3580
5142
7744
1296
5632
8635
8932
9532
3096
8600
1262
8021
9248
2738
5330
7334
8383
6547
4418
9522
4336
1336
8740
8840
9586
9572
5508
1088
7178
7558
2334
3336
2484
1104
3359
3659
6241
2809
3907
3982
3061
6181
3338
7334
3141
7101
8145
8543
2852
8838
1400
1730
6752
3798
5216
2934
5317
3223
6359
6302
3939
4765
5600
1400
2330
7332
3609
6170
6241
7921
2688
5082
8082
5034
4394
2106
3334
4330
3775
7399
9375
3113
8336
3334
2704
1681
3936
8856
2601
3025
4581
3948
4408
1322
9850
9350
1936
5329
6075
4107
8649
2209
4698
5800
1536
2646
2150
4214
2208
4968
7396
9409
6241
9025
3330
9338
5929
2601
9326
7562
3560
8010
5336
4332
5876
5826
6272
5832
6113
7517
2194
6944
2304
8100
5647
4426
2823
3013
3136
3364
7165
8165
4232
8712
2330
2332
8332
4334
4317
4387
4418
7200
2943
2683
4356
1296
8383
8044
8086
1036
2940
2970
1603
1935
5618
2312
5515
5615
7744
7744
5789
5774
5472
6271
6390
7263
8026
4673
3844
5329
8918
8961
3461
1854
1187
5156
5247
1257
9245
2645
9803
9053
9336
5338
8336
7334
5332
6334
5690
8620
6857
5669
2338
7338
1198
1882
6842
4295
7442
7200
6868
2763
7744
3600
6241
1936
2011
2881
5726
1973
8405
8162
6780
6785
7338
9330
3726
4600
4291
4391
4852
4247
9245
9644
3884
3821
2589
2536
1203
8549
6093
6543
5154
5350
8360
7703
2475
1331
8332
6330
2300
1472
2790
2720
2304
1849
7804
7851
4332
1332
6338
9425
2436
9744
1058
7554
2947
2247
3006
8046
5334
6332
7162
3737
5136
5138
7332
5336
4376
1094
5334
6334
1960
5760
2653
2693
6612
2571
4078
4070
1444
2116
8748
9408
1822
4180
4050
3872
7863
3873
6648
1726
2145
2545
4643
7363
7938
5202
9460
9660
4783
7667
7229
7963
7644
5616
1845
1230
8338
2338
8748
5808
9170
9113
4164
4179
5132
1331
2772
1232
7338
7336
1338
1330
4563
6627
9541
8141
6050
1800
4608
2888
2484
6900
2199
2191
1085
1595
1558
1258
7396
5776
1734
9134
4848
4958
5043
9747
1356
5424
5766
4056
5596
5366
3364
3136
5910
5510
6156
1216
7034
6464
8889
8549
4336
5334
1667
6617
8378
7338
3136
7396
5009
3146
4176
9396
2500
6400
5476
4356
6149
6148
2096
7073
6473
6173
1024
9604
5330
2334
8108
7098
3759
2679
1623
1638
2032
8128
9251
8019
1250
3528
4805
1805
7525
9424
8127
8677
1395
7595
3364
6561
2735
2044
7043
9793
1414
8329
4334
9336
1230
1001
1805
4205
8464
1764
3602
3952
7744
1681
3338
8334
7396
3844
1655
1540
3528
8978
1108
4432
4232
9248
5028
4627
1014
4374
6619
5719
4502
1550
1246
1546
5888
3312
2568
5778
5670
8470
5880
1080
3921
3462
7744
2916
3982
3912
2560
2890
2334
7334
4507
7045
6077
6851
6565
3645
5396
3098
9567
1527
4914
5850
3458
3465
9386
3146
8156
1829
5336
2334
1238
4952
5819
1331
6193
6931
5329
2209
8072
8971
5070
6750
5454
9063
2022
2908
4667
4137
1849
4900
4682
2635
1700
9792
9330
5330
5590
6571
4446
9446
9409
8464
2727
8897
9409
5625
3975
3645
1336
1334
3330
3338
3646
3614
1322
3003
2500
6724
2904
1536
7330
9332
4900
6905
4950
1408
9800
6962
7744
4900
5329
2209
6592
1973
9882
5978
8658
8652
9467
2727
3888
9408
8748
8740
2023
4375
3961
4654
2980
8047
4312
7128
6657
6271
7330
7338
9187
8148
8192
4802
6644
6344
9016
4600
1816
8266
1077
9693
2489
5689
7589
8980
1600
1936
1504
6016
6735
9147
2330
6336
4778
4770
1936
1296
2086
8344
7223
3429
3993
2673
9852
9824
3969
5476
9610
9650
6642
2952
8390
8741
8374
9643
1338
8332
5184
4900
7776
1734
7774
6624
1495
4595
7527
9444
4450
6408
9604
1764
9238
9559
1652
4040
9645
5645
5795
5734
7456
5959
6708
6798
3072
1728
6561
1849
1942
4943
5265
1625
1444
3844
9666
6366
9126
3456
4554
8796
1338
4332
2113
8176
8004
3063
4624
6400
6320
1020
9338
8330
4600
1150
1338
9334
2592
1458
2574
1144
9855
1595
7552
1888
5194
1696
7263
4691
2980
5590
5476
4225
1329
2722
2768
6228
9801
3721
6048
4200
7245
3407
3516
7422
8672
8343
1809
8374
2701
5707
1734
3456
1120
5977
2209
4096
1632
3672
4824
8576
7200
4800
9014
9443
6912
5808
5200
2560
3857
4847
4242
4509
5257
5753
4332
8336
4664
4660
1322
1607
2330
4334
1450
9889
7158
7188
9620
9440
2338
7332
6760
4000
1334
1338
7517
7627
5809
4747
5929
6724
3410
3413
1681
4225
5106
8000
9336
9332
4663
8651
4509
5454
4518
6482
2400
4056
5400
4056
5120
3380
3936
2214
9215
2483
9818
9907
3943
3746
3600
4096
4194
7456
1757
4079
8349
8149
2720
6120
9336
1338
3580
6033
9205
9206
1809
9274
4122
4112
1155
2280
3330
9334
8621
2087
8407
8007
1369
4900
3072
8748
1664
1464
4826
4817
5897
5898
7227
1607
1700
8705
6408
6345
1540
1140
3136
1521
9531
1534
2336
4336
2534
7549
9330
2334
6334
6338
3412
3462
4875
1340
3844
4900
2898
4398
9666
9862
9708
5946
9792
6800
7492
3360
1440
6760
7980
8358
9140
8105
3380
1280
4884
6776
7616
7797
9788
9082
5537
5579
2818
2437
5408
4050
5910
3426
3459
1767
3336
6336
7791
1431
9336
8334
7744
2209
9000
4000
2442
1616
4131
4135
3096
8064
4624
1936
4739
3538
8281
6889
4774
9669
4256
2394
9458
9348
1764
7396
5418
7786
4197
6681
6920
7451
4225
4624
4446
4440
4405
8301
2154
8616
3785
3788
6512
1628
3423
3159
8570
5384
2332
3332
6569
8569
7334
6332
5577
7425
5472
6422
1444
2500
2231
2251
2551
4621
8766
3896
4356
6400
6932
9083
2332
6330
1040
2340
8989
8889
5858
4985
1667
1785
1304
2934
9409
3249
9075
1875
5031
5220
6889
1225
4352
4646
3601
3681
2016
6776
9115
9795
6874
7882
7275
9275
5334
4357
9063
4509
5536
8650
7744
5041
3948
1560
7502
3968
7921
3481
8836
9025
7507
7497
4332
1338
7422
4522
5825
2097
7098
2688
4567
7519
7703
7764
1332
2338
4045
6403
6692
1590
2800
2268
6561
5929
1992
8992
4841
2211
8968
1058
8500
3060
9025
5929
2859
6439
9330
2336
7496
2194
1330
4332
6650
1064
8968
2242
3195
8390
6655
4602
6292
4212
8332
4338
9604
6241
2130
4132
9158
2795
2792
8390
7688
2888
7921
1296
2916
5041
6241
2500
7512
1878
9585
1065
3258
1448
3703
7623
4761
7225
5676
5176
5069
5676
5904
4100
7744
7225
8778
5692
7754
9755
2690
1565
8610
9912
7460
7843
2048
3528
2680
4291
2420
1280
6743
4743
1449
1469
9025
7569
7569
8100
3119
3117
8219
6363
1347
3157
5184
2916
9394
9399
7344
3264
4984
6804
5719
1710
7744
3364
6936
3456
5338
1338
2330
3338
7744
2809
4712
2751
5890
4494
5625
4900
4415
4712
2864
4619
4330
6334
9808
2452
6647
3887
8468
3465
5418
2781
7855
7324
2058
1512
4646
5032
1800
8450
2294
9176
9628
9720
7290
1210
8224
2029
4022
7997
4332
1200
6096
6380
2695
1375
7800
1950
3675
6075
9669
7667
7258
3739
1549
4636
2336
4334
4672
4677
9999
6271
5335
4967
5534
1134
6336
3241
4618
4611
1568
9522
5470
5474
9559
1975
7744
6889
4332
3468
2543
7539
1960
9000
2704
1156
4293
6552
9221
8312
5184
2500
4774
9346
3350
3340
5858
6217
3481
5476
8567
6538
3099
9156
7475
7473
1652
2680
4336
9338
3807
1175
8800
3718
1587
8427
7672
1918
8550
3078
6561
9409
1170
3250
3338
1334
7744
1225
3334
6330
1141
1248
2704
7056
1070
9630
5041
5329
5022
8022
2049
8214
1771
5005
7790
5738
4891
4091
7743
7722
3249
3721
2465
2573
2412
6700
8774
2717
6482
2103
7319
8071
4554
5115
2286
2916
7190
2564
8100
8281
1884
8864
4330
2334
1500
1537
7443
1935
6332
8330
2209
3025
6596
6106
1521
5625
9800
6498
2916
7056
4089
3693
3548
6341
4968
5984
7629
7669
5041
1849
2980
2880
7332
2338
7463
7467
8879
1322
9900
4400
4975
9975
4448
1112
1060
7088
9339
8080
3856
9348
6962
3362
5674
7438
8253
7128
9248
4050
4677
8683
6565
9090
4834
3880
5577
4956
6666
8237
4563
6437
5207
3122
5439
6738
5445
1445
4351
4361
2523
7803
8100
1444
1715
5915
1087
1078
5971
6547
5481
7997
2350
3672
9604
2116
8846
5597
2575
2533
8708
8728
6292
1872
3330
9336
4872
1218
3418
3068
5344
9384
1035
2875
4947
5945
7744
2025
1074
3570
4500
2000
5000
2312
8100
1936
9145
9155
3844
8100
6724
6241
2601
2025
9801
4096
3439
2137
4123
5380
7209
7942
4394
3146
3040
3050
4334
3332
7660
4528
9687
3654
4590
7650
9801
5929
4200
1050
2500
3249
4802
7688
1583
1523
2772
4928
1107
9963
7772
2702
8124
8799
1112
7190
3863
5863
3453
3318
1250
4802
2500
2809
7744
9216
3025
1089
1800
4050
7254
9155
5041
1024
5115
7667
4175
4409
4332
4330
7334
1338
8874
8944
8924
4487
5607
1539
3546
6304
8614
2694
2453
5434
3406
3976
4512
9111
8481
2478
2704
7921
7290
1440
1647
6282
2953
5419
8406
7533
1600
1156
6080
9500
1413
7693
9307
9376
9577
5748
6050
8712
2309
6152
8044
1809
1276
4804
2354
9416
1931
4910
2932
1285
1521
7225
1338
5338
1708
8888
9338
8336
3859
3787
2057
8993
3870
4880
1058
1152
8365
7456
4031
4150
9449
4572
1814
7256
2104
8416
3969
5041
2418
2661
1727
3923
6269
8365
1540
2340
8484
2240
8464
2704
4418
1152
9036
3993
9614
1964
4932
7290
5332
8330
9801
3721
2374
9496
6819
9009
2916
5929
5929
1521
1764
2601
9248
1152
2141
4441
5984
9350
9334
2336
6338
7338
5296
1324
8902
8468
1470
3630
7001
7080
3939
3439
9094
6376
8416
8415
5559
1549
5336
8336
2837
5115
6948
1963
7225
1225
1344
8400
2116
1764
7987
7793
5334
3334
2178
1058
1338
5334
5547
2523
2425
7857
6207
5200
2564
2904
6332
8338
2550
3672
3240
1960
2601
7744
3004
3007
8514
2044
9451
7451
3443
3131
5446
5406
8100
3969
3672
4998
1629
8869
2885
7482
7869
5115
7393
4891
5103
2527
3330
5338
1734
1536
5943
3927
5133
5876
7677
5622
2466
1096
9610
6250
2209
7225
7744
1764
6538
4538
1296
9126
1932
7832
7113
2316
1725
2148
6039
7002
7575
2665
9108
4048
7334
3334
6730
5735
4802
8978
1638
8918
3332
1332
2819
8136
1156
4624
6709
6309
9470
5470
5368
1342
2338
6311
1334
8336
8428
2839
7744
6400
6058
7723
1691
1748
2025
4225
6885
6865
3872
2048
3425
1735
7542
8641
4792
6170
7520
1880
6721
3094
4624
2500
2865
2465
1423
1433
7255
7252
7145
5575
7007
8677
7639
8836
2344
5044
2761
2762
7744
5776
8088
2022
2176
3400
8548
6559
2516
4132
9518
4595
2210
8812
5615
1715
5725
5727
3645
2645
4884
2121
6028
6029
8336
4338
1225
8281
5568
3132
5015
1217
2027
2022
4556
4089
4336
8330
1280
7220
3829
3984
4408
5466
3185
7865
4952
2920
2754
8704
2709
2103
2374
2034
1225
6112
4240
9540
1704
6816
2808
5535
1369
2809
6724
1936
1014
3456
1176
2166
9216
2500
3892
3692
7921
5776
1080
5070
6330
7336
2564
7368
6143
8109
1215
5415
2601
5041
2601
7569
8200
5248
7597
6499
4807
7987
4900
1089
4684
4682
9751
9854
6173
6143
1005
1445
1806
7224
9789
9489
6319
9347
3600
3364
2304
9801
2336
2334
1606
5606
4885
4235
3136
3721
6362
6462
1089
9409
6258
5646
9332
1336
5537
6537
6208
1552
5023
2983
1521
6561
3136
5184
9251
6875
4826
8426
7875
1715
7077
8567
8424
8121
5103
3103
8344
1909
7321
2407
7073
3223
7334
5338
9330
6330
4225
6561
7737
7332
8253
2880
3136
2500
6253
2997
5234
1296
5781
2461
8575
5887
3780
1656
1200
6348
4489
2500
9352
9291
9293
9153
6318
1656
1334
8334
2330
7334
8848
8610
8787
8484
5336
3332
6702
5424
5329
2116
5412
5462
1764
3136
3508
5418
3188
5654
1090
4360
2713
6133
3994
4104
4105
4792
7921
3481
6336
4400
2259
2369
6556
6776
6410
4110
4761
3721
8437
4257
6208
3492
5850
1274
1681
4356
6942
6359
7080
1770
4338
1332
3336
9334
6015
7658
8281
3969
7517
4219
2883
1587
3285
3885
6670
2683
6144
7776
6897
1425
5332
3332
7688
4232
6144
1944
7585
9905
8246
4352
1875
4563
7545
7544
9123
6423
3362
6962
4624
3481
3881
3080
3504
3714
5290
2890
8533
6571
6735
6019
5929
1089
1150
1656
2842
7018
1886
3299
1521
3136
4233
5849
5683
7988
9621
9227
7822
7823
8712
2502
4649
4489
5739
6538
3400
2754
2240
1616
9316
9379
4551
2355
3249
6400
1450
3746
8400
6804
4840
1210
9800
3872
8836
7056
6474
9633
5696
5623
4429
4222
6016
7614
8219
9595
6030
2680
5202
1922
8595
8453
7330
5334
3214
2112
9338
1332
5483
5488
2255
2215
7746
3948
4332
7500
6155
6675
7070
7670
8100
2304
8387
7937
2275
3427
5800
8352
6336
9336
3334
2334
7296
7079
3312
3574
5332
9334
1536
7776
6724
5776
1739
1719
8824
4854
8334
8338
5512
1354
7650
4663
2304
6084
2809
1444
6042
1881
9914
9917
6330
9334
4351
7351
5208
1302
6625
2385
3267
9075
7117
3143
1962
1889
1750
7772
1872
8788
5319
5733
2048
1568
2209
5476
5334
7334
5333
5373
9479
3876
1813
6253
8650
1384
2190
9300
3572
3872
1248
6318
8408
6408
2934
8150
3334
9338
2058
3402
7047
2175
3920
2000
6174
5600
4729
8237
2325
2305
2025
6241
3159
1911
5150
3296
8017
6262
4050
3698
3528
6272
4592
4532
7097
7099
5683
2283
6727
8185
3338
6332
6554
7524
9332
7334
8349
5589
2669
3695
9326
9321
3979
3179
8304
8334
6936
9126
8347
7979
5687
1175
3744
2745
9826
2176
5696
1424
3136
3844
9936
1104
2704
4356
8048
2012
3610
4840
1245
6405
6404
1652
8136
8475
4599
6599
8334
1330
5478
1498
6050
5832
5097
3091
7736
1787
4857
3609
5884
3896
7514
6656
4356
3600
9441
9163
7569
5329
7180
7110
8704
9826
8405
5445
3721
2704
4977
9684
8541
9045
6924
4924
4352
8228
5586
4104
9483
6981
5521
7213
8843
1045
7510
3713
3312
4508
5951
5901
9348
1221
8612
2807
6272
9800
2330
2334
9025
1089
3750
6144
1367
5637
2916
6724
1695
1629
9522
5832
2819
9063
1120
5670
1764
7225
7143
7742
7744
6241
5290
5760
2259
5259
1012
1112
1024
2916
1258
5032
5669
5621
8273
7643
1152
8192
6889
8649
6238
1632
5152
5464
2778
3770
8273
8576
5476
4900
4410
5290
4096
6400
9600
1350
3700
4411
9502
9568
3450
6762
5622
5627
1772
8261
6507
7507
2330
9332
3214
7007
1852
6792
5898
5634
3636
3847
4489
1444
1873
8871
8281
7921
5046
1944
8967
4575
7575
9072
1332
3332
7625
1199
9103
5701
1152
6498
1671
1670
8673
4733
8232
4200
1623
7623
2880
4500
3481
3364
1426
5704
1805
3645
2883
5547
1176
7776
6272
5000
7093
8095
7632
3392
5760
8410
2166
6534
3443
3442
3969
1369
8808
9564
2674
2683
8213
6017
9898
1818
3638
3238
2340
4160
1824
5586
8100
6241
1034
9306
6755
7805
5050
9072
5458
7452
9971
7139
3750
6936
7056
9604
7338
2336
7336
4338
7744
3969
3433
3703
5109
5136
2334
7336
2738
5202
3600
1444
5336
1332
8062
8576
5559
5959
2827
2426
8832
8688
6038
5031
5334
7336
3627
1304
8105
6609
1764
3600
4601
5102
6996
1542
5085
1755
4489
6084
5095
6364
7338
6338
4802
4232
1912
7648
4338
9332
1834
1133
9839
4802
1081
9884
9334
5334
8950
8910
1476
4100
7744
4356
3336
8338
9243
1027
8100
2500
4036
7235
8330
7330
9334
7338
8282
8616
7281
7429
1681
5776
5904
2624
6593
9914
3844
5625
2656
5976
2846
2451
6483
8783
9338
5332
1250
8978
3703
8575
7648
1912
7988
2323
6504
1626
5408
1250
9800
1152
1251
3475
5618
6728
1736
3617
3663
1919
5400
1176
3924
1908
5929
6241
8006
3606
1791
8352
3481
3844
6776
5362
2334
7332
4489
7396
4356
1521
5216
5436
6875
4851
8851
8617
4453
7162
2304
6724
6399
3871
3784
8514
5782
4248
2097
7798
2977
2335
1175
1219
3332
2332
6437
2864
3610
3690
3336
4338
8687
3683
7744
6724
1369
4225
5329
5184
2727
2721
4428
7872
8728
2182
1860
2490
5310
5844
9991
9996
4913
6137
1849
7921
6336
2332
9334
2334
5476
5329
9934
9344
2842
4145
5517
3516
1862
6422
8649
6400
7935
4335
2601
3721
9968
7968
1840
6881
7210
3520
1190
1380
2735
2934
7000
3430
7253
6153
1922
2592
9801
1296
6150
6152
1289
2379
9330
1330
7052
3838
2144
4824
3406
3437
9392
4962
4563
7676
5537
3993
2403
2402
2582
2777
6845
7605
5565
6062
6987
3874
1105
9945
2025
1296
1936
2116
2916
6561
7056
1089
4013
1982
4355
5595
7430
2270
3452
8659
5941
5989
3874
8053
7744
1156
3721
3025
7741
6319
5476
4356
5968
3928
4334
8330
3901
4800
6557
5557
2816
9900
5894
5005
2857
6781
5775
7171
4536
7406
7950
6653
4107
9747
1099
9891
7025
2314
7776
9126
2044
2040
3719
8118
5106
3883
6338
9332
5504
1376
9866
6896
1919
2644
8593
5575
9928
2482
1863
7319
3737
4682
4614
7614
7507
7955
3339
1980
5152
8050
5832
2738
6558
8750
7178
7179
6565
3755
3847
6529
8192
9522
8244
3861
4140
6280
2341
7997
1625
4028
1772
1722
5080
1270
9000
1440
6784
5194
6565
4325
2253
2280
9375
7935
1336
4334
1875
8427
7549
7599
7330
9336
1644
7695
1620
5780
2290
2560
3338
5334
2209
3969
5874
1374
9801
1225
2156
5324
6084
5625
1237
7387
6096
1524
4336
8332
8706
1700
6372
4312
5305
3265
4509
8329
5329
2809
6850
7534
8920
1994
2704
1764
6517
7117
8330
1334
3963
6568
9856
3850
1915
8918
8064
9054
2744
6776
4338
4330
1408
8800
4336
4332
3446
6722
2590
3544
3721
2025
4296
9480
6962
4802
1140
1189
4427
9044
1334
9336
6336
7334
1448
5544
4256
9576
3580
5582
1990
9906
3838
7575
8179
6375
5887
4375
8960
5972
7319
7312
5566
6934
4426
4994
6033
6390
7330
7332
5103
9583
4738
8549
8192
3362
7012
1720
6334
9330
9255
9252
2904
1350
9826
5746
9415
9016
1764
4096
1452
4332
8118
8318
3879
3479
6338
9330
9469
9869
8330
1336
2658
2656
9109
8109
4096
9604
9216
8464
7056
4761
8119
3119
4463
4442
3330
5336
6338
1334
4489
6400
6030
6001
4591
4571
1120
7254
1585
5752
5614
5610
8671
8621
4971
4921
6156
9196
5184
8100
1554
1660
2653
4105
1600
3136
1815
5415
7332
9332
5164
5166
9332
1330
9223
9383
3300
1188
7680
1080
8375
3015
3920
3626
7744
4489
3746
3728
6223
6291
7396
4356
4438
7282
2975
5831
7180
1573
6309
4967
7784
7782
5120
6660
3649
7519
4862
3814
9891
1099
7685
9985
9387
8997
8092
2268
2598
9598
3645
2635
7105
3625
3481
3136
3181
3081
5625
2116
6042
9238
2269
2964
2916
8649
2248
2274
9126
5400
5629
3681
3362
4608
7355
6024
2736
7600
9230
9200
1780
3618
1296
3498
5776
2025
1296
1849
2898
2897
5679
1371
9155
7364
8928
6200
5330
3330
9334
5338
2160
8640
3667
3697
1372
5488
1402
5608
9205
9245
2346
6900
2800
1008
1334
9334
1156
3721
2709
2727
1156
4356
6424
1606
5017
9097
4450
1602
3669
4479
2351
7991
5563
3563
7334
2330
7744
5329
1770
8271
1975
3871
3223
9173
6758
6785
7942
1782
2837
3865
8424
8053
3712
7018
6787
9887
9471
9491
4641
4221
2332
2330
1296
2304
7744
7569
7334
3332
6332
4334
6325
2277
6743
6423
9334
3334
1024
4489
1849
7396
7218
2213
2379
2389
7074
7830
8214
7350
9278
9714
5000
3698
8401
1413
6840
3933
7749
7770
2809
5476
4754
2759
5054
8064
7336
8332
2720
4250
3201
3200
2286
6350
7338
5330
7632
9632
3726
7774
1455
2067
2953
2973
2370
9480
7806
7805
8892
3952
7330
3332
5290
9610
4096
5329
5144
1286
6668
9854
1330
3338
7521
2247
2268
1792
9576
9572
2950
9304
6566
1206
4792
7474
8448
8172
4704
1176
9199
9139
8330
5338
7581
4725
7225
4489
2336
6330
1750
1850
1025
1016
8022
2472
1796
1799
7744
9801
3323
3195
4050
2738
6713
3425
3018
3098
3721
3600
9336
7336
6042
7061
7890
1899
1681
7744
1681
1156
9699
8409
8879
9018
5400
3750
5106
2718
8712
5832
3703
2023
8336
3266
8450
7442
9330
3336
1330
6336
5728
3222
9971
4779
1682
2888
7162
5124
1089
2809
8020
1072
8025
8027
2695
4455
3564
8624
3136
2304
6338
9336
8214
3750
3381
1725
4847
3887
3042
6962
9912
5872
4608
9248
5338
3330
4704
4404
3528
9522
8639
8332
9894
4897
5577
9537
2336
8332
1444
9604
2601
1156
9120
2280
5918
5666
6208
2635
6676
1386
7082
7058
7824
1956
7041
8220
9888
2472
2330
1338
9604
4356
1232
1296
4225
9801
4703
4704
2704
3364
4334
4330
5939
9534
4695
3673
4900
5776
8964
8003
4857
6675
4742
8612
1225
5476
1762
1492
1832
7328
5736
6346
3173
3979
8347
3791
1344
5376
5680
3079
8912
8811
1240
4960
5995
6978
6744
1686
3409
2481
9765
9925
3400
2176
1541
1543
6561
3471
3071
1081
8788
2548
2586
2676
1728
9408
9171
4455
1849
9801
7744
1369
8005
8065
1332
1330
6192
2752
2560
1000
8978
9248
6889
8836
6241
6561
9248
4802
4373
3361
2209
6241
5292
3888
3718
9702
9216
4624
6084
7744
7638
7538
6033
4033
4166
4169
9409
6889
1572
5091
7744
7396
5218
1546
4250
2720
5472
5885
2673
8675
1681
8649
1199
8173
1515
5599
4286
4568
7744
3481
6912
2352
4160
9360
8026
9696
6219
6269
2021
5040
7825
2817
1676
1469
7383
7707
3234
6600
7337
7117
7128
1782
4600
1656
3334
4332
5256
5254
7126
1654
6027
1107
8185
7105
6276
6076
1156
5184
6736
6746
7744
8100
7396
2601
9322
6631
2108
1978
2312
1922
4330
8730
3332
9334
6294
9554
9310
6840
8448
4752
6015
7005
5577
2673
7569
2704
7655
3569
9520
8587
4831
5164
6757
9295
1771
5376
4900
5476
6781
1939
9971
6947
9228
9266
1683
1183
1210
9000
4543
4651
6663
8229
4394
9386
5929
9801
9579
9270
5133
9072
1850
4736
1652
6978
8454
5835
2914
4310
8670
8070
1156
1369
8226
8583
5654
5291
4141
9586
4032
6300
2476
9904
8841
8140
4840
1690
7987
7287
9180
3287
3901
2955
4338
7712
3025
3721
4973
7973
1764
1600
7396
7744
9297
1033
2402
2982
1753
7483
9338
8332
7744
1936
2704
2916
2704
9604
7801
7306
3025
6561
3078
6422
3334
9334
4400
4430
8464
1089
1590
6171
5095
5690
3021
2965
8567
8563
4471
4893
8410
2890
6442
3042
1563
3593
3860
6460
2724
9724
4332
7336
3700
5328
3626
1184
7760
8740
8715
4316
2054
2854
8000
7220
