2153
3496
1856
8652
3294
7458
8402
2188
3299
4415
7101
8833
1583
5841
1269
8792
1561
357
4389
3493
8420
5527
4699
6850
6150
7513
3409
5028
6975
3782
6238
5270
3819
5908
6212
7226
4278
2893
1665
2780
6292
6850
3218
4739
7040
8650
7551
9412
2522
1969
9647
8781
4545
2333
4957
7605
7488
5018
7112
6482
6148
1283
7918
5705
4408
3588
3803
3691
4531
9501
7509
5578
6481
8624
3185
7682
9435
8472
9380
1229
3094
6027
2217
9818
9926
3155
7782
1550
9220
7308
6176
4168
6440
1992
9579
7818
8554
6005
5811
5804
3987
1414
6683
7848
5011
3886
4248
5578
8625
5853
4342
7645
6416
1438
3054
7368
2899
7468
3270
2256
1319
9576
6373
7861
1071
3036
5330
5457
5563
5563
3153
9249
7409
6356
9491
3925
4834
8023
4751
8550
1557
1709
3993
2093
7130
4683
5957
9358
1510
7835
1362
8599
6296
9323
5295
6292
3388
4106
1698
5066
1394
6116
4629
8382
3496
2695
2119
7990
7282
8913
2430
4372
6014
5788
4102
3315
7085
8712
8190
5314
1300
7092
806
9218
7098
6083
6353
9412
2205
3860
971
102
8092
2927
2462
3815
4776
9598
4209
2062
5095
2618
5199
6730
4415
8397
8735
2319
8188
8733
6198
6950
9410
6235
3734
1691
5484
1033
6200
3574
3747
7092
4698
7683
6580
8048
8165
5915
6552
4515
4871
1407
5524
7622
7314
9601
8463
4051
9856
6430
5884
8917
5626
7260
5216
1682
3428
2134
7051
2739
8529
9315
5796
9664
9714
9319
6776
4079
3992
3001
8419
4087
4955
5721
9123
7062
3813
6150
8812
2067
2100
8000
4864
6471
9855
7621
8587
6941
4122
8499
4385
5700
7553
8367
1492
5943
7886
8887
8061
1283
1969
9132
8150
7319
8504
8891
2829
1389
5895
3327
7386
6988
4591
7188
6640
3913
1754
7254
7185
7669
2357
6388
7223
6197
4205
7043
7075
8783
4060
1377
6946
8636
6093
4112
4644
6192
574
3413
628
9504
7624
2413
5770
9475
9847
7993
4512
6425
3379
693
6389
4803
4899
9239
4669
3811
7647
3732
3835
3133
7159
1948
2689
9947
1544
8114
9588
5973
1663
7721
4982
9640
6886
4804
8955
6058
7854
5101
4310
4224
7636
9491
8166
3040
9304
1948
6875
2760
6470
8872
3549
4776
6163
9615
1606
7009
3835
1461
5294
7275
9671
7172
6177
3651
4729
8519
9205
4033
3468
2231
3656
3433
7114
6436
4171
1675
2555
6335
2353
4970
2944
9945
9065
1165
4279
8339
9780
7734
5299
8882
2209
9409
6009
2967
1399
5869
8621
9508
1917
6539
2880
2655
9728
4883
9960
2478
5008
2450
7034
9638
8612
8617
5320
4855
8456
3488
4582
7022
7052
6499
2803
1917
9306
1004
2254
3718
3218
9880
2223
8147
4503
9117
9464
3074
8195
2211
5750
7351
6204
2541
8108
1370
2537
6550
5937
2998
8691
7443
3629
2912
1471
6881
2966
5380
4083
1338
7291
9904
4739
5057
1093
7255
1955
2607
4494
4141
9493
9797
9004
7190
7823
8219
3881
2684
6848
2347
7366
2008
2506
9232
2945
8882
4994
5063
9490
1241
3546
6406
9750
4740
6737
2051
7217
6815
8597
8687
6917
5915
6803
5633
5262
1075
5327
6354
9886
4271
1863
4874
9365
9422
9518
2109
2241
5621
5805
1902
7153
7270
2555
1565
7170
8892
4812
2370
9794
2562
9513
4626
3382
3754
2035
8220
9254
6970
8814
2083
5939
2067
8319
4543
9136
8983
7063
7449
8375
9906
9610
9144
1543
7565
3579
8364
8712
8200
6124
3084
3956
3478
9811
5997
9692
5722
5208
9083
6392
9060
9726
2544
3333
7122
542
7497
1513
5934
2277
1392
4896
2127
8422
1924
9125
4453
6047
1850
2260
8260
9120
3412
7657
1513
3542
9594
2910
7025
9472
6953
5217
5611
1275
5427
5260
4226
7750
4090
5232
9926
8184
1889
6119
2474
6947
8826
3925
8242
1468
4674
4403
7261
6634
5040
1628
8742
4807
5416
8793
1324
9880
9815
2304
9878
2794
9825
5659
1530
3408
7845
7563
5880
2830
5950
2429
3789
8012
7324
2086
8654
3845
8630
7236
3606
3447
5493
2003
8937
2410
2708
5910
8994
7131
6165
9842
7428
4320
1710
5180
7659
9504
3477
4253
3335
6996
9944
9680
3922
7223
5686
6523
8838
4583
8827
9922
2906
7206
2972
8845
8941
3238
7023
5140
9521
6860
3561
9707
6080
2018
8555
7179
3947
7693
9996
7986
8170
6439
8051
1559
3329
2689
3416
2733
1349
7028
5396
8256
7016
3650
3300
7753
3433
8043
1400
4812
5425
4860
9517
1835
3752
2350
8590
1081
6910
8711
9253
8073
3894
3435
9382
7204
8985
3282
2484
1560
4706
6073
8806
8403
4076
8050
5863
1401
9045
8131
5005
1915
6013
2201
6495
7990
6858
9516
1018
7980
6702
2481
3367
8530
3750
2355
8374
9416
6011
4734
2873
4235
4720
6148
7527
9041
8096
9044
3075
2691
6661
6983
4280
4339
8653
1764
9734
5356
4981
2852
9445
3997
8674
7749
4598
4920
1020
9086
5960
6704
1349
9841
8557
7893
3789
5999
1414
8337
8022
5794
8447
1506
1120
3445
8571
1094
6877
1071
4554
2126
9717
7182
9646
4870
8091
8078
5117
8314
3297
6348
7283
5373
6004
4332
5551
6996
9805
8135
4637
8834
5593
1383
5772
4134
5459
3315
6664
5714
3231
9034
5417
9204
4674
7704
3094
8533
1029
4843
6180
9432
6325
6163
7877
8542
2239
7857
9256
2740
4447
8819
4785
9657
9165
6527
1270
9769
8409
8399
3378
4862
2355
3760
9696
1862
1226
9648
2415
4864
6717
3289
4736
7493
4217
5373
7235
1795
5890
1381
7048
3020
2919
1650
3954
9387
1855
9185
5268
4750
8597
2188
1846
9287
4742
4616
5789
3555
9892
2826
1882
2401
3281
4820
5237
6069
2664
2031
3538
1668
3904
9076
5594
9228
4521
9520
592
1379
8647
9658
1552
8430
7912
2712
2353
1331
2436
9828
4749
1545
3139
8146
610
9750
1864
3525
1862
8967
4673
4251
4041
7940
8446
7911
9262
4178
9914
8345
9491
6584
2108
3778
3010
4037
7900
9730
1645
6751
8066
5901
6000
8492
9684
7594
7401
3984
6714
3741
8351
6968
6872
2245
2831
4566
7107
7037
8905
8817
1111
5879
7922
8982
6984
5197
7615
9166
8565
1479
5227
2031
8466
1736
9684
7806
3708
7392
1561
326
7514
6152
9954
5111
1354
6626
4771
7396
4662
3560
4909
3965
5164
7662
1508
8155
2912
9389
8890
1749
3084
8179
1153
6388
3980
4655
5259
3523
7660
3960
1733
7690
8726
1029
8295
4952
2052
1406
8929
5643
8312
5103
2448
6316
7070
5208
4273
1810
8697
4495
2173
4130
1181
3245
5870
7004
7533
1347
5067
3176
8324
2020
7508
7943
7249
3632
6280
6903
2601
2643
2898
1027
8716
6656
6662
3647
9108
3465
7837
6305
1465
5865
6394
1563
6114
7269
2987
8726
5428
1070
5165
6674
7299
3119
3670
3927
4837
4262
5089
8219
4022
4344
9975
9918
3111
6566
1865
1954
6184
7738
8673
2676
7915
903
1440
3242
3524
2165
5359
4038
2625
2973
3485
7584
8672
9099
4993
5712
7127
5893
5065
1723
8447
7033
4644
2554
2922
1473
1207
3927
9258
6367
3386
3616
3571
5366
7440
4553
2281
8579
3942
8958
8718
6206
2164
4667
1849
530
2640
5610
1192
4092
1545
9277
9941
7845
1298
9095
6443
6782
3704
3603
4709
7417
6755
5482
8885
7482
8964
8350
9647
3501
7523
1533
8382
1609
4317
3401
4595
4707
1912
7381
1542
7877
6003
3185
2645
9778
8167
7613
2719
2609
2784
9318
7120
4352
7526
5994
4560
6542
5513
6663
1840
5584
3146
5752
1407
4498
8914
3497
2003
1926
8645
7819
7102
7876
8541
9469
5799
5117
1126
6649
7053
4827
3091
9621
8896
2307
7448
8055
4201
3635
3630
9814
3023
3852
1588
6521
7694
7517
4097
1555
9861
4500
4533
4084
8641
3492
4417
6717
4232
3143
1532
8190
4833
6825
5300
8636
6039
1925
6752
1350
2945
3065
2090
3667
3247
2556
9673
6824
1480
4435
7128
1707
9858
7289
8782
5547
4712
2450
9539
2031
8517
452
5558
5198
8919
5835
4481
5165
6128
8558
9675
7662
8230
4913
4932
5843
4216
7615
2037
8377
5918
4809
7267
9427
2528
9585
7259
1588
4521
8638
1471
7579
6239
4086
1826
1525
6025
7789
3474
1615
9310
7668
6348
6739
5297
8450
3895
6486
2458
1097
3457
5258
9343
8695
7023
9193
2298
6044
2958
9989
3742
5076
6711
8869
3379
9979
3977
4851
3419
8726
2747
1633
3712
9750
1240
7499
4373
7402
5975
9914
1945
7362
8170
7768
9003
9017
6368
7466
4229
6112
1608
7060
4595
8259
1938
6605
9786
5043
6580
7543
9362
9228
6532
2595
3648
5690
9548
3782
9341
9303
7215
6807
2466
2768
9172
4420
232
1357
7432
5038
9405
4838
1872
8535
2536
9169
6181
2469
9230
9380
7529
9809
2691
7592
6327
2576
6449
5604
3727
1416
4194
5356
9128
3554
3773
4042
9619
9310
8832
7336
1390
3543
9031
7923
3607
4678
8517
8716
2212
8758
6578
9286
5578
3418
5926
8952
1778
3257
5751
3168
5569
2277
9830
9042
3764
5305
1927
4770
7016
3824
2223
1565
2092
2898
8112
1689
8475
7410
5051
6202
8089
6561
5318
3214
9558
9865
3488
4591
5894
8784
5131
4030
7986
2978
4555
8539
9804
1959
8796
6395
148
4848
3750
8420
1161
6066
4259
9451
3596
3592
7965
4283
1161
1578
1008
4248
8664
9969
8966
7571
3156
7481
5976
2854
3882
5977
1217
7364
8850
5653
5194
4588
8589
6742
5235
9177
6745
4711
6350
5419
2108
6699
5604
1754
1487
6161
9606
3549
2647
8970
9200
6021
1936
3096
9487
1441
7502
2447
5354
5727
1195
9373
1834
7671
3685
5152
6617
2819
1144
1301
3487
9216
4098
4266
5786
8322
5653
3264
3958
9290
7058
7535
6193
3587
2597
3276
6894
1730
9867
2379
8386
5706
1513
3640
5085
8979
4761
6880
6576
9555
6076
3299
8644
5577
4239
9481
8049
2084
6360
5380
3957
6989
6142
5891
6882
6427
7849
2221
1984
8588
6759
3080
4032
3427
2084
1907
1079
3128
4072
7509
3610
3755
9220
6206
8379
6908
7645
3809
5721
9540
3696
7199
1893
9059
3524
5905
6318
9757
1731
4963
8180
9610
1446
5105
2962
3715
6221
1484
6698
9969
2837
1340
8887
4295
1427
3899
8547
2856
9408
6407
7035
3803
4811
5540
2513
7111
9409
2188
8697
4334
6178
8381
8092
1817
3741
5808
4249
2974
2790
6685
7859
8614
5921
6235
9129
5593
5937
4017
9894
3123
1348
4744
8197
6659
6643
6769
2389
1002
6325
6346
3839
2857
8409
2641
7105
9914
3668
8275
2267
6154
4060
1016
2906
7549
8773
9000
1940
7111
2598
9498
2471
8227
7540
9584
8591
5314
2008
4478
2226
6061
6749
8682
9595
6994
1778
3414
1036
8773
4029
2348
7057
8446
8272
1609
7599
6451
8305
3744
9926
5702
1240
8287
1464
7688
8844
7053
9726
9845
7274
7458
8252
8231
8574
2520
6778
6979
1366
2898
5859
7460
2012
9423
1841
2277
5951
9241
6617
2210
3320
2262
4997
8211
2098
7627
3462
2428
7294
8042
2954
6813
7165
5012
1963
1405
7779
4514
3516
4106
9977
6094
6723
6766
378
6210
1807
7131
9401
7425
7158
5846
7947
1892
4888
9174
4831
2588
1982
3962
5663
3314
9122
8152
8457
4537
5437
7360
9381
9948
1713
4248
4986
2209
2911
3503
7341
9275
9476
8376
6665
1317
8088
5146
1301
8430
5789
7090
1274
1004
7436
4633
9303
6234
3674
1931
2868
7024
7624
7072
8715
2101
5007
5036
9918
7289
7333
2613
9027
2625
7739
5674
6565
8700
6538
4019
1860
4207
1912
7114
4975
5242
2705
6203
4663
3830
8568
9083
4010
1175
2857
3169
8794
9760
7247
1821
8065
7716
8591
5603
6307
7337
6151
9135
7194
9848
5029
9547
2650
2170
4610
6202
4196
4801
8654
3011
6923
7467
3210
5447
7921
1488
6974
6090
5497
5714
5609
1420
3214
4684
2579
7392
3192
1913
2265
7971
6870
3064
5438
5920
6514
1918
7288
3561
7224
1372
9504
6669
4882
8326
6151
3474
4057
5980
9647
2584
3788
8123
1714
4388
1807
3579
3139
3177
2026
3235
2982
6221
8575
4942
2584
2735
3566
6476
4326
9672
7732
104
2106
1359
7800
4170
6096
8545
6000
6947
9649
5576
8297
6822
6104
6079
1265
8424
3480
7535
7923
4941
9382
4115
2850
9907
2004
3291
9633
7231
6593
5546
6462
2804
2696
4015
1494
3287
8825
3826
2702
7788
8798
1241
9445
1672
1047
3212
6021
1244
9448
2226
8507
5282
5718
4631
6145
2569
1191
3898
1119
1718
7200
3333
6044
5208
6815
6902
7185
6009
6371
9554
9176
6887
6123
1309
8049
7934
6334
6341
1136
3713
5290
4947
1017
6775
4678
1529
4606
1319
1468
7675
1837
1363
5809
8234
5596
1644
6057
5327
8107
6727
9740
5431
4813
5969
4144
1362
7135
7788
6379
4095
5681
4042
4602
1194
6914
5323
9265
1631
5454
6121
2305
8423
5172
6006
5042
1117
7478
8335
8597
9812
1390
8603
6976
1311
5282
3037
5500
3270
8118
7594
3973
4287
8852
9100
6880
1470
7963
3151
1650
9455
2336
1177
3955
8838
2236
3073
1426
5442
1101
3261
915
4086
8704
7919
6229
6434
1993
5579
8963
8214
6340
6588
4253
1817
9330
6108
2085
7217
9854
3127
3270
8757
4935
6550
8154
9102
6204
9467
7883
6741
9742
8158
5436
9105
6088
3240
5402
1746
7496
1304
7790
9632
9228
7140
8547
3700
3854
2115
6474
8004
4163
4831
9014
5728
7780
1464
3299
7076
5592
3482
6964
2578
7480
2629
902
7942
7135
3791
3685
3376
6143
1285
9299
9793
8203
2797
9138
5943
1825
5037
3091
1209
1984
4664
2071
1646
3792
2777
2272
5725
1534
3610
5593
8951
3986
4690
3732
4215
8009
4042
5030
4503
3611
7652
6720
4198
6693
3617
8410
6825
9746
4613
9403
3772
4042
7668
536
922
4638
5947
9737
4263
6997
1987
8774
6094
2822
1064
4809
4857
9622
8237
8904
2302
1829
3268
9685
5931
4254
1011
9287
1644
2922
7075
1812
8140
4136
7745
5400
6764
3821
8793
3690
2295
2588
8002
4196
1543
9079
6685
7470
7158
6880
3465
4771
2374
7899
5201
2115
4444
1438
2764
5501
8063
6966
8748
3176
7550
3841
4129
7443
4214
8094
2248
2705
3266
7544
8848
3482
5402
4019
4882
6249
1351
6554
1182
9919
8719
7890
6795
9401
3201
8002
5188
8380
8306
7444
6582
9518
1408
8471
5725
3170
4358
2536
2880
7823
9093
6585
5036
1855
2858
3009
3566
4952
2643
1160
8107
6735
8434
9146
7007
3911
8824
7248
3528
1594
3587
6207
3141
2264
6397
3539
5366
1187
5643
6738
377
2574
4747
8469
5389
3547
4976
6834
5977
8554
6559
5528
8380
2201
4595
8179
4749
2277
9337
2651
7811
8745
4353
4819
6753
1734
1196
7868
3155
8076
9068
2025
5560
2581
6273
9577
5120
7019
9939
8124
3870
4510
8514
6609
6820
2328
8967
9645
5623
5251
9357
2827
1459
2876
2431
6392
4624
6077
6896
1767
4959
5330
3452
1346
5155
4980
5845
9987
7716
2346
9747
5711
9521
7676
4606
7356
2828
9390
5426
5691
4516
4765
1791
1304
4056
4264
896
9386
4699
7092
3185
6200
8366
9459
5358
8234
1544
3167
5894
6230
5491
8409
3987
1186
4825
2701
3998
6134
3050
1525
1270
3676
2773
4397
2585
9424
9963
2973
5408
5921
4850
4687
6379
8357
5585
5670
1712
5678
3210
4056
5630
8719
9002
8391
9933
3575
7629
4420
1986
7611
3844
9310
6709
237
1660
9647
6818
2397
3981
4807
1054
4638
5600
8839
2613
9213
7698
6118
772
7949
1084
6374
6103
1091
2715
9764
8190
8751
6523
4462
2540
6902
9886
4756
3589
1028
1459
2439
3173
1822
9606
5230
1495
7430
5788
1304
7188
6622
3671
1440
6564
7946
4984
6378
6815
5802
3961
5729
8330
9693
313
8183
7246
6951
2350
5435
4615
9778
5328
3495
7800
9384
6732
1021
6715
2354
5972
1479
5205
3173
5140
1397
4078
5099
3004
3848
7479
1830
8251
9922
3531
4498
1453
7548
1930
5336
6669
7727
8452
8668
2995
6862
1814
8852
9313
9569
4577
1987
9216
4504
1445
3284
4008
9580
2464
9429
8863
1550
6420
3277
5648
3624
4733
4895
3683
2524
3602
7316
6782
9335
3009
5664
5288
6533
8892
6003
2612
4472
9334
5229
8365
3235
7163
3669
3105
9260
5730
1246
4427
2941
1991
3293
3400
9339
9737
4366
7236
4713
6635
9548
5093
5999
4965
5462
6757
2972
4167
3862
3870
4012
6178
7684
2440
8724
9589
7441
6096
2834
8941
9338
2646
6261
9653
5021
2745
1750
3243
2426
1102
6622
2231
7149
7694
3949
4351
2859
7093
1225
7808
8084
5770
7254
5335
7739
7780
7166
8503
2164
3710
2898
5588
3380
3268
5021
4974
5469
2074
3782
3888
4617
2341
3758
2649
4128
7662
3350
3699
8667
5830
5816
1891
9665
5814
4018
4668
2406
1750
1160
6555
2502
905
9897
4214
1001
2708
9740
7304
3626
1456
1538
5180
8013
8186
8666
4089
5142
7378
9588
7320
7480
6902
8407
3977
6420
3430
6002
1632
2212
2709
8211
9322
5918
4793
9076
2897
4313
4547
6061
2036
3892
2327
1298
3347
5933
8330
6531
6259
5003
7590
8422
3379
7596
2671
9373
1356
4756
9188
2734
3657
3515
4945
2497
9179
2239
3268
6608
1405
3617
3387
9530
2525
2730
6119
8993
1436
2408
7543
7428
2745
4817
2584
5436
5037
1233
851
8665
3286
3963
8104
5491
3145
1370
3946
9731
4150
6336
8501
8589
8118
8066
8414
4068
2157
8593
8968
7197
8400
3099
2946
6824
5276
6484
4047
5357
4493
3096
8513
7495
2612
4794
7246
4983
6641
3812
3302
7016
4586
7608
9672
9529
6959
2786
2294
7641
9985
3230
3197
6632
1274
5583
2800
5282
4099
2964
1359
4853
6847
1625
9233
9800
4102
2633
5916
3473
5357
8450
9289
3768
4363
2755
2362
1795
7279
9044
4683
5533
4064
5168
1606
3978
7962
2159
1627
6646
6324
1461
6069
9310
7879
1604
8185
3600
2673
8895
8201
3198
9162
3729
8039
5043
5880
5669
8007
6496
6941
4854
5439
7684
2000
6512
5076
3945
9338
4434
6213
1988
4734
9089
2104
3211
1203
2346
9545
9260
9238
8295
4918
2778
1487
5892
5253
1535
7420
9283
8228
6635
9584
7244
6328
9307
6495
9655
9046
7004
1167
1441
9762
4514
8394
2205
6586
5246
5627
5668
8564
8297
7302
2799
6511
2275
2650
1650
3778
6922
7997
5661
7921
3884
3420
8044
7876
3371
3950
1112
5466
7843
6850
8670
8787
9591
7880
3115
4203
3400
7022
7621
2367
4148
1106
9344
231
9091
6750
9093
6521
9757
4858
5255
9310
8124
1637
2410
7553
2192
9486
4887
7469
8992
9781
3525
7511
9424
6786
8966
2632
2182
7937
6410
8044
4778
5247
6384
4319
4287
4110
9771
8116
4521
2074
5238
2199
8975
4287
3665
4163
1172
5664
3837
4081
7516
2967
7419
5896
5569
3911
6999
4786
1753
3146
4244
2293
8204
8372
7442
1316
8116
7155
4104
9144
4923
9877
2670
8079
3737
7590
9195
8100
5465
7371
6378
9903
7002
4160
1002
9207
4547
8448
2581
3183
3467
3936
6578
9261
3312
8196
6070
1291
8171
4077
2017
2842
1626
2064
4377
6312
8751
6720
2087
7738
8708
4474
2094
2481
1052
3780
5758
6882
3776
3253
3692
3784
1330
9256
5555
8810
9911
8103
7506
8179
5893
5064
9814
5606
2438
2190
7540
8370
4568
2380
8163
5032
3637
7331
4999
9751
4773
5867
4060
4030
7360
2084
7174
4615
5118
5552
4560
6425
6884
8342
9143
4649
3196
8904
2646
3030
4994
6976
5397
6537
6132
9370
3598
7453
3372
1755
6435
4827
4905
9657
3065
3878
2761
4276
6566
6884
5909
8055
1556
9246
5719
7361
8013
2869
2767
1983
6050
4655
5165
9631
7323
8830
8188
2192
4506
6471
2053
2340
4569
7226
9481
2061
3077
3627
4440
9728
7843
1220
3921
8330
8708
1667
5128
4110
4946
6432
4533
5649
6644
3082
8733
9728
2029
6366
6599
3051
4146
4932
9105
8690
4805
4234
8429
4452
1485
8411
3281
5018
5763
5180
4988
1862
9408
9147
2409
7724
8175
5735
4646
6440
8834
3666
6085
3151
3012
7908
4274
8232
3029
4165
1498
9262
8557
4002
3461
3029
6910
5962
2794
1102
5278
5267
6349
4109
5944
2544
8862
5372
9471
3182
1766
5655
7206
2776
4699
5949
4471
2004
7879
9869
6638
1252
8463
7557
5366
2626
3785
6526
2998
2224
3674
8301
2668
8980
5588
2658
2057
9341
8915
2654
1899
9907
9582
1068
2111
3717
9467
1676
2896
4492
1559
1550
3511
8177
2911
3985
7750
1971
1106
2533
8124
6390
1315
1468
9905
7040
6816
6081
7565
702
8382
2970
5544
5190
2299
1592
2454
7117
3162
1587
5950
1640
1562
5357
7995
2163
7106
2486
8901
4116
1663
3642
6678
8987
3548
7707
4491
3753
9769
8313
8888
8211
1084
7321
8197
2501
9480
7691
3531
9488
6552
1989
8351
1377
1925
9637
8816
6183
2656
940
1986
4096
7068
1253
6016
7911
4256
1581
5587
3066
9704
8657
7317
5610
3671
7128
2505
6084
6377
1576
3356
8175
6662
5915
1468
1594
8919
5841
5673
4164
3358
5387
3284
9132
4470
5540
1394
9294
8239
246
6154
6538
2767
7974
3496
2355
9527
5298
4639
6889
7918
4052
2740
9219
3978
9255
8122
4806
7351
1563
7634
168
8671
9043
7218
3777
4457
4585
9283
5524
8106
2441
4170
8745
2838
2165
9550
9623
2794
3895
7209
4197
1891
4925
4616
3517
6115
9046
8308
4062
334
2360
2080
3181
7738
9258
4460
3651
9286
9076
5685
7705
8205
5683
5173
3355
8776
6246
3447
8221
9250
2350
5153
1760
8161
9795
8204
3647
9644
1165
1609
9086
9750
9959
5470
8450
2652
5143
2370
6744
1639
6341
6647
4571
5245
7069
3776
6511
2177
2126
5824
9094
4781
8422
6744
3921
7406
5496
2202
5484
3364
8609
6564
9421
7316
1557
3893
4984
6320
8011
2369
6175
4707
1643
3582
4623
7351
6705
5994
3169
7469
1562
9330
2953
7438
7822
5895
1284
6543
2026
4922
7719
1535
7685
1207
1019
4025
5482
476
1760
6243
7396
1575
2230
3629
3364
8240
5863
6227
7882
5735
5276
8351
8748
2928
6878
6443
3567
4754
6697
7183
2119
1940
1714
1642
1677
1740
6828
1899
7287
3320
9084
1454
8332
2284
5256
2053
1746
5692
9935
4804
8842
2220
7534
2983
4510
7379
4485
6264
1521
6045
2769
5853
5659
3905
5445
6776
3511
5645
4736
3898
1535
8120
7157
9362
7504
8582
1670
4980
9701
1738
1479
3567
4209
9043
1505
8687
9758
5042
4162
7776
9552
5285
3927
5443
4784
8406
4383
1502
2504
8167
2310
3712
9254
2804
5619
2197
1625
5429
5995
3413
9689
6102
3011
2317
4317
7006
9900
5268
5398
8543
8791
3246
7537
9879
7537
9938
7516
6149
7530
6645
6440
5544
9864
8711
3117
1158
9114
8209
2130
2603
4426
3164
1983
5854
3844
9410
6560
6263
5547
9848
1317
4889
3964
5140
7875
1806
3434
6140
4359
6275
5033
4318
8105
1549
2931
3109
2181
2703
7705
3963
4520
4444
3507
6999
5354
1972
6581
2056
4777
8903
6350
2865
6810
5459
8790
4693
7878
5668
8848
7126
4713
8631
7401
6335
8706
8191
3637
7611
9505
8538
5885
1016
5497
1842
7881
4689
3433
6488
2801
5113
5648
5007
9682
6839
1015
1923
6175
3506
4422
4508
3103
4121
4854
7497
9375
8030
9995
5320
9473
8618
9431
9861
7900
9637
4891
3485
2729
5403
6770
4213
3922
7076
7902
4382
8788
5359
6687
9646
8464
2596
2989
4361
7404
1875
7881
7158
3911
2731
5935
1298
6962
8047
5306
8238
4261
3752
8402
1800
6774
6455
1423
4594
1566
7704
1018
2067
1367
1346
2354
5924
7251
6733
8098
1689
5652
6411
2820
3975
5735
1050
7066
1135
2475
3836
4184
2692
3773
1344
1791
8693
7647
1095
1199
6752
6835
5270
2852
6739
5841
5802
9488
7326
2823
8618
1056
6096
1721
8473
5707
8977
3600
9070
2604
8383
3142
7798
8068
3522
1393
2529
2997
4405
9923
7149
5392
4951
8730
5158
5008
2500
8890
7617
6633
6082
2827
6090
6750
3087
9728
2500
7081
7093
5537
9085
2804
1413
5679
1225
5230
7936
2758
5514
4077
7577
9554
4854
2710
6658
3141
5823
1361
5212
6546
7721
1599
6183
8102
6345
3607
2818
1043
4039
2876
3941
7866
3145
7427
5561
3344
1350
4805
1097
3855
2358
6699
2482
3437
7566
4695
7787
5247
3466
7016
9723
1134
2664
1100
1617
9476
8632
3001
9061
1338
8153
3272
5177
3619
9771
2101
5400
3550
2653
9559
8915
7683
5440
4296
9896
7382
3690
7820
5061
6303
3876
5810
1731
7380
3364
5966
8445
1508
4955
8663
2833
8996
4970
6042
7499
5428
9259
6184
1352
4475
3974
4850
9127
3348
2751
3639
3421
8990
9342
6548
2070
8527
6618
3004
4517
8582
4742
3977
7848
7262
5451
6005
9045
216
8199
6579
8727
4865
2975
9899
4708
1116
3826
9165
9480
2375
9836
5155
8788
5345
5087
1458
2612
6043
9287
7627
3211
3283
1979
6753
1984
6318
7968
4318
8486
1070
1988
6649
4225
1181
4136
5777
6364
1881
9378
5226
8106
3972
8481
7308
2471
3198
5778
8321
4267
7921
5652
8384
5878
7782
8641
2760
5441
2803
9341
6642
1081
7035
5965
7915
5011
9266
5383
6875
1374
1404
6133
3959
7078
5324
7093
4684
1200
6142
8731
6865
2750
7103
8272
8422
7213
1526
2275
8584
4305
9357
5163
2322
3804
6072
8373
4648
4075
9186
8506
1703
7562
9671
8576
4694
9959
8295
4135
9930
1777
4077
9186
3593
3015
5920
3396
6461
4619
4096
6775
3051
1663
6406
7220
6871
6316
6043
9377
9263
7254
3080
4686
7382
3198
3059
2751
6527
6100
9827
9841
4842
9300
1753
1464
7247
6767
7921
5667
8926
2359
6696
1222
8794
9718
8444
7797
8391
8376
4714
6797
2951
2830
2380
1072
6013
1391
1735
1285
5854
9594
5687
8937
5764
7408
7124
9584
2909
3270
6937
2648
4828
9271
8593
1596
8491
7800
7992
1983
5668
9873
7360
3828
7525
5868
7644
9853
5932
1325
4035
4751
2308
9940
8313
3141
2716
8170
8769
5422
9195
5023
7146
2682
6327
5622
2874
6383
7635
6988
3861
3559
5631
2716
8126
7123
7731
6144
9371
1641
9294
9055
1593
7601
2958
7894
5239
2430
5535
2886
1836
1086
2442
4505
9736
5081
4812
7764
9418
4112
1112
5000
4276
7782
6585
1679
230
1944
5671
8110
9006
8778
3114
7513
4983
6273
3691
5817
9293
7429
6233
6293
2916
3577
7190
3105
4941
9855
5067
6196
7297
4667
7484
6811
1975
5395
6843
4146
2745
9943
5706
9511
8693
4594
2734
7831
1697
3919
2419
5172
5048
7946
1651
7359
3121
3215
5224
9348
8549
2306
9517
9132
7772
6534
5995
6196
8519
3247
4352
1367
4349
6123
7582
9338
2882
6731
2462
1257
9972
3704
1516
2880
8805
3969
7740
6108
1171
5096
1556
3862
3239
4700
2303
5406
1272
1374
1486
1974
1028
7685
7435
6597
5003
4816
9214
5772
6756
8925
8514
6885
9038
8939
9510
4768
7273
9787
1185
8519
7511
2216
8148
4270
888
4117
2487
2809
1542
4874
1355
5626
8651
8023
1681
2719
4820
6012
8137
4680
1704
1012
5280
9806
7952
6517
3131
4416
5765
1632
8801
2844
9263
2451
5755
3787
8137
4752
9115
5265
5479
1183
5287
7390
7299
9855
4832
6976
8047
5943
5631
7955
6429
8219
9568
5680
3898
1436
9296
9011
2715
7660
8666
4955
5527
2312
8206
8004
4460
6699
9219
6106
6168
6311
4948
7595
8310
1545
3942
7770
5020
7059
9781
7749
6958
5190
9326
7910
7217
6373
5696
1353
7829
9386
1580
1773
7322
2385
3735
3819
5578
4827
1162
9504
8539
7362
1752
9287
9251
1298
6860
9771
9774
8586
4999
5890
8122
9700
4135
7164
9193
3087
8934
8890
4468
9274
8117
1081
3906
1021
8637
9012
1556
3052
1952
9782
3863
2755
6152
7553
5598
7567
4254
3117
4301
4150
6724
6472
1243
8681
3258
1156
3674
2704
3907
4110
5934
7147
4999
6113
8806
9216
4955
7753
7751
4832
1410
4333
5465
8004
5348
961
4137
9108
3762
8568
8623
9746
3455
7317
6160
5038
3224
1626
2173
6968
3864
4042
6032
7293
6595
6161
7111
3913
9177
9271
7037
3364
6467
1851
2026
7105
2830
2132
9783
9935
2553
7094
7542
1978
8922
8749
4564
7243
6716
2062
4860
5446
5490
3917
6444
9152
2504
5753
4533
9555
5069
7624
5874
7828
2929
4105
5686
3897
9134
5449
7207
3921
6095
4784
5735
1595
8868
4713
9553
7427
3145
8370
4022
8993
6784
6570
9675
4285
6456
2318
9579
6258
5536
5093
8332
7252
4068
4674
9135
8917
5772
3844
7768
4066
5256
8601
8304
7984
8940
1023
3572
6771
5218
5888
4445
4268
9610
8506
6645
1623
1024
3312
8702
8403
7803
3797
2134
8966
4399
5911
1946
9510
5362
7805
4904
3917
5048
7249
1867
9777
1554
8279
1263
8672
6694
6574
8023
2411
6144
5324
3479
8484
2161
7107
5139
2904
2932
8075
6151
5082
3733
5513
7874
2320
1868
1437
8988
1185
2506
4200
6699
6697
8768
8635
1077
6930
6368
3332
8973
2338
8173
4256
7715
2161
7160
6009
3605
7628
3627
1320
7004
5280
5519
5966
6464
7160
1844
7009
8319
3901
2308
6898
5654
3901
1796
9214
1638
7713
8853
3129
9901
3378
9230
1733
2673
9259
3907
4672
7192
4164
5633
8195
9709
4664
6625
5932
1431
9062
2999
4302
1560
7766
5409
6433
9308
5811
6959
1976
5253
2393
2989
5607
3567
4990
4458
7134
1100
9453
6194
1207
5296
2531
7904
9539
7828
4609
8014
2894
9245
6606
3629
1284
3464
6404
6999
3207
4553
1315
6060
4146
6874
6218
2180
4979
1812
3921
5275
7931
7939
3236
2258
4445
3980
6768
8740
6910
2038
9335
1332
6018
1955
2655
7999
7841
3846
3107
9905
3927
1929
2980
5216
9879
6914
4675
5737
4398
5379
5806
4175
9574
7281
1449
5296
5785
3539
8233
7004
5178
6783
5130
9342
6612
1504
9181
6065
9200
5219
1027
1459
2711
9414
1275
8161
7062
7248
7453
6006
953
7714
9298
7022
3026
2442
4318
3839
8039
4336
5620
4240
7502
2372
3328
9910
5473
5801
2791
2614
6080
6050
7908
3861
8850
5512
3200
4518
2430
8316
7234
9388
6538
9155
9737
1638
6764
8296
4523
6931
1822
5920
3719
6129
4805
3252
3272
1616
3367
8918
2608
5377
8393
5675
6582
5021
7388
2605
1148
9424
4390
3764
2881
4173
4740
4576
4236
8675
3968
3134
9983
2013
6756
9364
8736
3978
1752
2423
5409
4033
1600
9421
1141
1286
1014
1054
7261
2287
9562
1202
9481
9482
4924
1569
7144
3300
7040
1799
8880
4982
4751
8585
4112
3833
7637
4307
2015
7490
1698
1454
5511
8543
1297
6436
2925
5724
8219
3843
9098
7101
6717
8340
5662
1630
6962
5886
7324
9707
6835
4176
6084
9555
9981
3382
3644
1601
8265
8799
3922
1190
5189
5670
6572
8782
4983
4475
7556
2832
4077
6569
7308
5241
7710
6513
5727
1267
9696
3530
4612
3900
4793
6379
9837
6076
9845
4565
6754
1966
8815
4553
5431
7744
4060
1966
9104
8120
6527
9725
3012
5998
2138
3037
6860
5549
4162
6788
7537
5893
5450
1619
5636
6447
6476
1592
5750
1364
9720
7664
4779
3286
4952
2107
8671
9799
2358
5311
9805
1934
1151
7885
6991
1603
4983
5951
3086
9633
9842
1075
2392
2855
4857
8563
1893
5522
4566
1707
5968
1936
8331
1067
6980
1565
9041
3697
6574
8637
5095
6741
1176
7084
7803
9849
3445
8260
6115
3203
9903
4542
6641
6192
1083
6703
9487
5567
1539
4793
7876
6958
1126
7313
2549
5423
3944
4639
4826
7015
1806
5114
3509
7967
2277
4550
7144
6276
8231
3077
7443
1108
3367
1618
7353
5151
6346
9889
3460
1488
8173
6083
4007
9669
8311
1593
2927
3047
3206
8778
5995
2799
3220
8781
3106
5145
9978
4729
1261
7502
5126
7502
4127
3193
6777
9873
1455
8873
584
2894
9245
5144
9670
1886
8871
6299
9580
2073
1906
9068
259
4891
7161
6437
9657
3594
1483
2970
1735
3911
9379
9408
9318
3903
4752
5203
1519
3977
9317
8257
2800
5678
3731
6707
7038
2496
7444
5988
4196
5277
8263
4976
6646
473
7339
5256
4272
6244
3655
7777
8663
8090
6135
7351
4054
7715
3175
6070
1469
3685
8804
9296
4302
5392
7094
1590
7662
2613
9326
3481
2887
6564
5348
2089
9895
4271
8888
2806
7206
1185
3699
7665
1960
5641
7348
2211
2841
6529
2318
2673
1977
8253
2729
5420
3789
2866
9572
8349
2391
9351
2929
4339
4992
7265
1878
9376
2121
9685
9480
3450
8341
8820
1714
7929
7460
1247
4580
6607
9198
1223
5192
8987
4752
5055
7227
9842
7580
1722
5960
3981
7638
2868
8365
6860
3334
6583
5008
4239
5523
7028
3772
4920
4863
4565
6188
8358
9878
7206
8279
5016
4567
1404
3649
4913
1108
1968
1973
1415
5001
2515
3008
6675
8942
6365
8535
1766
5136
4020
9844
8690
7221
8591
5932
4517
5174
5937
6420
4632
8191
8698
6459
7546
6645
8250
6598
1346
1345
8764
1798
4279
8514
2772
1654
1672
8363
2191
9182
6845
4521
2963
7230
2031
4499
9757
7160
8668
3768
3858
1930
8783
2325
2981
6484
6543
6353
4593
5219
2935
7830
7027
7143
3071
7473
9811
1753
3539
9496
5916
5538
4170
7032
4073
2402
8602
2857
1030
4459
4157
9989
9545
2475
2977
4743
4353
702
2265
6072
2337
1885
3973
8335
9835
4878
6747
3564
1742
4348
9767
6909
4448
6494
6289
6718
8258
8273
5807
6871
2605
6837
6535
2903
1532
4774
3762
4187
7406
3092
3868
2893
2341
5426
4753
7175
7650
8485
9976
8016
9184
7226
1098
8429
8571
7986
2934
6448
7462
7424
6322
5608
2635
4130
9882
4585
5430
9881
4949
1600
3646
9486
5637
7068
2113
9117
3283
3265
1548
6573
7169
9914
1486
7090
3364
9837
4937
3385
5328
8683
3730
5565
7718
2091
9209
4941
6048
5114
4645
1196
7664
4333
5904
5441
9897
1933
3921
9613
2706
3384
2720
8258
7046
2537
6528
5548
4720
3966
7569
9678
3910
7366
3648
1644
9529
7755
2421
9600
1420
4780
4374
8157
7866
8978
6232
8779
9548
4245
8196
4855
1411
9422
1513
1714
8203
8766
9512
3530
7340
5553
8054
8076
9396
6871
6812
6295
4805
5921
7682
1591
7928
7760
8819
3540
5219
1740
3677
7240
6610
3587
3212
7183
2666
1109
9225
5135
3300
3121
5822
9552
1080
7841
5366
9882
2013
5326
3322
4125
7044
7164
1371
6542
8218
2697
3349
6154
9686
6928
8446
3229
3398
4788
1576
3682
1757
7689
8024
4976
9446
3917
5777
4561
2673
6732
4744
6950
1738
6416
8865
3247
7013
6915
2654
6004
3840
7802
2546
7515
4996
2388
9287
7356
5661
9941
1634
2988
7573
6651
1707
3553
6263
9071
5735
3958
5401
9232
4711
2569
3177
6642
905
5859
3635
5805
8154
1644
7100
2264
3286
3252
6089
9446
5965
1649
9165
8444
3559
7154
7480
6948
8620
7069
1428
7220
5035
7609
2058
3523
2277
5859
1761
9080
3744
8026
6442
8226
2346
5349
3843
2910
4102
6006
8246
6864
4812
528
5679
2843
3022
8494
8141
1538
2607
1127
8910
9606
3711
8087
1124
1304
3171
9270
3819
9908
7946
3149
1544
7824
9971
6483
7154
1309
3415
8334
1087
3272
9490
1863
3291
1119
4415
6053
7345
7600
7478
1007
8837
6945
8094
7702
6875
8775
1140
6766
1800
3813
7746
6498
7394
1350
1156
9381
7647
2716
1076
9269
2281
6559
4297
6120
9143
9666
1777
1511
7152
1149
9060
3876
1224
7310
8156
3880
8380
9979
6243
2973
7341
3324
448
9500
9556
5496
5602
4750
4503
3270
1118
8436
9841
3451
6243
2449
3654
3104
7317
5149
1369
7843
4134
1114
5232
6654
9331
4293
2310
7837
7600
4442
4180
4791
9727
1932
8121
4180
2674
2554
7612
1355
4618
3120
3717
4960
5108
5024
2516
9736
7826
1886
9562
7467
6813
5844
3721
9980
3831
5265
8669
1232
7431
5024
6660
4466
5898
4470
2480
5208
8219
6778
9131
6879
1399
5245
7439
4388
3803
9795
1646
6651
7788
3201
3057
1008
1203
8027
7823
9524
1694
3706
5538
1012
4025
9722
8943
1378
3421
3141
4213
8001
9382
3064
3484
6674
3846
4802
3946
6104
1421
7797
3443
7410
5070
8647
5548
9123
2268
7183
3591
6640
8085
8119
6487
7606
2892
5927
4796
3512
4179
6711
9778
2661
1476
4787
4392
2355
9216
9127
4748
9979
6765
4359
9916
6861
1004
4014
4447
9018
4083
1730
2364
2775
135
7564
4595
8914
4103
8974
6290
6998
3008
9563
4685
5805
8835
4274
1023
2568
4602
2046
3429
4234
4487
5307
9221
8726
7504
3611
6465
7202
5134
6235
9748
8025
8169
6601
3510
6381
1376
6430
2259
6522
2595
1801
8813
8184
8024
4450
2083
5905
2354
2014
2604
4093
4870
8376
7912
4186
8622
1434
4550
3653
2984
3141
9926
6194
6380
4330
2204
4988
8159
6558
7650
6078
6161
9093
7632
7549
5969
6093
3247
3194
2326
8928
2665
2872
6172
3424
3732
8466
4523
1891
8210
6302
9378
9261
9483
4448
6569
5958
8410
2104
3749
8234
3699
8765
3383
8217
1642
2686
9506
8390
4770
620
6412
9687
1352
6307
4154
2253
5662
1937
2867
3632
3209
6194
2580
1380
648
9892
4283
5108
1796
4913
4968
9327
5059
9384
3088
7514
1648
8433
5407
6827
7150
4444
4419
5135
4203
8373
9743
3820
9045
1703
8468
4605
4703
6697
4247
4645
3769
4062
7954
8317
9616
1502
2998
4408
9525
1367
6773
6438
2732
9424
3312
4070
282
640
7755
2636
4312
3161
2785
2106
6033
3801
2487
6533
4907
2751
4194
8964
4282
4441
5788
9469
6234
6336
9897
2982
6158
9960
6831
1188
5820
7307
6675
7357
6968
7058
8173
1107
6578
2057
4272
8455
9006
6565
7315
6013
7138
5235
5190
3842
4846
3893
7777
4309
4630
8433
3266
6913
772
6141
8400
8925
5240
1833
3240
6090
6246
3187
5187
5128
3342
3504
5066
4321
4318
2330
7687
1432
3170
3594
9240
7211
5496
6599
2322
2794
1606
6423
1310
2108
8798
8422
9427
1245
5667
4180
5591
7505
7648
8548
1995
3336
390
1544
8680
7255
5257
6511
5557
9177
5399
5399
8340
6452
6608
6272
4551
4156
6720
6146
6621
5965
5608
6443
6984
2326
8616
7424
9213
2981
9628
6425
1253
3198
7689
1399
7583
5021
7636
7723
1211
1138
9040
8157
5952
3464
3250
4633
3646
5382
8997
3980
7667
7158
1781
1022
8342
5495
9687
2592
4829
6593
1557
3149
9939
7149
7863
2817
4176
2943
3034
8119
4859
7738
7367
3454
1945
7907
3972
1297
9306
7982
6081
8320
6985
4347
1181
6561
8560
4157
8244
8881
7675
6832
7887
4865
8554
5601
4814
8360
1187
3027
3987
8894
2113
4655
5962
8447
6150
8706
1671
3483
6738
9084
7286
4246
4241
2949
4603
2410
9919
7737
7752
3334
6500
8633
9521
3736
1418
4358
8930
3179
5769
6295
3453
8540
5472
685
7247
7604
3485
1127
3540
2034
2562
1893
1197
4925
1286
9768
4889
7773
8414
9673
9049
7843
3240
2513
7278
8249
4757
9655
5207
3192
4779
4797
3601
9848
3128
5515
7064
3749
6048
6942
4376
5420
2669
2887
7155
1691
6802
8339
6520
9931
4806
4897
7934
3597
4911
4160
4249
6909
7673
2667
1448
6650
6806
4636
1214
5300
4641
2960
8367
6167
9293
1804
5088
7401
5523
3796
9841
4175
4046
7059
5753
5336
4352
4817
2024
1787
5923
2879
7084
7005
2982
5483
1841
3932
7540
1856
4344
2650
5302
5381
3404
8834
5884
2405
9188
6473
4157
7617
4170
7946
9715
9491
7910
9204
4976
8195
3467
7914
6202
7227
5645
371
4785
2983
7515
5608
9803
4163
1044
4924
9728
9313
4779
4764
6751
4355
3539
7978
4345
1159
3463
1192
2400
5324
940
6388
6603
2202
6373
1587
4507
4478
3483
3362
2123
4556
3991
5247
7815
4353
3181
7882
8800
1987
6023
4489
5657
4309
4142
4866
5628
9870
1052
9059
1760
7885
5197
1675
7989
7823
5678
5944
6221
9270
4818
3751
8203
4128
8062
1999
6192
9529
2943
6004
3200
5972
7000
3157
7908
8201
4341
9801
9622
9832
4683
4167
3183
5973
4796
2286
6441
3388
1859
8310
8997
4293
6154
9351
5349
8599
2468
7654
9481
8397
7447
2292
2331
3023
3727
2449
7207
5153
8353
5894
7033
5398
1407
4503
3417
3160
6605
5724
3499
3653
7203
1142
3923
2832
2747
8122
4257
6570
4812
3904
7171
2407
5046
7223
8110
6453
9570
8305
7349
7469
2460
6509
7892
3093
7397
7151
1313
6459
8853
2241
7798
7086
5085
4621
5144
3962
5105
7707
4262
8123
3677
5927
1098
2316
3846
6957
2881
4632
5461
5353
3040
1509
3795
1069
8809
5441
1517
1071
4969
5701
5562
2454
4614
5435
8069
6500
2617
4239
2577
7137
2959
5295
7309
1839
3782
2293
5251
6907
8189
8763
5696
4332
4692
1240
4332
1737
3990
9958
3763
8404
7151
5429
9430
1120
8825
3943
1828
8832
1579
7078
7149
4327
8000
5063
9121
4308
9797
3568
5440
3907
3976
4580
8017
2708
8826
6263
5102
8682
6792
5673
9198
9155
1742
5601
3082
3432
4937
9911
5094
3619
1110
3428
4619
9247
6646
8966
6573
5524
4449
3165
9147
4040
3341
7250
6024
9262
4909
5885
4257
5664
8988
2117
8512
9649
2973
8339
1096
4800
1697
1363
3998
4928
8256
9741
4154
6307
6089
2037
4494
8055
3975
5144
3185
2417
7302
8471
7830
4309
7285
8643
8606
6143
5759
6727
9839
3615
1198
8097
2441
4602
4275
8936
4748
2376
2844
5852
7147
6454
1861
3854
6841
4602
5036
6129
3520
4827
1192
7035
3174
5316
5893
2243
6779
2281
4849
4454
1460
4382
9324
2329
7353
4233
3842
2860
1759
2003
2945
5156
1133
5850
6434
1428
4164
2537
8966
1396
6104
8223
6916
9412
8722
1937
4682
8068
2006
1319
9639
4787
6767
7110
1267
6594
2096
3836
1037
9370
2557
9347
8834
2365
6057
7725
2316
2315
1112
3345
5844
4524
3766
7742
7590
9686
1051
6912
9038
3654
5245
1085
5503
9362
2231
6798
7179
2264
8942
2372
3583
4509
9010
2941
4455
7876
5984
3172
9590
2517
4717
4087
9632
8420
1229
5990
8559
3451
2844
1922
6596
7012
9825
9315
8072
9908
7093
1571
1537
6852
1816
9295
6594
3921
8955
9780
8535
7870
4838
1415
3575
4312
1296
8057
7568
6200
9282
8112
3702
4361
3231
6428
9828
8055
3914
6902
9398
6614
8141
3545
4175
9928
2161
6939
5520
7889
4761
5661
2348
4051
2430
3668
3515
5821
7618
7859
5857
4620
1909
6037
5048
4337
6521
7017
4291
2484
8148
1235
4356
9839
7777
9498
7119
8561
1929
2804
7199
3226
6636
9135
8106
2620
1362
9564
5236
9527
6302
5277
8344
7340
8667
4499
9943
5207
9593
8419
8053
7934
6057
2775
9753
8824
5733
2837
2351
2617
9060
6009
6121
6731
5703
8052
6837
8665
9738
3202
4255
9511
3424
3686
8463
7454
5673
1471
3365
6574
5124
5284
4815
2947
6408
2493
2500
6694
2664
1502
1778
1142
8892
5532
3007
1428
3525
3146
9036
8886
5632
2397
6085
8988
3377
1104
8847
2565
1099
4440
6950
9068
2416
9913
1518
4086
8405
3638
2526
5056
1131
7866
8093
2672
6618
1006
1976
2128
889
3228
5760
1334
2175
6251
8098
6438
3104
3117
9562
5287
8929
5825
8824
5337
1749
6630
5467
1044
9572
1319
1630
7050
2161
8018
1217
4476
8232
5050
1825
1785
4125
8957
3261
6514
3116
9299
2783
1529
2660
4895
5637
3107
2910
4739
8189
6442
8256
2991
4673
8543
2218
7145
7556
6245
6604
2648
2503
3838
7304
9849
5325
7650
8719
8967
8506
2935
6823
9739
2083
6413
9989
5294
3459
3912
2827
3264
3448
7479
1674
8243
3408
7666
3456
7144
8132
8611
5656
8202
7448
6738
7264
7243
5602
3532
9671
8014
7415
4099
7103
6214
1975
2280
3880
3533
1259
2852
2386
2689
1754
9338
2786
7295
8118
4064
2435
9657
2759
1443
9789
2858
1723
6286
1007
7776
4828
3999
7388
4841
1561
9011
5688
8162
3312
8346
2154
8687
3370
6405
499
9107
8623
3125
5618
9244
4419
7260
1900
7295
9214
1317
1744
7242
9422
7283
9818
6335
4407
2218
5055
6754
6293
4871
9115
2380
9253
2321
2152
6026
8779
9987
1084
4090
5767
4857
6300
9793
9071
4521
4837
1805
9726
3065
8823
2732
2515
4622
7520
2737
5146
2682
1020
1543
7816
9195
1631
6092
4137
8568
5271
1751
3682
2902
8345
3152
4252
3944
1653
5657
8697
1978
1610
9878
2179
2964
8144
4319
1397
3785
7480
8153
5796
9922
1469
8971
5120
2188
9832
3587
7105
1692
9115
3740
5245
9228
8498
8933
3830
3587
9172
5164
7109
2758
7138
8761
6678
5659
9285
4860
6886
4492
3428
5984
4948
8751
2215
6535
1871
7339
4563
4361
3235
1104
5679
3329
3782
2299
7631
4897
2332
5730
1004
1853
4505
4114
4258
4425
8961
7850
3397
5361
6084
7180
4867
1808
8827
4551
1471
4402
6561
5346
4804
4826
3159
6556
9853
1045
8150
9060
7707
9367
3450
3538
4350
7861
6857
9765
5651
7939
5663
2804
5405
9060
5714
1711
6621
8397
6770
1503
6370
2768
6722
1769
6558
3969
8704
3009
9183
9156
1995
7208
6312
9162
6392
5626
3504
1488
9899
1048
7669
2619
1743
8569
3351
4014
1456
9984
1040
9941
9660
1493
2675
6099
3406
7982
7186
9590
2836
4309
3281
3824
9506
3519
9313
6674
9620
9461
6469
1518
9244
6237
5910
1794
2180
3573
4227
2444
5220
1051
7247
4700
8423
6066
8908
2082
4686
6731
5153
8540
6024
9442
2686
9154
7507
2886
5954
7422
570
8933
3742
7202
4988
1111
2789
2392
7436
1380
1703
8179
5977
6210
7191
2789
4114
2882
7539
884
5417
8630
5281
4453
9362
8603
6868
9521
2485
6621
3302
1428
7679
2152
6554
4276
4233
9025
1667
2894
8573
7393
8075
6598
3470
2767
4872
5719
6582
2381
2961
4178
5738
1114
6461
8508
5510
6460
8251
1847
7933
3876
6650
4427
1363
5872
3516
8487
7072
8408
3669
2498
4017
6833
8243
3400
4378
4785
7289
9141
7902
6687
8358
9322
5618
1873
9603
2171
4062
7690
5373
5375
4309
7867
5255
646
5138
8695
9988
1014
4022
3022
4149
5203
5138
2688
8663
1452
2386
9116
6243
8052
3123
8541
4239
5901
8736
2009
1140
8633
9240
9243
4018
5553
1467
4696
2320
7656
6007
5847
6919
4619
6200
7261
7138
8489
6599
9217
5279
3752
1119
5118
2026
2312
7560
8994
1940
6557
3954
3471
1365
2416
1781
6477
2366
3126
7909
7484
5703
8194
8305
7936
3239
2862
9834
2547
6767
8498
2974
8279
7801
9209
9372
5810
5000
4287
6905
2825
9276
4262
9590
2524
5082
1007
7477
7542
2374
5169
3228
1120
5900
1809
6515
4136
1258
7484
9384
2154
2320
8039
6679
2245
7168
5124
1663
6065
7415
7421
2367
8464
8679
1113
8307
6966
6840
6534
7881
8294
4369
421
3061
9162
1190
9917
6829
6822
1278
6932
8244
4435
5139
5115
4833
9589
5621
4877
5984
9001
2490
5505
3732
2855
1556
6142
9404
2274
5239
3006
8048
9287
4889
9653
4628
7122
3034
2957
2081
7368
2389
9749
5286
8107
3104
9465
7686
4164
8057
7022
9864
9781
4815
4274
9083
1985
1554
2458
8262
4712
1540
1123
2623
1231
4368
3874
1338
2983
7445
3931
9271
4610
2089
4244
3375
6730
5750
7659
2239
8322
8317
6638
4330
8610
5339
7386
7810
2457
9479
4753
6909
9984
4908
6212
8548
8062
6838
7530
6459
8235
2239
6097
8565
9799
9534
7364
5485
3028
7894
8817
4561
3952
1094
3349
7444
4743
3929
6526
5266
1944
9487
1114
9677
5970
4828
9352
5733
4289
8242
5901
8127
5765
4550
6392
5138
1578
8898
3856
9421
6660
6418
2073
7121
